427,238,81.7642,104.476,290.717,134.002,129.46,163.528,297.531,397.465,283.903,245.292,252.106
428,239,136.274,304.344,281.632,238.479,174.884,199.868,236.208,158.986,156.715,261.191,243.021
428,240,81.7642,174.884,231.665,99.934,127.189,68.1368,174.884,188.512,354.311,317.972,202.139
428,241,84.0354,115.833,231.665,120.375,95.3915,145.359,183.969,402.007,449.703,438.347,333.87
428,242,45.4245,143.087,195.325,97.6627,118.104,147.63,261.191,426.991,358.854,395.193,329.328
429,247,90.8491,109.019,283.903,111.29,199.868,111.29,113.561,252.106,447.432,197.597,263.462
429,248,63.5943,177.156,190.783,188.512,227.123,104.476,152.172,504.212,1074.29,565.535,556.451
429,249,40.8821,156.715,252.106,61.3231,170.342,124.917,120.375,451.974,1287.79,1135.61,1006.15
429,250,47.6958,208.953,181.698,172.613,115.833,168.071,134.002,322.514,724.521,1092.46,1144.7
430,238,120.375,145.359,252.106,138.545,106.748,93.1203,195.325,206.682,204.41,281.632,186.241
430,240,186.241,342.955,322.514,329.328,263.462,231.665,156.715,199.868,665.469,490.585,729.064
430,241,188.512,333.87,490.585,320.243,304.344,290.717,254.377,358.854,1099.27,715.436,906.219
430,242,143.087,320.243,342.955,240.75,181.698,243.021,129.46,420.177,1476.3,919.847,1124.26
430,243,118.104,181.698,238.479,208.953,147.63,208.953,161.257,583.705,1437.69,863.066,1196.94
430,244,127.189,190.783,238.479,263.462,181.698,138.545,152.172,361.125,749.505,563.264,813.099
430,246,115.833,134.002,449.703,181.698,193.054,136.274,190.783,247.564,458.788,365.667,447.432
430,247,106.748,136.274,256.649,220.309,340.684,188.512,399.736,467.873,656.384,254.377,529.196
430,248,77.2217,149.901,313.429,277.09,690.453,454.245,706.351,1271.89,1022.05,704.08,1060.66
430,249,208.953,136.274,399.736,158.986,631.401,431.533,620.045,1555.79,1210.56,1290.06,1342.29
430,250,93.1203,331.599,356.583,238.479,406.55,390.651,381.566,1067.48,1081.1,1165.14,1146.97
430,251,188.512,329.328,406.55,227.123,245.292,240.75,254.377,490.585,651.842,1040.22,894.863
431,239,129.46,199.868,243.021,317.972,513.297,231.665,329.328,542.823,595.061,379.295,399.736
431,240,252.106,188.512,438.347,317.972,433.804,270.276,440.618,865.337,620.045,794.929,626.859
431,241,263.462,243.021,440.618,522.382,1199.21,524.653,665.469,985.712,529.196,547.366,524.653
431,242,204.41,236.208,1042.49,690.453,790.387,760.861,1090.19,1162.87,774.488,622.316,581.434
431,243,170.342,224.851,828.998,365.667,377.024,470.144,965.271,967.543,1017.51,476.958,660.927
431,244,86.3066,327.057,551.908,327.057,229.394,420.177,685.91,674.554,856.252,492.856,685.91
431,245,143.087,279.361,463.33,363.396,342.955,415.634,606.417,590.519,867.609,347.498,681.368
431,246,99.934,292.988,451.974,193.054,304.344,306.616,458.788,538.281,867.609,422.448,738.149
431,247,170.342,236.208,365.667,336.142,590.519,283.903,363.396,790.387,2398.42,815.37,972.085
431,248,143.087,243.021,640.486,935.745,1601.21,1074.29,903.948,1464.94,4510.66,1891.93,2923.07
431,249,224.851,245.292,1528.54,953.915,1757.93,1644.37,1169.68,1521.72,4020.07,2598.28,4503.84
431,250,183.969,256.649,1108.36,549.637,797.201,1078.83,1001.61,1117.44,1392.26,1757.93,3107.04
431,251,195.325,304.344,470.144,218.038,274.818,483.771,524.653,722.25,878.965,1224.19,1112.9
431,252,193.054,249.835,304.344,218.038,177.156,227.123,377.024,504.212,967.543,992.526,1126.53
431,253,97.6627,220.309,243.021,163.528,163.528,186.241,193.054,254.377,524.653,613.231,724.521
432,234,88.5778,281.632,299.802,261.191,95.3915,124.917,236.208,120.375,268.005,147.63,197.597
432,235,136.274,365.667,283.903,354.311,172.613,290.717,215.767,140.816,336.142,199.868,206.682
432,236,120.375,215.767,408.821,331.599,193.054,211.224,195.325,147.63,408.821,199.868,352.04
432,237,186.241,224.851,229.394,197.597,208.953,193.054,186.241,379.295,1028.87,476.958,922.118
432,238,170.342,342.955,370.21,265.734,281.632,204.41,229.394,311.158,740.42,717.708,1121.99
432,240,168.071,313.429,1072.02,408.821,395.193,617.774,692.724,601.875,317.972,399.736,270.276
432,241,181.698,692.724,467.873,883.507,567.807,790.387,719.979,413.363,749.505,349.769,438.347
432,242,215.767,697.267,967.543,765.403,404.278,999.34,801.743,361.125,1535.35,597.333,965.271
432,243,233.936,592.79,570.078,299.802,290.717,742.691,1112.9,881.236,3250.13,1053.85,2355.26
432,244,154.443,442.889,451.974,243.021,299.802,370.21,642.757,847.168,3038.9,1169.68,2234.89
432,245,297.531,361.125,358.854,417.906,333.87,431.533,617.774,1176.5,5555.42,1571.69,3736.17
432,246,177.156,322.514,556.451,649.571,910.762,545.094,704.08,756.318,3913.32,1742.03,4365.3
432,247,288.446,365.667,1142.43,685.91,2091.8,1026.59,2044.1,2132.68,2439.3,1001.61,1830.61
432,248,433.804,790.387,1260.53,1340.02,3170.63,1946.44,3499.96,4951.27,3381.86,2607.37,2144.04
432,249,554.179,779.031,2332.55,1692.06,1771.56,1987.32,2455.2,5310.13,5907.46,5298.77,4774.12
432,250,243.021,347.498,1869.22,903.948,719.979,860.795,776.759,2046.38,5730.3,5033.04,7286.09
432,251,215.767,261.191,953.915,402.007,549.637,649.571,624.587,813.099,1551.25,1710.23,3449.99
432,252,193.054,222.58,433.804,256.649,426.991,372.481,735.877,1192.39,1015.24,985.712,997.068
432,253,247.564,290.717,338.413,206.682,381.566,313.429,327.057,667.741,917.576,763.132,899.406
433,234,186.241,288.446,297.531,268.005,186.241,170.342,254.377,208.953,206.682,236.208,111.29
433,235,252.106,399.736,268.005,177.156,229.394,147.63,229.394,372.481,274.818,254.377,158.986
433,236,243.021,256.649,354.311,227.123,324.785,249.835,283.903,456.517,281.632,308.887,174.884
433,237,158.986,436.076,390.651,608.689,949.373,402.007,481.5,913.033,733.606,856.252,688.182
433,238,233.936,436.076,1151.51,370.21,560.993,495.127,635.943,1212.83,833.54,1076.56,976.627
433,239,233.936,747.234,615.502,751.776,261.191,361.125,345.226,354.311,297.531,358.854,354.311
433,240,274.818,481.5,733.606,374.752,322.514,295.259,281.632,249.835,408.821,227.123,311.158
433,241,420.177,558.722,563.264,526.925,1165.14,506.484,826.726,1085.65,808.557,522.382,704.08
433,242,547.366,694.995,958.458,531.467,1446.77,722.25,1135.61,1792,1551.25,1290.06,965.271
433,243,647.3,708.623,1305.96,1292.33,1928.27,1660.27,2825.41,3327.35,3863.36,2264.41,2800.42
433,244,383.837,436.076,1610.3,851.71,1778.37,1387.72,2630.08,3129.75,3291.01,1891.93,2144.04
433,245,331.599,572.349,1501.28,1158.33,3072.97,2078.17,4528.83,6593.37,9130.33,4792.29,5746.2
433,246,263.462,1087.92,1439.96,1194.67,2189.46,1564.88,2911.71,6529.78,7372.4,6211.8,7615.42
433,247,322.514,1042.49,2141.77,2600.55,3147.92,1869.22,1939.63,3275.11,8024.24,3538.57,6232.25
433,248,754.047,1349.11,3718,4442.52,4615.13,4390.28,3447.72,3388.67,7485.96,3611.25,7599.52
433,249,1226.46,726.793,5382.81,3663.49,4472.05,5294.23,4921.75,4485.67,2380.25,3061.61,3034.36
433,250,588.248,386.109,2870.83,810.828,1476.3,2596.01,4090.48,6270.86,5378.26,6634.25,4485.67
433,251,349.769,529.196,888.05,665.469,958.458,663.198,1128.8,2123.6,4740.05,4567.44,5782.54
433,252,220.309,238.479,1492.2,881.236,1156.05,1097,1083.38,969.814,1176.5,1201.48,2303.02
433,253,168.071,456.517,767.675,372.481,417.906,599.604,869.88,1003.88,749.505,479.229,779.031
433,254,186.241,236.208,465.601,268.005,204.41,252.106,288.446,342.955,513.297,272.547,404.278
434,232,190.783,302.073,236.208,213.495,134.002,113.561,156.715,134.002,111.29,190.783,115.833
434,233,186.241,340.684,265.734,183.969,193.054,99.934,147.63,220.309,308.887,158.986,197.597
434,234,208.953,354.311,297.531,179.427,231.665,136.274,99.934,149.901,222.58,140.816,170.342
434,236,247.564,247.564,492.856,311.158,195.325,379.295,411.092,218.038,220.309,229.394,168.071
434,237,363.396,808.557,322.514,556.451,828.998,474.686,449.703,470.144,240.75,327.057,233.936
434,239,572.349,708.623,1183.31,461.059,411.092,449.703,467.873,470.144,143.087,170.342,265.734
434,240,420.177,783.573,563.264,395.193,790.387,333.87,472.415,620.045,724.521,406.55,381.566
434,241,404.278,981.17,1058.39,1485.38,1237.82,1251.45,1276.43,1140.16,1203.75,944.83,919.847
434,242,508.755,2112.24,1414.97,1526.26,1317.31,1439.96,1414.97,1065.21,1950.98,722.25,774.488
434,243,629.13,3197.89,1871.49,3529.49,1926,3331.89,3790.68,2546.05,2234.89,1521.72,1950.98
434,244,367.939,2698.22,2934.42,2536.96,3297.82,2814.05,3731.63,2627.81,1860.13,1360.46,1326.4
434,245,377.024,2902.63,4424.35,7383.76,9180.3,7297.45,8512.56,8380.83,4535.64,4544.72,3965.56
434,246,851.71,2875.37,9659.53,7842.55,7535.93,9100.8,8900.94,7901.6,2900.36,5301.04,4474.32
434,247,1321.85,2255.33,8165.06,4724.15,6204.99,5712.13,7342.88,7640.41,6793.24,7406.47,6650.15
434,248,1767.01,2239.43,5859.76,3822.47,3402.3,5298.77,7744.88,9689.05,9289.32,10368.1,10990.5
434,249,1546.71,1971.42,2325.74,2539.23,1994.14,1887.39,1882.85,3175.17,8106.01,4694.63,8235.47
434,251,560.993,938.017,3901.97,1344.57,2173.56,3431.82,4340.31,5076.19,2970.76,3204.7,2437.03
434,252,333.87,676.826,1528.54,1303.68,808.557,806.285,858.524,1467.21,2173.56,2230.34,2507.43
434,253,274.818,311.158,1221.92,424.719,283.903,781.302,806.285,529.196,1474.03,717.708,1455.86
434,254,140.816,195.325,317.972,243.021,193.054,302.073,449.703,374.752,467.873,361.125,833.54
434,255,154.443,124.917,229.394,95.3915,143.087,168.071,218.038,190.783,231.665,274.818,320.243
435,233,245.292,306.616,218.038,243.021,426.991,177.156,331.599,299.802,127.189,163.528,158.986
435,235,356.583,367.939,790.387,367.939,240.75,245.292,154.443,138.545,227.123,177.156,170.342
435,236,193.054,545.094,336.142,270.276,261.191,197.597,258.92,345.226,322.514,236.208,252.106
435,237,590.519,479.229,429.262,247.564,265.734,202.139,195.325,249.835,338.413,195.325,324.785
435,238,694.995,620.045,349.769,610.96,463.33,533.738,329.328,208.953,317.972,313.429,402.007
435,239,536.009,570.078,994.797,522.382,731.335,245.292,254.377,302.073,279.361,395.193,367.939
435,240,317.972,1801.08,1199.21,1882.85,2496.08,1017.51,776.759,849.439,454.245,470.144,329.328
435,241,1081.1,1312.77,3792.95,2082.71,1542.16,1846.51,1823.79,1399.08,815.37,590.519,511.026
435,242,917.576,1614.84,2071.36,899.406,1680.71,1108.36,2496.08,2050.92,3711.18,824.455,1510.37
435,243,2491.54,3075.24,1492.2,1380.91,1076.56,1737.49,2298.48,2293.94,2498.35,1728.4,2639.17
435,244,1589.86,5012.6,1396.8,2555.13,2346.18,1862.41,1930.54,1571.69,2114.51,1137.88,1410.43
435,245,3238.77,8803.27,3484.06,6259.5,5439.59,5550.88,3690.74,4017.8,2725.47,3613.52,3365.96
435,246,2902.63,6938.6,7102.13,5832.51,2945.78,5460.03,2523.33,2316.65,1392.26,3206.97,2648.25
435,247,2334.82,4771.85,3911.05,4646.93,7177.08,5060.29,3881.53,6070.99,5135.24,5380.54,3911.05
435,248,2412.04,2773.17,7163.45,6327.64,5058.02,8303.6,7181.62,6656.97,2893.54,7862.99,5975.6
435,249,1926,924.389,4544.72,3075.24,4683.27,5305.59,7356.5,9957.06,9595.93,7245.21,5946.07
435,250,1310.5,3193.34,3241.04,2198.55,1732.95,1748.84,2166.75,4474.32,8621.58,9100.8,12684.8
435,252,944.83,445.16,3336.43,974.356,953.915,1826.07,1998.68,1803.35,1449.04,1349.11,1710.23
435,253,302.073,281.632,515.568,361.125,347.498,536.009,842.625,1523.99,2323.46,1278.7,1637.55
435,254,172.613,288.446,249.835,106.748,79.4929,195.325,524.653,536.009,1022.05,1137.88,1637.55
435,255,90.8491,120.375,288.446,136.274,179.427,120.375,256.649,256.649,449.703,252.106,449.703
436,234,238.479,676.826,454.245,402.007,277.09,238.479,124.917,102.205,102.205,170.342,131.731
436,235,165.8,420.177,386.109,304.344,152.172,238.479,215.767,118.104,143.087,213.495,147.63
436,236,336.142,317.972,315.7,297.531,236.208,283.903,413.363,356.583,181.698,238.479,215.767
436,237,361.125,245.292,322.514,324.785,272.547,352.04,379.295,367.939,181.698,240.75,258.92
436,238,649.571,442.889,342.955,379.295,377.024,292.988,245.292,281.632,345.226,306.616,295.259
436,239,563.264,665.469,526.925,545.094,338.413,304.344,224.851,281.632,463.33,474.686,374.752
436,240,1208.29,2852.66,660.927,1455.86,924.389,713.165,874.422,617.774,888.05,274.818,417.906
436,241,1857.86,2148.58,1687.52,1174.22,1085.65,876.693,869.88,640.486,840.354,481.5,511.026
436,242,710.894,3188.8,1723.86,4167.7,4755.95,3409.11,4144.99,4049.6,4583.34,2255.33,2555.13
436,243,1255.99,1101.54,4994.43,2546.05,2614.18,2866.29,2675.5,3561.28,2502.89,2841.3,3281.92
436,244,1971.42,2489.26,2698.22,1626.2,2362.08,1592.13,1901.02,2384.79,3252.4,1835.15,2089.53
436,245,4901.31,1730.67,2727.74,2666.42,2709.57,2691.4,1857.86,3388.67,2995.75,3824.75,4115.46
436,246,5512.27,960.729,2745.91,1131.07,1187.85,1142.43,1146.97,1387.72,1369.55,3715.73,3693.01
436,247,3002.56,3084.33,1410.43,5766.64,7747.15,4996.7,4619.67,5625.83,4949,5119.34,4492.49
436,248,3216.06,3334.16,8950.9,2825.41,2382.52,3400.03,2641.44,4637.84,5403.25,7728.98,7231.59
436,250,1692.06,1664.81,10175.1,5212.47,6086.89,7635.86,7138.47,10802,5167.04,11410.6,8312.69
436,251,2037.29,2673.23,5460.03,1414.97,1056.12,1296.87,1548.98,3295.55,5362.37,5255.62,5902.92
436,252,579.163,565.535,1444.5,1337.75,1101.54,1299.14,1087.92,1044.76,2868.56,2627.81,4885.41
436,253,308.887,218.038,1053.85,635.943,772.217,1648.91,1991.87,1878.3,1605.76,1128.8,1312.77
436,254,252.106,168.071,642.757,333.87,295.259,697.267,860.795,1174.22,1435.42,1137.88,1603.49
436,255,118.104,149.901,263.462,120.375,199.868,215.767,311.158,349.769,429.262,381.566,445.16
437,235,315.7,311.158,243.021,131.731,84.0354,163.528,81.7642,156.715,158.986,158.986,99.934
437,237,252.106,454.245,238.479,297.531,252.106,279.361,233.936,174.884,158.986,183.969,177.156
437,239,522.382,417.906,283.903,336.142,492.856,268.005,390.651,399.736,474.686,424.719,386.109
437,240,1133.34,2293.94,715.436,1987.32,1762.47,1226.46,2094.07,1294.6,1342.29,656.384,940.288
437,241,1651.18,1194.67,3266.02,1110.63,674.554,815.37,826.726,788.116,1069.75,558.722,747.234
437,242,2764.08,4278.99,817.642,3459.08,2836.76,3345.52,3858.81,3288.74,2786.8,1998.68,1682.98
437,243,1360.46,2564.21,3350.06,4213.13,3645.32,4324.42,2952.59,3425.01,1580.77,2148.58,2109.97
437,244,1414.97,1957.8,4955.82,2471.09,3488.6,2268.96,2144.04,2552.86,2857.2,2014.58,1828.34
437,246,1728.4,1124.26,2954.87,563.264,1017.51,847.168,722.25,992.526,1955.53,2664.15,1630.74
437,247,2530.15,4583.34,1444.5,3427.28,5968.78,3325.08,2350.72,2757.27,1705.69,2693.67,1707.96
437,249,3740.71,3590.81,5884.75,2162.21,2316.65,2768.63,2144.04,1844.24,951.644,1492.2,1017.51
437,250,2589.2,6075.53,2243.97,6677.41,4547,6502.52,3527.21,3288.74,2389.33,3693.01,1812.44
437,251,1667.08,1446.77,6273.13,3956.48,3247.85,4469.77,3608.98,5723.49,8426.25,5173.85,5807.53
437,252,878.965,665.469,2716.39,708.623,1044.76,1185.58,1760.2,4267.63,6379.88,6529.78,8312.69
437,253,299.802,465.601,685.91,754.047,585.976,1042.49,1299.14,1344.57,1601.21,1360.46,2055.46
437,254,188.512,258.92,651.842,417.906,327.057,1024.32,1567.15,1158.33,1464.94,972.085,1403.62
437,255,145.359,170.342,272.547,218.038,206.682,283.903,445.16,358.854,467.873,361.125,506.484
438,237,247.564,377.024,263.462,224.851,324.785,304.344,181.698,256.649,268.005,311.158,268.005
438,238,220.309,297.531,429.262,218.038,222.58,149.901,86.3066,231.665,288.446,183.969,288.446
438,239,304.344,983.441,354.311,486.042,940.288,440.618,349.769,402.007,177.156,329.328,292.988
438,240,1265.07,3745.25,885.778,1796.54,1333.21,1326.4,1278.7,992.526,672.283,901.677,774.488
438,241,1310.5,994.797,1669.35,758.59,860.795,922.118,1185.58,1287.79,1101.54,601.875,794.929
438,242,2053.19,3150.19,1099.27,2268.96,1878.3,2105.43,2720.93,1662.54,1274.16,1062.93,938.017
438,243,2462.01,2414.31,2611.91,2593.74,1910.1,3004.83,2268.96,2100.88,842.625,1235.55,1274.16
438,244,2037.29,1421.79,2625.54,1678.44,1583.04,1537.62,1587.59,1658,1392.26,1330.94,940.288
438,245,2730.01,1389.99,1905.56,2123.6,1655.72,2861.75,1823.79,2920.8,1975.97,2362.08,2266.68
438,246,831.269,2055.46,1392.26,3295.55,6679.68,1742.03,2804.96,2882.19,2961.68,1835.15,2000.95
438,247,1462.67,1097,8776.02,3109.31,3041.17,2000.95,2700.49,4324.42,5369.18,4474.32,5237.45
438,248,5273.79,3118.39,3372.77,2945.78,1821.52,2963.95,1701.15,1376.36,2505.16,2807.24,4160.89
438,249,1058.39,1178.77,2857.2,1755.66,1053.85,1430.87,1474.03,756.318,754.047,1464.94,1537.62
438,250,4267.63,2670.96,1687.52,1237.82,2194,1112.9,1401.35,1474.03,1787.46,1067.48,1047.04
438,251,3359.14,2502.89,2720.93,4621.95,7604.07,5103.45,5666.71,7495.05,5083.01,5360.09,4456.15
438,252,545.094,688.182,7340.6,4151.8,3954.21,5846.14,6454.83,7154.36,3370.5,5680.34,4531.1
438,253,424.719,322.514,2616.45,585.976,824.455,1194.67,1521.72,1528.54,2100.88,1330.94,1608.03
438,254,179.427,279.361,674.554,476.958,377.024,1110.63,1458.13,1467.21,1662.54,1171.95,1703.42
438,255,124.917,204.41,438.347,254.377,183.969,315.7,531.467,395.193,420.177,370.21,536.009
438,256,111.29,193.054,306.616,179.427,140.816,197.597,361.125,258.92,229.394,195.325,243.021
439,238,329.328,331.599,352.04,495.127,501.941,367.939,377.024,397.465,442.889,392.922,451.974
439,239,329.328,463.33,556.451,345.226,295.259,311.158,183.969,247.564,451.974,211.224,349.769
439,240,1926,906.219,397.465,838.083,463.33,608.689,320.243,354.311,315.7,456.517,281.632
439,241,931.203,1392.26,626.859,592.79,497.399,731.335,885.778,549.637,333.87,461.059,281.632
439,242,1694.34,3636.23,620.045,1966.88,1042.49,1492.2,1355.92,760.861,438.347,610.96,442.889
439,243,1399.08,1537.62,1805.63,1160.6,549.637,1319.58,838.083,724.521,492.856,890.321,897.135
439,244,1367.28,1171.95,726.793,1358.19,1305.96,858.524,726.793,595.061,324.785,831.269,556.451
439,245,1944.17,729.064,2387.06,1203.75,1026.59,1876.03,1149.24,1612.57,683.639,1721.59,1117.44
439,246,1369.55,3515.86,835.811,2225.8,2178.11,2468.82,1723.86,1555.79,1078.83,1732.95,1199.21
439,247,3168.36,1857.86,2925.34,4989.88,4194.96,6168.65,3656.67,5012.6,3579.45,4169.97,2332.55
439,248,1526.26,926.66,3822.47,1219.65,1419.52,1676.17,1494.47,3141.11,2925.34,3088.87,2232.62
439,249,2105.43,1608.03,1408.16,724.521,474.686,570.078,540.552,878.965,783.573,1087.92,917.576
439,250,744.962,1571.69,615.502,1001.61,1399.08,765.403,1133.34,906.219,844.896,1006.15,804.014
439,251,2214.45,4769.58,1944.17,5201.11,4231.3,4626.49,4294.89,3057.07,1978.24,2464.28,1644.37
439,252,1623.93,2182.65,5142.06,4274.45,1960.07,6073.26,3886.07,2882.19,2071.36,1667.08,1378.63
439,253,258.92,585.976,2146.31,1453.59,1807.9,1519.45,1792,2214.45,2352.99,1439.96,1851.05
439,254,202.139,408.821,1489.92,660.927,413.363,1514.91,1814.71,1696.61,1358.19,1419.52,1553.52
439,255,122.646,281.632,433.804,222.58,181.698,286.175,365.667,429.262,399.736,392.922,397.465
439,256,147.63,268.005,268.005,143.087,93.1203,181.698,302.073,193.054,292.988,158.986,222.58
440,239,240.75,204.41,347.498,399.736,342.955,261.191,252.106,317.972,404.278,508.755,474.686
440,240,470.144,292.988,458.788,179.427,258.92,354.311,263.462,399.736,377.024,277.09,342.955
440,241,365.667,595.061,302.073,361.125,240.75,252.106,258.92,236.208,227.123,147.63,220.309
440,242,1721.59,626.859,517.84,338.413,529.196,499.67,481.5,370.21,292.988,249.835,208.953
440,243,1251.45,558.722,506.484,533.738,467.873,404.278,429.262,411.092,265.734,576.892,329.328
440,244,1255.99,2387.06,726.793,1267.34,724.521,456.517,224.851,299.802,406.55,458.788,476.958
440,245,1074.29,699.538,1796.54,742.691,479.229,708.623,363.396,490.585,515.568,565.535,365.667
440,246,1262.8,2600.55,635.943,2028.21,2350.72,933.474,1464.94,840.354,744.962,649.571,436.076
440,247,2764.08,2298.48,4120.01,5514.54,5142.06,3856.54,4855.88,3604.44,1271.89,751.776,445.16
440,248,969.814,1106.09,6552.49,3790.68,3336.43,3963.29,3956.48,3465.89,1053.85,769.946,567.807
440,249,622.316,992.526,2893.54,910.762,1237.82,1149.24,960.729,1162.87,1037.95,1010.7,933.474
440,250,1058.39,1630.74,1474.03,928.932,1355.92,599.604,622.316,899.406,1042.49,1067.48,1044.76
440,251,2734.56,2039.56,1499.01,2116.78,2232.62,1905.56,2066.82,1792,1244.63,1001.61,1053.85
440,252,2375.7,1980.51,2950.32,2439.3,2475.64,2159.94,2296.21,2155.39,1458.13,1165.14,1217.38
440,253,819.913,1246.9,3088.87,2539.23,1921.46,2525.6,2968.49,2418.86,1989.59,1446.77,1319.58
440,254,342.955,517.84,2005.49,849.439,436.076,1451.31,1564.88,1203.75,822.184,1008.42,1024.32
440,255,161.257,247.564,604.146,290.717,127.189,386.109,542.823,390.651,461.059,274.818,377.024
441,240,208.953,283.903,308.887,208.953,220.309,188.512,252.106,313.429,211.224,390.651,258.92
441,241,288.446,654.113,208.953,363.396,243.021,402.007,265.734,218.038,227.123,254.377,193.054
441,242,413.363,1110.63,363.396,486.042,347.498,320.243,363.396,306.616,197.597,204.41,311.158
441,244,808.557,660.927,928.932,467.873,511.026,297.531,356.583,386.109,317.972,283.903,236.208
441,245,1208.29,408.821,844.896,763.132,935.745,692.724,556.451,824.455,513.297,381.566,270.276
441,246,1078.83,2784.52,667.741,813.099,574.62,867.609,844.896,731.335,985.712,426.991,522.382
441,247,2832.22,3284.19,999.34,2645.98,1067.48,2657.34,1975.97,897.135,997.068,515.568,654.113
441,248,2477.91,1369.55,2296.21,2582.38,1896.47,2568.76,1735.22,901.677,1037.95,579.163,754.047
441,249,744.962,1483.11,3370.5,2982.12,2648.25,1633.01,1635.28,1601.21,972.085,1044.76,913.033
441,250,1044.76,1190.12,3811.12,1676.17,1471.75,1362.74,935.745,1224.19,928.932,940.288,801.743
441,251,1396.8,2714.12,1555.79,2636.89,2757.27,1728.4,1449.04,1555.79,992.526,1022.05,878.965
441,252,1851.05,3095.68,3633.96,2843.58,1701.15,2368.89,1901.02,1492.2,1351.38,933.474,876.693
441,253,1401.35,2296.21,1987.32,1816.98,1042.49,2037.29,2084.99,1798.81,1544.43,956.186,1167.41
441,254,631.401,749.505,1512.64,744.962,374.752,1015.24,1072.02,844.896,940.288,676.826,888.05
441,255,272.547,295.259,483.771,252.106,168.071,322.514,495.127,361.125,440.618,438.347,426.991
441,256,206.682,288.446,340.684,136.274,170.342,127.189,320.243,295.259,249.835,279.361,329.328
442,242,397.465,374.752,268.005,111.29,124.917,149.901,147.63,174.884,220.309,161.257,134.002
442,243,511.026,422.448,261.191,204.41,215.767,356.583,179.427,238.479,365.667,231.665,222.58
442,244,524.653,828.998,231.665,247.564,261.191,295.259,199.868,433.804,767.675,377.024,488.314
442,245,486.042,467.873,372.481,361.125,288.446,560.993,388.38,426.991,856.252,358.854,633.672
442,246,674.554,1455.86,413.363,440.618,481.5,676.826,633.672,626.859,670.012,488.314,390.651
442,247,2259.87,2580.11,501.941,667.741,697.267,638.215,690.453,1167.41,754.047,633.672,615.502
442,248,1935.09,1987.32,883.507,1206.02,815.37,963,1196.94,1062.93,726.793,738.149,638.215
442,249,2023.66,1898.75,1446.77,1635.28,597.333,1514.91,940.288,828.998,442.889,547.366,392.922
442,250,1319.58,797.201,1194.67,806.285,1274.16,815.37,715.436,713.165,672.283,470.144,415.634
442,251,1807.9,2330.28,1687.52,2191.73,1412.7,1723.86,1355.92,1403.62,742.691,769.946,640.486
442,252,2423.4,1667.08,1880.58,1124.26,1060.66,1208.29,1290.06,1296.87,985.712,747.234,724.521
442,253,1876.03,1583.04,1330.94,1578.5,1355.92,1503.55,2082.71,1530.81,826.726,758.59,817.642
442,254,724.521,654.113,1526.26,708.623,465.601,874.422,1092.46,754.047,547.366,508.755,495.127
442,255,336.142,338.413,592.79,415.634,308.887,388.38,533.738,370.21,399.736,333.87,347.498
442,256,177.156,220.309,347.498,236.208,211.224,297.531,336.142,297.531,256.649,220.309,206.682
443,243,218.038,299.802,227.123,277.09,261.191,243.021,290.717,236.208,158.986,193.054,158.986
443,244,236.208,483.771,406.55,642.757,690.453,556.451,579.163,651.842,402.007,556.451,392.922
443,245,497.399,449.703,840.354,370.21,474.686,588.248,501.941,1040.22,928.932,1365.01,1072.02
443,246,420.177,806.285,399.736,361.125,256.649,322.514,336.142,635.943,851.71,1040.22,1226.46
443,247,1081.1,906.219,747.234,767.675,581.434,729.064,726.793,440.618,545.094,656.384,849.439
443,248,1253.72,2030.48,1081.1,1101.54,483.771,833.54,808.557,336.142,324.785,449.703,574.62
443,249,1421.79,1053.85,1133.34,688.182,554.179,508.755,447.432,333.87,386.109,504.212,572.349
443,250,710.894,1742.03,638.215,1192.39,876.693,883.507,863.066,529.196,508.755,458.788,599.604
443,251,1376.36,1542.16,1539.89,1528.54,540.552,1124.26,817.642,622.316,479.229,470.144,504.212
443,252,922.118,1855.59,804.014,1283.24,808.557,1076.56,1062.93,651.842,367.939,449.703,352.04
443,253,944.83,1973.7,1235.55,1240.09,517.84,1255.99,1144.7,513.297,333.87,283.903,222.58
443,254,733.606,649.571,1051.58,660.927,563.264,685.91,667.741,501.941,383.837,238.479,204.41
443,255,254.377,451.974,590.519,363.396,283.903,386.109,436.076,408.821,363.396,270.276,281.632
443,256,233.936,197.597,365.667,249.835,197.597,243.021,240.75,188.512,233.936,224.851,256.649
444,244,340.684,458.788,311.158,338.413,163.528,268.005,222.58,199.868,272.547,302.073,236.208
444,245,363.396,356.583,338.413,474.686,390.651,433.804,508.755,413.363,204.41,604.146,433.804
444,246,506.484,744.962,601.875,456.517,540.552,501.941,520.111,601.875,361.125,815.37,592.79
444,247,588.248,1210.56,615.502,383.837,283.903,363.396,317.972,431.533,365.667,501.941,567.807
444,248,1001.61,701.809,347.498,365.667,249.835,236.208,202.139,302.073,381.566,470.144,413.363
444,249,1033.41,651.842,408.821,331.599,308.887,188.512,238.479,413.363,367.939,463.33,449.703
444,250,731.335,1199.21,504.212,426.991,240.75,265.734,431.533,538.281,397.465,383.837,392.922
444,251,1437.69,685.91,367.939,286.175,311.158,363.396,581.434,458.788,292.988,274.818,272.547
444,252,938.017,763.132,538.281,417.906,190.783,322.514,495.127,370.21,295.259,213.495,215.767
444,253,1717.05,781.302,322.514,372.481,370.21,340.684,449.703,363.396,422.448,265.734,224.851
444,254,710.894,674.554,554.179,588.248,426.991,479.229,399.736,520.111,292.988,208.953,329.328
444,255,383.837,290.717,592.79,331.599,224.851,313.429,356.583,290.717,197.597,317.972,372.481
445,245,272.547,413.363,268.005,215.767,290.717,165.8,170.342,256.649,261.191,488.314,442.889
445,246,317.972,415.634,352.04,517.84,308.887,438.347,354.311,236.208,208.953,345.226,340.684
445,247,574.62,429.262,372.481,265.734,229.394,479.229,338.413,236.208,181.698,283.903,236.208
445,248,522.382,470.144,268.005,211.224,193.054,306.616,295.259,238.479,90.8491,229.394,222.58
445,249,345.226,447.432,254.377,317.972,324.785,402.007,336.142,306.616,181.698,211.224,204.41
445,250,531.467,670.012,283.903,356.583,322.514,476.958,447.432,286.175,174.884,238.479,165.8
445,251,395.193,883.507,565.535,531.467,199.868,426.991,299.802,204.41,190.783,190.783,147.63
445,252,467.873,536.009,377.024,349.769,222.58,224.851,254.377,290.717,340.684,154.443,186.241
445,253,447.432,688.182,238.479,277.09,295.259,406.55,556.451,408.821,440.618,154.443,288.446
445,254,454.245,390.651,363.396,313.429,211.224,358.854,299.802,392.922,172.613,231.665,224.851
445,255,324.785,302.073,222.58,145.359,211.224,193.054,208.953,256.649,59.0519,254.377,172.613
446,246,347.498,199.868,342.955,249.835,277.09,290.717,283.903,333.87,202.139,256.649,158.986
446,247,247.564,245.292,238.479,206.682,197.597,215.767,199.868,179.427,240.75,231.665,247.564
446,248,286.175,165.8,204.41,145.359,186.241,186.241,163.528,252.106,272.547,188.512,215.767
446,249,517.84,417.906,161.257,104.476,56.7807,106.748,181.698,220.309,272.547,179.427,127.189
446,250,349.769,415.634,152.172,143.087,129.46,165.8,136.274,233.936,249.835,208.953,131.731
446,251,672.283,222.58,252.106,170.342,115.833,145.359,177.156,215.767,177.156,218.038,106.748
446,252,358.854,408.821,204.41,320.243,229.394,211.224,268.005,279.361,243.021,193.054,204.41
446,253,392.922,399.736,442.889,286.175,261.191,206.682,286.175,247.564,131.731,274.818,188.512
446,254,317.972,204.41,383.837,256.649,154.443,161.257,218.038,190.783,131.731,229.394,163.528
447,253,377.024,390.651,281.632,286.175,202.139,229.394,188.512,174.884,90.8491,220.309,68.1368
447,254,247.564,340.684,261.191,188.512,136.274,136.274,138.545,131.731,152.172,84.0354,152.172
