346,404,179.427,313.429,288.446,179.427,181.698,79.4929,186.241,129.46,138.545,247.564,145.359
346,405,170.342,213.495,224.851,204.41,158.986,111.29,152.172,172.613,302.073,154.443,288.446
347,398,104.476,86.3066,124.917,109.019,84.0354,49.967,195.325,106.748,331.599,254.377,390.651
347,399,77.2217,190.783,206.682,63.5943,109.019,106.748,190.783,179.427,349.769,268.005,392.922
347,400,122.646,113.561,186.241,95.3915,174.884,195.325,379.295,204.41,274.818,299.802,281.632
347,401,81.7642,236.208,177.156,404.278,674.554,524.653,749.505,499.67,479.229,338.413,461.059
347,403,247.564,324.785,1333.21,345.226,281.632,233.936,161.257,174.884,283.903,199.868,258.92
347,404,215.767,236.208,465.601,222.58,199.868,156.715,213.495,134.002,283.903,202.139,299.802
347,405,170.342,374.752,265.734,492.856,436.076,356.583,420.177,342.955,345.226,240.75,272.547
347,406,168.071,417.906,524.653,597.333,663.198,347.498,565.535,386.109,306.616,208.953,265.734
347,407,149.901,249.835,647.3,445.16,433.804,247.564,324.785,306.616,283.903,218.038,213.495
347,408,181.698,197.597,733.606,240.75,245.292,211.224,220.309,222.58,199.868,163.528,224.851
348,399,63.5943,163.528,263.462,161.257,170.342,122.646,188.512,349.769,595.061,338.413,513.297
348,400,74.9505,238.479,306.616,224.851,290.717,161.257,268.005,270.276,533.738,317.972,481.5
348,401,102.205,292.988,311.158,249.835,272.547,383.837,454.245,306.616,433.804,247.564,402.007
348,402,290.717,910.762,261.191,897.135,292.988,499.67,447.432,279.361,492.856,392.922,429.262
348,403,658.656,733.606,747.234,367.939,290.717,227.123,311.158,372.481,785.844,411.092,595.061
348,404,363.396,358.854,508.755,420.177,706.351,292.988,361.125,488.314,1010.7,458.788,656.384
348,405,208.953,349.769,928.932,406.55,408.821,215.767,361.125,347.498,492.856,222.58,463.33
348,406,340.684,567.807,640.486,397.465,304.344,408.821,567.807,406.55,506.484,263.462,272.547
348,407,381.566,949.373,483.771,874.422,377.024,599.604,581.434,220.309,354.311,272.547,336.142
348,408,365.667,433.804,781.302,511.026,227.123,331.599,249.835,268.005,297.531,268.005,361.125
348,409,213.495,229.394,413.363,336.142,215.767,163.528,220.309,206.682,290.717,238.479,317.972
349,398,99.934,222.58,474.686,338.413,292.988,361.125,408.821,277.09,536.009,306.616,372.481
349,399,140.816,268.005,302.073,254.377,304.344,306.616,617.774,456.517,1060.66,579.163,960.729
349,400,81.7642,256.649,281.632,395.193,715.436,508.755,847.168,815.37,1455.86,769.946,1219.65
349,401,188.512,340.684,549.637,856.252,779.031,499.67,670.012,642.757,1605.76,776.759,1033.41
349,402,206.682,345.226,1115.17,431.533,383.837,220.309,536.009,499.67,1846.51,815.37,1103.82
349,403,576.892,365.667,740.42,349.769,581.434,402.007,813.099,874.422,2035.02,965.271,1376.36
349,404,402.007,583.705,622.316,704.08,942.559,806.285,1612.57,1212.83,1896.47,1137.88,1528.54
349,405,585.976,1012.97,1190.12,1124.26,901.677,794.929,1103.82,965.271,1330.94,665.469,1108.36
349,406,379.295,433.804,1383.18,613.231,479.229,377.024,497.399,492.856,819.913,383.837,683.639
349,407,288.446,617.774,701.809,311.158,381.566,290.717,476.958,440.618,449.703,347.498,438.347
349,408,592.79,472.415,451.974,288.446,495.127,290.717,315.7,422.448,413.363,331.599,315.7
349,410,170.342,183.969,604.146,202.139,263.462,274.818,247.564,304.344,392.922,290.717,272.547
350,396,52.2382,120.375,249.835,193.054,147.63,245.292,352.04,204.41,324.785,218.038,206.682
350,397,99.934,422.448,218.038,254.377,138.545,218.038,268.005,204.41,808.557,352.04,590.519
350,398,208.953,320.243,238.479,193.054,372.481,283.903,458.788,529.196,1078.83,488.314,660.927
350,399,254.377,333.87,204.41,374.752,576.892,429.262,826.726,842.625,1133.34,576.892,860.795
350,400,213.495,465.601,508.755,488.314,806.285,867.609,1412.7,1108.36,1419.52,963,1165.14
350,401,397.465,999.34,901.677,1053.85,785.844,1231,1605.76,1324.13,1682.98,744.962,1346.84
350,402,504.212,1310.5,922.118,999.34,872.151,872.151,1746.57,1419.52,2375.7,819.913,2180.38
350,403,322.514,790.387,949.373,963,1094.73,1171.95,1973.7,1753.39,2655.06,1024.32,2718.66
350,404,417.906,1074.29,956.186,1548.98,1351.38,1444.5,2348.45,1710.23,2150.85,1097,1991.87
350,405,683.639,1412.7,1639.83,1560.33,1269.62,1292.33,1673.89,1326.4,1907.83,1103.82,1444.5
350,406,783.573,922.118,1630.74,1012.97,620.045,801.743,1233.28,1215.11,1944.17,1017.51,1644.37
350,407,461.059,540.552,942.559,699.538,381.566,436.076,826.726,567.807,1178.77,622.316,1394.53
350,408,329.328,431.533,438.347,299.802,188.512,408.821,436.076,272.547,481.5,297.531,545.094
350,409,399.736,313.429,358.854,292.988,297.531,331.599,497.399,349.769,465.601,238.479,399.736
350,410,254.377,288.446,338.413,451.974,338.413,417.906,481.5,431.533,386.109,315.7,436.076
350,411,208.953,315.7,524.653,374.752,236.208,268.005,338.413,306.616,404.278,377.024,327.057
351,396,102.205,247.564,304.344,254.377,270.276,211.224,306.616,315.7,688.182,440.618,513.297
351,397,122.646,277.09,372.481,236.208,433.804,252.106,624.587,817.642,1169.68,610.96,799.472
351,398,193.054,256.649,558.722,483.771,744.962,576.892,1419.52,1047.04,1044.76,486.042,799.472
351,399,156.715,701.809,679.097,965.271,692.724,928.932,1394.53,974.356,2268.96,942.559,1655.72
351,400,290.717,949.373,972.085,1042.49,865.337,869.88,1496.74,1589.86,2970.76,1328.67,2062.27
351,401,604.146,944.83,1165.14,908.491,1374.09,922.118,1742.03,2268.96,5998.31,2941.24,4531.1
351,402,738.149,1174.22,1212.83,1040.22,1882.85,933.474,2182.65,3461.35,9164.4,5791.63,8117.36
351,403,1094.73,1308.23,1987.32,1067.48,2539.23,1424.06,2893.54,4151.8,7631.32,5298.77,7481.42
351,404,999.34,1689.79,2791.34,1112.9,1980.51,1476.3,2591.47,2825.41,4644.66,2850.39,4478.86
351,405,1280.97,1746.57,2098.61,1219.65,1171.95,1433.14,2119.05,1667.08,2598.28,1285.51,2511.98
351,406,1124.26,1367.28,1562.6,1512.64,1389.99,1365.01,2300.75,1855.59,1621.66,1042.49,1578.5
351,407,726.793,1072.02,1474.03,1037.95,1058.39,1001.61,1480.84,1798.81,2296.21,1755.66,2273.5
351,408,461.059,499.67,1187.85,538.281,520.111,424.719,679.097,790.387,1762.47,926.66,1873.76
351,409,299.802,536.009,772.217,361.125,236.208,333.87,685.91,422.448,813.099,415.634,863.066
351,410,258.92,554.179,395.193,413.363,327.057,356.583,613.231,383.837,522.382,342.955,438.347
351,411,374.752,383.837,363.396,324.785,408.821,317.972,340.684,426.991,520.111,583.705,501.941
351,412,263.462,249.835,417.906,268.005,315.7,236.208,163.528,263.462,333.87,449.703,454.245
351,413,161.257,177.156,465.601,208.953,113.561,161.257,165.8,118.104,218.038,295.259,249.835
352,394,38.6109,143.087,152.172,134.002,154.443,204.41,345.226,215.767,531.467,372.481,451.974
352,396,170.342,388.38,363.396,402.007,704.08,417.906,681.368,672.283,1215.11,595.061,788.116
352,397,199.868,635.943,744.962,815.37,538.281,615.502,1305.96,919.847,1617.11,763.132,1178.77
352,398,252.106,774.488,1015.24,704.08,572.349,890.321,1383.18,1103.82,2664.15,1290.06,2132.68
352,399,431.533,1296.87,542.823,910.762,1980.51,997.068,1876.03,2868.56,3000.29,2125.87,2559.67
352,400,738.149,2023.66,1701.15,2094.07,2873.1,2228.07,3765.69,3104.77,2804.96,1851.05,2782.25
352,401,983.441,2332.55,3315.99,3388.67,3304.63,3611.25,5251.08,4683.27,3895.15,3340.97,4176.79
352,402,908.491,4242.65,3356.87,5775.73,7935.67,6216.35,8850.97,8916.84,3270.57,5010.33,3436.37
352,403,1183.31,5941.53,6897.72,9823.06,9325.66,7881.16,9857.12,8741.95,2598.28,4056.41,3204.7
352,404,1474.03,4740.05,11635.5,8321.77,5873.39,5880.21,6370.79,5407.79,3979.19,3988.27,4962.63
352,405,1430.87,2486.99,7790.31,4317.6,3806.58,2716.39,3627.15,4494.76,6761.44,4376.65,7004.46
352,406,1190.12,1801.08,4742.32,1889.66,1596.67,1419.52,1980.51,2091.8,2968.49,2010.04,3867.9
352,407,1131.07,1866.95,2455.2,1528.54,1065.21,1739.76,2130.41,1896.47,2280.31,1660.27,1835.15
352,408,922.118,1499.01,1739.76,1639.83,1369.55,1637.55,2693.67,2153.12,3370.5,2028.21,3191.07
352,409,431.533,956.186,1246.9,1171.95,878.965,849.439,1612.57,1408.16,2035.02,1085.65,1998.68
352,410,356.583,756.318,1814.71,835.811,531.467,572.349,903.948,511.026,581.434,402.007,826.726
352,411,404.278,676.826,1035.68,490.585,415.634,604.146,708.623,622.316,588.248,299.802,415.634
352,412,370.21,597.333,472.415,754.047,536.009,388.38,415.634,465.601,640.486,420.177,581.434
352,413,274.818,268.005,856.252,315.7,193.054,177.156,179.427,227.123,268.005,268.005,295.259
352,414,165.8,199.868,390.651,204.41,120.375,138.545,202.139,158.986,186.241,143.087,168.071
353,394,124.917,218.038,124.917,183.969,254.377,197.597,288.446,340.684,365.667,408.821,386.109
353,395,59.0519,299.802,213.495,411.092,551.908,354.311,683.639,624.587,429.262,320.243,411.092
353,396,127.189,522.382,585.976,690.453,706.351,735.877,1126.53,856.252,2028.21,756.318,1278.7
353,397,367.939,863.066,808.557,833.54,917.576,851.71,1601.21,1728.4,2398.42,1392.26,1737.49
353,398,647.3,1006.15,660.927,1019.78,2123.6,1539.89,2632.35,2889,3390.94,2246.24,2668.69
353,399,606.417,2879.92,1692.06,4033.7,4437.98,3754.34,4544.72,3831.56,3079.78,2084.99,2832.22
353,400,1146.97,3838.37,4830.9,5069.38,2600.55,3179.72,2552.86,3213.79,8726.05,5273.79,8158.25
353,401,1871.49,2359.8,4485.67,2711.84,6770.53,2621,3520.4,6232.25,9666.34,7322.43,11040.4
353,402,2268.96,3647.59,6863.65,4808.19,4065.5,4712.8,4060.95,3293.28,6377.6,4783.2,8485.3
353,403,4288.08,5698.51,8051.5,4124.55,2909.44,4412.99,2759.54,3125.21,8430.79,5668.98,9827.6
353,404,6747.81,3965.56,3556.74,2816.32,4363.03,2911.71,2289.4,4403.91,6572.93,7170.26,9187.11
353,405,4510.66,2768.63,6152.75,4092.75,6813.68,5005.78,6000.58,7451.89,6357.16,7224.77,7331.52
353,406,2212.17,3872.44,7361.05,7315.62,6250.42,4762.76,5421.42,5423.69,3974.65,4524.28,5405.52
353,407,1555.79,4272.18,9450.57,4451.6,3118.39,1960.07,2048.65,2318.92,2352.99,1578.5,1912.37
353,408,1321.85,1426.33,6068.72,1558.06,2075.9,1946.44,3363.69,2829.95,2389.33,2039.56,2291.67
353,409,1124.26,2827.68,2187.19,2284.85,1698.88,2409.77,3256.94,2650.52,1828.34,1762.47,1898.75
353,410,1269.62,2405.23,2552.86,1501.28,1099.27,1003.88,974.356,1062.93,833.54,949.373,1049.31
353,411,915.304,935.745,1730.67,754.047,399.736,340.684,642.757,458.788,379.295,422.448,476.958
353,412,517.84,694.995,1240.09,713.165,517.84,565.535,828.998,731.335,413.363,470.144,352.04
353,413,615.502,717.708,631.401,674.554,279.361,263.462,404.278,270.276,268.005,361.125,445.16
353,414,229.394,286.175,756.318,261.191,149.901,195.325,224.851,183.969,145.359,172.613,236.208
354,395,174.884,465.601,272.547,513.297,233.936,470.144,483.771,274.818,579.163,461.059,554.179
354,396,304.344,476.958,570.078,442.889,424.719,447.432,1053.85,1260.53,1916.92,1201.48,1610.3
354,397,492.856,931.203,476.958,919.847,1435.42,1819.25,3027.55,2343.91,1321.85,994.797,1228.73
354,398,651.842,1980.51,1244.63,2364.35,1337.75,2596.01,3134.29,2203.09,2516.52,1966.88,2389.33
354,399,913.033,4004.17,2084.99,3463.62,3786.13,4049.6,3874.71,3543.11,2623.27,2491.54,2957.14
354,400,3166.09,4124.55,2902.63,4631.03,6139.13,3681.66,5260.16,6977.21,4762.76,6838.66,5523.62
354,401,2991.21,5712.13,6239.06,13547.9,17200,12078.4,12428.2,13107.2,4556.08,9371.08,7227.04
354,402,3343.25,9414.23,16187,15989.4,8644.29,8335.4,7213.42,7599.52,3318.26,9296.13,7644.95
354,403,4085.94,5087.55,14413.2,6718.29,9343.83,6248.14,7744.88,10245.5,4497.03,10222.8,8671.54
354,405,2618.72,7704,18117.6,12071.6,8115.09,7386.03,6513.88,5446.4,1776.1,3745.25,2511.98
354,406,3688.47,8074.21,12371.4,9743.56,4715.07,6788.7,5405.52,3790.68,1555.79,2396.14,1869.22
354,407,4596.96,6459.37,7760.78,4692.35,2882.19,3023,2848.12,2414.31,1535.35,1312.77,1496.74
354,408,4167.7,3243.31,3231.96,3945.12,2764.08,3154.73,3395.48,2259.87,958.458,1112.9,960.729
354,409,1517.18,2730.01,3854.27,3325.08,1435.42,2250.79,2230.34,1255.99,647.3,719.979,742.691
354,410,1844.24,1785.18,2648.25,1351.38,840.354,1276.43,1258.26,819.913,465.601,604.146,501.941
354,411,1662.54,1442.23,915.304,1642.1,994.797,581.434,449.703,508.755,308.887,297.531,461.059
354,412,590.519,413.363,1385.45,515.568,349.769,352.04,406.55,397.465,304.344,243.021,297.531
354,413,529.196,758.59,529.196,481.5,358.854,458.788,347.498,338.413,297.531,270.276,342.955
354,414,690.453,415.634,467.873,308.887,227.123,306.616,215.767,245.292,199.868,208.953,183.969
355,395,161.257,254.377,247.564,379.295,379.295,206.682,290.717,397.465,411.092,524.653,520.111
355,396,361.125,381.566,522.382,545.094,724.521,560.993,1183.31,1053.85,667.741,890.321,792.658
355,397,268.005,1231,794.929,1156.05,776.759,1887.39,2455.2,969.814,981.17,567.807,810.828
355,398,951.644,2246.24,1087.92,1119.71,856.252,1033.41,1326.4,1855.59,2368.89,2209.9,2843.58
355,399,1535.35,1953.25,765.403,2169.02,3218.33,3390.94,3463.62,2802.69,1069.75,1969.15,1780.64
355,400,2441.57,4610.59,2493.81,4803.64,1623.93,3531.76,3020.73,1891.93,1185.58,1978.24,1553.52
355,401,3881.53,4528.83,3172.9,5128.43,2923.07,8024.24,4724.15,2734.56,1028.87,2875.37,2434.75
355,402,8959.99,3027.55,2137.22,3656.67,2291.67,3922.41,1839.69,1751.12,1240.09,4612.86,3388.67
355,403,8174.14,1803.35,2609.64,2162.21,2543.77,3445.45,2216.72,2221.26,919.847,4565.17,3034.36
355,404,4301.7,3493.15,4024.61,3704.37,1998.68,6332.18,3125.21,2109.97,683.639,2209.9,1567.15
355,405,10440.8,2641.44,2209.9,2655.06,960.729,3409.11,1960.07,944.83,651.842,747.234,794.929
355,406,7072.6,3231.96,1062.93,2536.96,597.333,2266.68,1389.99,813.099,872.151,588.248,726.793
355,407,5287.42,1367.28,976.627,997.068,1171.95,1637.55,2486.99,1160.6,533.738,538.281,617.774
355,408,3013.92,2505.16,1072.02,1944.17,1022.05,1821.52,1349.11,1024.32,1258.26,1015.24,1203.75
355,409,2482.45,2246.24,1326.4,1210.56,1907.83,754.047,831.269,1340.02,1771.56,1303.68,1805.63
355,410,1658,674.554,2443.84,1117.44,1051.58,440.618,520.111,567.807,592.79,563.264,629.13
355,411,969.814,592.79,2139.5,504.212,620.045,660.927,667.741,420.177,417.906,365.667,408.821
355,412,1040.22,969.814,406.55,765.403,440.618,345.226,352.04,224.851,365.667,258.92,349.769
355,413,333.87,392.922,853.981,322.514,274.818,279.361,352.04,211.224,265.734,179.427,224.851
355,414,463.33,222.58,331.599,227.123,158.986,222.58,220.309,134.002,199.868,233.936,279.361
355,415,252.106,154.443,358.854,204.41,106.748,170.342,240.75,152.172,131.731,168.071,163.528
356,393,138.545,158.986,274.818,127.189,247.564,95.3915,152.172,263.462,402.007,365.667,283.903
356,394,106.748,195.325,306.616,174.884,222.58,170.342,265.734,243.021,367.939,252.106,370.21
356,395,120.375,361.125,445.16,224.851,220.309,174.884,302.073,481.5,497.399,358.854,431.533
356,396,270.276,411.092,224.851,402.007,481.5,715.436,692.724,524.653,395.193,442.889,529.196
356,397,501.941,797.201,406.55,558.722,445.16,719.979,760.861,931.203,1337.75,785.844,1144.7
356,398,1072.02,851.71,340.684,1126.53,2112.24,1355.92,1764.74,1903.29,1353.65,2380.25,2748.18
356,399,901.677,1723.86,1901.02,1826.07,883.507,2010.04,1317.31,801.743,1296.87,883.507,1115.17
356,400,1617.11,1278.7,1948.71,978.899,1062.93,754.047,831.269,1185.58,2400.69,1828.34,2623.27
356,401,2332.55,690.453,1542.16,1112.9,1780.64,1033.41,867.609,1346.84,928.932,2318.92,2094.07
356,402,1539.89,1573.96,1964.61,1851.05,1748.84,1380.91,1047.04,1442.23,576.892,3045.71,1635.28
356,403,2157.67,1819.25,1955.53,2516.52,2237.16,1648.91,1149.24,1265.07,599.604,2157.67,1292.33
356,404,3120.67,1351.38,1530.81,2416.59,1862.41,967.543,849.439,967.543,620.045,1253.72,1087.92
356,405,1380.91,2178.11,2159.94,1619.38,699.538,717.708,815.37,560.993,363.396,722.25,883.507
356,406,878.965,994.797,1428.6,524.653,390.651,497.399,938.017,567.807,317.972,340.684,520.111
356,407,706.351,990.255,436.076,1024.32,629.13,944.83,1044.76,420.177,361.125,367.939,377.024
356,408,665.469,1308.23,744.962,694.995,794.929,592.79,620.045,894.863,722.25,1097,913.033
356,409,1601.21,1533.08,533.738,2357.53,2543.77,2155.39,2246.24,2005.49,740.42,1317.31,1019.78
356,410,1703.42,2759.54,2328.01,3683.93,1898.75,2098.61,1905.56,1037.95,408.821,706.351,536.009
356,411,779.031,2082.71,3038.9,1378.63,381.566,479.229,408.821,356.583,322.514,338.413,308.887
356,412,333.87,972.085,1426.33,910.762,944.83,563.264,413.363,413.363,320.243,338.413,447.432
356,413,994.797,944.83,1285.51,774.488,429.262,245.292,204.41,174.884,292.988,206.682,206.682
356,414,449.703,374.752,1051.58,338.413,313.429,177.156,149.901,183.969,193.054,263.462,199.868
356,415,238.479,243.021,658.656,311.158,163.528,131.731,152.172,140.816,118.104,233.936,131.731
357,394,88.5778,322.514,231.665,329.328,338.413,374.752,574.62,449.703,249.835,211.224,281.632
357,395,154.443,386.109,463.33,342.955,286.175,352.04,574.62,622.316,924.389,390.651,520.111
357,396,268.005,660.927,333.87,663.198,731.335,697.267,756.318,663.198,665.469,461.059,874.422
357,397,286.175,451.974,842.625,447.432,504.212,654.113,1392.26,1078.83,888.05,647.3,560.993
357,398,354.311,1678.44,454.245,2012.31,2239.43,2228.07,1946.44,1489.92,938.017,1630.74,1869.22
357,399,992.526,1255.99,2291.67,1467.21,1049.31,699.538,908.491,751.776,819.913,772.217,858.524
357,400,1326.4,2087.26,1712.5,3023,2573.3,1646.64,2230.34,1982.78,1474.03,1789.73,1898.75
357,401,1255.99,1814.71,4254.01,1839.69,1156.05,1360.46,985.712,1090.19,767.675,1024.32,985.712
357,402,1019.78,719.979,1882.85,772.217,538.281,486.042,590.519,660.927,1146.97,1026.59,897.135
357,403,1471.75,1869.22,758.59,987.984,947.101,617.774,713.165,794.929,1626.2,928.932,1242.36
357,404,1458.13,1085.65,2116.78,801.743,928.932,549.637,581.434,729.064,1026.59,863.066,1047.04
357,405,1235.55,442.889,1805.63,520.111,445.16,540.552,392.922,513.297,449.703,822.184,608.689
357,406,1112.9,438.347,531.467,406.55,658.656,243.021,415.634,449.703,474.686,388.38,438.347
357,407,590.519,254.377,685.91,504.212,426.991,297.531,331.599,270.276,436.076,358.854,415.634
357,408,572.349,288.446,792.658,329.328,690.453,426.991,560.993,792.658,758.59,590.519,715.436
357,409,565.535,542.823,744.962,913.033,903.948,833.54,640.486,576.892,576.892,581.434,645.028
357,410,1848.78,983.441,1442.23,767.675,495.127,974.356,713.165,338.413,302.073,388.38,395.193
357,411,2032.75,1953.25,479.229,892.592,388.38,429.262,288.446,283.903,458.788,306.616,395.193
357,412,1526.26,549.637,465.601,529.196,377.024,447.432,297.531,292.988,399.736,383.837,483.771
357,413,790.387,579.163,554.179,422.448,327.057,163.528,320.243,236.208,342.955,290.717,306.616
357,414,672.283,520.111,399.736,361.125,292.988,183.969,243.021,238.479,274.818,240.75,327.057
357,415,524.653,327.057,406.55,174.884,161.257,122.646,170.342,149.901,222.58,143.087,161.257
358,394,154.443,313.429,236.208,261.191,304.344,268.005,367.939,361.125,390.651,249.835,374.752
358,395,354.311,522.382,302.073,390.651,336.142,258.92,583.705,733.606,1067.48,606.417,724.521
358,396,295.259,872.151,606.417,667.741,1249.17,1181.04,1605.76,1630.74,1562.6,1158.33,1669.35
358,397,715.436,613.231,990.255,997.068,685.91,522.382,642.757,599.604,549.637,524.653,690.453
358,398,417.906,1841.96,1308.23,1119.71,1083.38,1421.79,1181.04,1092.46,1210.56,1196.94,1410.43
358,399,1621.66,1087.92,994.797,1069.75,629.13,679.097,674.554,524.653,617.774,729.064,1062.93
358,400,1326.4,2405.23,853.981,2044.1,1099.27,1528.54,1276.43,874.422,451.974,719.979,683.639
358,401,3086.6,1035.68,1537.62,928.932,533.738,826.726,492.856,579.163,567.807,624.587,597.333
358,402,1428.6,610.96,681.368,438.347,506.484,547.366,860.795,685.91,869.88,765.403,1012.97
358,403,635.943,1015.24,1072.02,1567.15,2284.85,1315.04,1980.51,2625.54,2253.06,2178.11,2634.62
358,404,1996.41,1719.32,1092.46,3672.57,3352.33,2105.43,2103.16,2546.05,1258.26,1726.13,1830.61
358,405,1126.53,997.068,3624.88,1258.26,645.028,499.67,479.229,517.84,574.62,499.67,558.722
358,406,547.366,599.604,1612.57,567.807,760.861,767.675,958.458,592.79,629.13,520.111,729.064
358,407,363.396,1576.23,808.557,1926,769.946,763.132,1047.04,451.974,542.823,604.146,610.96
358,408,431.533,529.196,1526.26,529.196,697.267,670.012,685.91,985.712,595.061,710.894,613.231
358,409,424.719,599.604,604.146,804.014,540.552,797.201,692.724,772.217,674.554,731.335,624.587
358,410,813.099,769.946,581.434,524.653,508.755,340.684,392.922,408.821,708.623,726.793,1074.29
358,411,422.448,272.547,665.469,388.38,411.092,206.682,406.55,381.566,545.094,363.396,526.925
358,412,390.651,474.686,713.165,658.656,792.658,395.193,554.179,592.79,474.686,533.738,649.571
358,413,329.328,808.557,1262.8,658.656,424.719,374.752,456.517,447.432,302.073,331.599,352.04
358,414,265.734,358.854,651.842,361.125,206.682,315.7,336.142,290.717,249.835,247.564,302.073
358,415,306.616,292.988,317.972,183.969,145.359,206.682,263.462,149.901,163.528,168.071,213.495
359,394,104.476,208.953,181.698,220.309,415.634,340.684,451.974,474.686,458.788,463.33,342.955
359,395,138.545,899.406,252.106,860.795,574.62,436.076,420.177,563.264,735.877,704.08,635.943
359,396,620.045,567.807,917.576,679.097,1083.38,1580.77,2309.84,1905.56,1796.54,1682.98,1985.05
359,397,547.366,1957.8,676.826,2155.39,1265.07,1135.61,667.741,885.778,760.861,847.168,915.304
359,398,638.215,676.826,1932.81,913.033,872.151,813.099,947.101,1067.48,1987.32,1135.61,1546.71
359,399,1001.61,545.094,1053.85,799.472,1015.24,783.573,610.96,1144.7,1146.97,1340.02,1919.19
359,400,722.25,467.873,1056.12,606.417,794.929,417.906,426.991,513.297,613.231,706.351,844.896
359,401,1285.51,692.724,1012.97,660.927,1426.33,472.415,953.915,997.068,1097,576.892,865.337
359,402,545.094,1610.3,1296.87,2452.92,2779.98,894.863,1151.51,901.677,865.337,604.146,674.554
359,403,776.759,815.37,3281.92,1228.73,667.741,933.474,963,1315.04,565.535,1344.57,799.472
359,405,1433.14,1310.5,1031.14,1678.44,956.186,794.929,676.826,660.927,511.026,660.927,654.113
359,406,751.776,549.637,1365.01,974.356,1076.56,649.571,690.453,847.168,579.163,978.899,972.085
359,407,604.146,1121.99,1142.43,1258.26,985.712,865.337,956.186,835.811,626.859,806.285,767.675
359,408,815.37,729.064,1353.65,608.689,665.469,597.333,645.028,674.554,522.382,549.637,685.91
359,409,536.009,554.179,824.455,311.158,549.637,470.144,504.212,708.623,883.507,742.691,903.948
359,411,520.111,624.587,1903.29,1117.44,706.351,683.639,540.552,576.892,461.059,570.078,635.943
359,412,324.785,878.965,997.068,1124.26,706.351,744.962,640.486,531.467,354.311,529.196,520.111
359,413,647.3,617.774,1112.9,522.382,354.311,447.432,363.396,322.514,352.04,261.191,265.734
359,414,499.67,367.939,442.889,295.259,179.427,288.446,338.413,245.292,218.038,265.734,370.21
359,416,231.665,197.597,324.785,208.953,115.833,163.528,243.021,138.545,115.833,138.545,172.613
360,394,147.63,170.342,197.597,215.767,377.024,283.903,601.875,413.363,358.854,422.448,372.481
360,395,204.41,574.62,202.139,638.215,470.144,417.906,440.618,424.719,947.101,447.432,433.804
360,396,608.689,486.042,633.672,379.295,635.943,849.439,1878.3,1685.25,2257.6,1514.91,2069.09
360,397,402.007,1558.06,608.689,1449.04,1006.15,1471.75,1237.82,1376.36,824.455,1097,1203.75
360,398,1355.92,983.441,1367.28,1199.21,1260.53,874.422,1235.55,1169.68,1546.71,1108.36,1380.91
360,399,717.708,1065.21,1451.31,1605.76,2069.09,1680.71,1467.21,2187.19,1678.44,1932.81,2443.84
360,400,565.535,785.844,2384.79,1626.2,1292.33,717.708,629.13,878.965,526.925,1026.59,938.017
360,401,554.179,851.71,1710.23,1024.32,849.439,1137.88,1042.49,1160.6,560.993,856.252,828.998
360,402,881.236,1410.43,1044.76,1628.47,1110.63,2157.67,1794.27,1337.75,710.894,915.304,915.304
360,403,1603.49,704.08,1455.86,1003.88,524.653,649.571,467.873,579.163,417.906,758.59,999.34
360,404,599.604,626.859,692.724,733.606,370.21,681.368,511.026,438.347,897.135,751.776,1081.1
360,405,763.132,869.88,556.451,563.264,654.113,463.33,445.16,515.568,699.538,731.335,713.165
360,406,858.524,683.639,1026.59,769.946,492.856,604.146,461.059,433.804,520.111,717.708,499.67
360,407,617.774,526.925,813.099,604.146,408.821,779.031,610.96,617.774,576.892,642.757,606.417
360,408,606.417,429.262,495.127,710.894,1124.26,601.875,533.738,738.149,899.406,1078.83,1294.6
360,409,581.434,331.599,1099.27,679.097,715.436,476.958,449.703,935.745,851.71,1115.17,1035.68
360,410,345.226,824.455,1117.44,1358.19,1249.17,1403.62,1076.56,1037.95,872.151,1106.09,924.389
360,411,760.861,472.415,1426.33,792.658,295.259,697.267,524.653,524.653,517.84,426.991,608.689
360,412,672.283,513.297,620.045,429.262,340.684,447.432,495.127,413.363,442.889,361.125,442.889
360,413,570.078,436.076,529.196,454.245,243.021,345.226,492.856,322.514,322.514,238.479,224.851
360,414,358.854,338.413,408.821,356.583,165.8,238.479,342.955,222.58,247.564,220.309,286.175
360,415,245.292,324.785,227.123,165.8,115.833,193.054,161.257,113.561,95.3915,129.46,193.054
361,393,70.408,154.443,233.936,163.528,172.613,99.934,229.394,222.58,402.007,220.309,290.717
361,394,113.561,227.123,229.394,186.241,256.649,336.142,515.568,415.634,349.769,222.58,279.361
361,395,177.156,390.651,290.717,263.462,292.988,354.311,556.451,463.33,576.892,358.854,458.788
361,396,313.429,790.387,377.024,461.059,799.472,860.795,1841.96,1467.21,1573.96,1376.36,1673.89
361,397,483.771,1773.83,565.535,1519.45,1210.56,1567.15,1560.33,1358.19,863.066,1144.7,1342.29
361,398,869.88,1112.9,1355.92,1153.78,1276.43,758.59,1103.82,983.441,772.217,781.302,917.576
361,399,856.252,2071.36,1458.13,2396.14,2321.19,1826.07,1714.78,1846.51,983.441,1664.81,1528.54
361,400,1383.18,1058.39,2875.37,1521.72,740.42,1044.76,726.793,626.859,438.347,533.738,674.554
361,401,892.592,540.552,1778.37,392.922,299.802,479.229,511.026,370.21,304.344,397.465,349.769
361,402,563.264,1321.85,426.991,1053.85,654.113,724.521,747.234,402.007,322.514,363.396,279.361
361,403,1142.43,1614.84,867.609,876.693,193.054,379.295,420.177,254.377,354.311,454.245,426.991
361,404,676.826,567.807,956.186,411.092,388.38,313.429,415.634,585.976,572.349,581.434,563.264
361,405,413.363,501.941,470.144,1001.61,1097,813.099,1108.36,890.321,431.533,406.55,436.076
361,406,649.571,897.135,1146.97,858.524,445.16,411.092,531.467,374.752,292.988,329.328,311.158
361,407,472.415,429.262,585.976,540.552,476.958,320.243,522.382,440.618,365.667,336.142,352.04
361,409,588.248,992.526,1517.18,1726.13,1660.27,947.101,1006.15,933.474,563.264,826.726,735.877
361,410,638.215,1108.36,3245.58,1330.94,924.389,1137.88,1199.21,922.118,729.064,542.823,685.91
361,411,710.894,760.861,1308.23,856.252,667.741,540.552,760.861,563.264,490.585,490.585,672.283
361,412,258.92,699.538,1469.48,465.601,370.21,454.245,706.351,406.55,386.109,345.226,415.634
361,413,372.481,622.316,520.111,390.651,261.191,320.243,342.955,331.599,279.361,302.073,311.158
361,414,411.092,308.887,504.212,308.887,143.087,249.835,252.106,174.884,213.495,204.41,222.58
361,415,236.208,249.835,236.208,179.427,156.715,140.816,199.868,147.63,149.901,161.257,233.936
362,394,122.646,152.172,229.394,211.224,274.818,258.92,554.179,390.651,372.481,227.123,338.413
362,395,188.512,295.259,190.783,281.632,283.903,322.514,579.163,347.498,381.566,306.616,315.7
362,396,233.936,542.823,372.481,302.073,288.446,704.08,1253.72,835.811,804.014,790.387,869.88
362,397,526.925,1251.45,347.498,1128.8,804.014,1551.25,1365.01,1051.58,756.318,888.05,1115.17
362,398,1242.36,1201.48,983.441,1058.39,817.642,885.778,608.689,804.014,556.451,572.349,704.08
362,399,928.932,1701.15,985.712,1653.45,1153.78,1387.72,872.151,776.759,536.009,849.439,763.132
362,400,2096.34,765.403,1430.87,1053.85,440.618,583.705,402.007,372.481,440.618,488.314,324.785
362,401,1210.56,556.451,554.179,408.821,456.517,324.785,272.547,231.665,379.295,472.415,520.111
362,402,522.382,447.432,472.415,358.854,279.361,283.903,222.58,292.988,558.722,710.894,815.37
362,403,656.384,595.061,545.094,542.823,563.264,279.361,408.821,420.177,358.854,413.363,483.771
362,404,708.623,849.439,1087.92,831.269,590.519,361.125,381.566,356.583,308.887,297.531,213.495
362,405,379.295,413.363,1623.93,508.755,388.38,540.552,513.297,268.005,447.432,206.682,347.498
362,406,699.538,386.109,563.264,504.212,667.741,324.785,449.703,456.517,733.606,404.278,436.076
362,407,479.229,517.84,722.25,574.62,551.908,299.802,411.092,404.278,406.55,295.259,392.922
362,408,322.514,629.13,1203.75,542.823,776.759,851.71,881.236,726.793,388.38,556.451,408.821
362,409,808.557,2346.18,788.116,2532.42,1208.29,1324.13,963,626.859,277.09,429.262,388.38
362,410,1814.71,1146.97,1719.32,944.83,583.705,751.776,797.201,624.587,422.448,515.568,536.009
362,411,908.491,1328.67,581.434,1342.29,610.96,656.384,642.757,390.651,379.295,370.21,399.736
362,412,815.37,554.179,969.814,331.599,247.564,268.005,372.481,324.785,365.667,238.479,336.142
362,413,529.196,440.618,379.295,297.531,183.969,202.139,304.344,268.005,297.531,213.495,290.717
362,414,340.684,195.325,324.785,197.597,208.953,93.1203,199.868,81.7642,220.309,199.868,206.682
363,394,118.104,233.936,197.597,134.002,229.394,379.295,356.583,365.667,292.988,399.736,333.87
363,395,124.917,222.58,240.75,390.651,331.599,486.042,588.248,374.752,329.328,254.377,308.887
363,396,258.92,620.045,370.21,449.703,258.92,479.229,567.807,424.719,392.922,327.057,451.974
363,397,381.566,1085.65,367.939,642.757,356.583,767.675,967.543,579.163,533.738,604.146,513.297
363,398,781.302,878.965,620.045,744.962,901.677,783.573,660.927,697.267,397.465,683.639,676.826
363,399,926.66,1074.29,810.828,1215.11,763.132,765.403,567.807,495.127,327.057,476.958,483.771
363,400,919.847,470.144,1469.48,404.278,270.276,333.87,506.484,454.245,486.042,331.599,340.684
363,401,542.823,631.401,483.771,415.634,333.87,511.026,533.738,361.125,367.939,277.09,274.818
363,402,258.92,338.413,878.965,606.417,808.557,415.634,651.842,415.634,288.446,338.413,252.106
363,403,399.736,924.389,476.958,1530.81,1385.45,858.524,1042.49,438.347,338.413,263.462,342.955
363,404,708.623,1480.84,1489.92,1601.21,640.486,608.689,511.026,311.158,458.788,370.21,540.552
363,405,917.576,370.21,897.135,442.889,342.955,324.785,374.752,390.651,397.465,461.059,511.026
363,406,324.785,333.87,431.533,501.941,470.144,649.571,865.337,710.894,456.517,511.026,499.67
363,407,470.144,735.877,529.196,1119.71,749.505,819.913,910.762,620.045,479.229,404.278,411.092
363,408,536.009,1274.16,888.05,987.984,329.328,265.734,347.498,308.887,358.854,408.821,465.601
363,409,490.585,595.061,1049.31,449.703,279.361,454.245,290.717,204.41,270.276,274.818,224.851
363,410,1062.93,506.484,420.177,620.045,1010.7,501.941,449.703,476.958,515.568,456.517,426.991
363,411,411.092,888.05,1056.12,940.288,392.922,470.144,558.722,431.533,426.991,331.599,372.481
363,412,797.201,476.958,804.014,508.755,483.771,331.599,540.552,454.245,302.073,252.106,336.142
363,413,317.972,436.076,701.809,383.837,204.41,222.58,231.665,195.325,202.139,172.613,304.344
363,414,177.156,174.884,274.818,206.682,206.682,127.189,227.123,143.087,179.427,113.561,165.8
363,415,136.274,193.054,254.377,168.071,127.189,99.934,152.172,79.4929,170.342,163.528,104.476
364,394,86.3066,236.208,197.597,154.443,154.443,158.986,218.038,218.038,227.123,320.243,258.92
364,396,247.564,329.328,288.446,188.512,195.325,304.344,388.38,238.479,206.682,252.106,265.734
364,397,390.651,506.484,172.613,340.684,299.802,281.632,560.993,404.278,372.481,413.363,352.04
364,398,551.908,676.826,311.158,497.399,472.415,638.215,563.264,429.262,256.649,463.33,313.429
364,399,651.842,681.368,601.875,799.472,472.415,565.535,336.142,358.854,122.646,381.566,370.21
364,400,844.896,361.125,610.96,461.059,315.7,286.175,272.547,215.767,134.002,258.92,317.972
364,401,467.873,426.991,347.498,660.927,878.965,370.21,497.399,381.566,279.361,292.988,290.717
364,402,617.774,411.092,1026.59,801.743,1022.05,340.684,488.314,447.432,472.415,292.988,306.616
364,403,247.564,383.837,1399.08,742.691,495.127,617.774,522.382,517.84,581.434,381.566,479.229
364,404,783.573,576.892,813.099,467.873,772.217,331.599,386.109,511.026,388.38,426.991,538.281
364,405,599.604,629.13,694.995,674.554,415.634,388.38,372.481,247.564,324.785,347.498,345.226
364,406,383.837,295.259,713.165,265.734,220.309,252.106,297.531,258.92,352.04,436.076,526.925
364,407,263.462,545.094,481.5,372.481,256.649,424.719,529.196,340.684,672.283,522.382,592.79
364,408,626.859,813.099,676.826,392.922,674.554,372.481,461.059,554.179,563.264,417.906,511.026
364,409,922.118,352.04,624.587,506.484,404.278,261.191,288.446,467.873,238.479,268.005,249.835
364,410,367.939,522.382,706.351,667.741,751.776,729.064,731.335,667.741,447.432,327.057,295.259
364,411,486.042,642.757,624.587,744.962,317.972,547.366,683.639,556.451,279.361,386.109,386.109
364,412,558.722,595.061,449.703,372.481,268.005,492.856,449.703,279.361,245.292,288.446,249.835
364,413,467.873,420.177,329.328,204.41,140.816,195.325,274.818,163.528,218.038,186.241,158.986
364,414,297.531,283.903,238.479,224.851,206.682,206.682,193.054,215.767,186.241,193.054,111.29
365,395,81.7642,186.241,304.344,136.274,115.833,124.917,195.325,206.682,206.682,181.698,158.986
365,396,81.7642,193.054,272.547,179.427,202.139,127.189,204.41,181.698,236.208,202.139,179.427
365,397,138.545,227.123,197.597,109.019,206.682,222.58,243.021,229.394,333.87,363.396,397.465
365,399,377.024,243.021,413.363,306.616,218.038,224.851,188.512,195.325,265.734,288.446,218.038
365,400,422.448,261.191,365.667,218.038,197.597,183.969,170.342,179.427,270.276,245.292,306.616
365,401,268.005,645.028,317.972,447.432,290.717,563.264,556.451,245.292,390.651,281.632,415.634
365,402,672.283,990.255,333.87,976.627,597.333,897.135,656.384,386.109,297.531,272.547,388.38
365,403,717.708,722.25,647.3,742.691,383.837,620.045,685.91,454.245,279.361,263.462,327.057
365,404,479.229,570.078,551.908,620.045,540.552,919.847,674.554,570.078,290.717,311.158,286.175
365,405,306.616,565.535,558.722,558.722,292.988,345.226,361.125,347.498,270.276,331.599,379.295
365,406,497.399,426.991,399.736,449.703,554.179,363.396,481.5,567.807,372.481,731.335,601.875
365,407,213.495,676.826,724.521,470.144,302.073,315.7,422.448,606.417,388.38,504.212,515.568
365,408,517.84,533.738,454.245,524.653,431.533,599.604,756.318,508.755,347.498,377.024,322.514
365,409,551.908,524.653,656.384,658.656,292.988,431.533,331.599,329.328,367.939,204.41,315.7
365,410,383.837,304.344,524.653,388.38,299.802,522.382,456.517,340.684,302.073,306.616,283.903
365,411,442.889,272.547,431.533,188.512,199.868,377.024,231.665,193.054,204.41,233.936,281.632
365,413,295.259,274.818,317.972,183.969,233.936,163.528,258.92,163.528,113.561,183.969,161.257
366,397,154.443,238.479,190.783,299.802,224.851,186.241,392.922,329.328,438.347,279.361,370.21
366,401,156.715,347.498,449.703,454.245,486.042,265.734,451.974,511.026,445.16,454.245,474.686
366,402,313.429,372.481,958.458,458.788,642.757,233.936,295.259,508.755,558.722,383.837,574.62
366,403,426.991,342.955,797.201,479.229,342.955,220.309,265.734,322.514,392.922,311.158,315.7
366,404,352.04,247.564,751.776,268.005,202.139,240.75,295.259,258.92,204.41,338.413,297.531
366,405,454.245,277.09,283.903,195.325,149.901,197.597,211.224,206.682,156.715,222.58,227.123
366,406,426.991,799.472,292.988,436.076,338.413,445.16,456.517,299.802,163.528,317.972,263.462
366,407,533.738,722.25,529.196,424.719,161.257,292.988,429.262,240.75,274.818,222.58,231.665
366,408,395.193,860.795,424.719,365.667,233.936,177.156,336.142,338.413,499.67,322.514,442.889
366,409,565.535,486.042,374.752,392.922,395.193,392.922,483.771,579.163,397.465,354.311,433.804
366,410,408.821,442.889,554.179,465.601,270.276,424.719,331.599,256.649,240.75,238.479,295.259
366,411,308.887,263.462,417.906,272.547,281.632,168.071,236.208,136.274,145.359,186.241,190.783
366,413,143.087,229.394,288.446,145.359,84.0354,124.917,208.953,168.071,168.071,156.715,170.342
367,397,122.646,233.936,181.698,220.309,111.29,231.665,342.955,245.292,231.665,202.139,202.139
367,398,131.731,445.16,302.073,315.7,206.682,397.465,415.634,392.922,261.191,227.123,292.988
367,399,268.005,383.837,327.057,370.21,245.292,243.021,306.616,220.309,179.427,195.325,199.868
367,401,320.243,404.278,243.021,413.363,199.868,517.84,379.295,306.616,236.208,317.972,256.649
367,402,424.719,465.601,281.632,545.094,286.175,660.927,624.587,531.467,288.446,395.193,345.226
367,403,570.078,758.59,290.717,842.625,488.314,465.601,447.432,340.684,179.427,272.547,286.175
367,404,461.059,295.259,726.793,433.804,363.396,274.818,370.21,345.226,143.087,252.106,213.495
367,405,258.92,372.481,488.314,492.856,283.903,188.512,304.344,202.139,206.682,227.123,233.936
367,406,127.189,252.106,674.554,243.021,204.41,158.986,202.139,202.139,172.613,163.528,168.071
367,407,488.314,313.429,363.396,172.613,120.375,183.969,147.63,143.087,179.427,220.309,204.41
367,408,356.583,406.55,299.802,333.87,383.837,336.142,454.245,456.517,252.106,367.939,356.583
367,409,420.177,656.384,381.566,697.267,317.972,522.382,483.771,345.226,211.224,370.21,315.7
367,410,347.498,377.024,610.96,281.632,304.344,247.564,206.682,199.868,220.309,208.953,143.087
367,412,206.682,188.512,363.396,186.241,154.443,181.698,195.325,129.46,143.087,122.646,102.205
368,402,229.394,356.583,238.479,177.156,249.835,161.257,224.851,270.276,231.665,270.276,342.955
368,403,336.142,447.432,261.191,177.156,183.969,272.547,261.191,161.257,147.63,215.767,304.344
368,404,501.941,495.127,213.495,279.361,124.917,233.936,263.462,236.208,124.917,165.8,252.106
368,405,374.752,517.84,249.835,347.498,163.528,329.328,252.106,245.292,156.715,268.005,227.123
368,406,463.33,449.703,227.123,311.158,156.715,224.851,224.851,118.104,193.054,106.748,147.63
368,407,245.292,363.396,177.156,297.531,147.63,111.29,224.851,115.833,124.917,106.748,193.054
368,408,263.462,245.292,356.583,188.512,177.156,213.495,252.106,247.564,163.528,179.427,165.8
368,409,272.547,370.21,206.682,202.139,233.936,243.021,213.495,158.986,129.46,154.443,170.342
368,410,558.722,222.58,302.073,240.75,190.783,227.123,206.682,254.377,163.528,143.087,213.495
368,411,308.887,270.276,263.462,195.325,213.495,233.936,206.682,163.528,131.731,138.545,154.443
369,404,240.75,222.58,363.396,168.071,138.545,145.359,265.734,213.495,145.359,220.309,227.123
369,405,292.988,218.038,211.224,222.58,179.427,156.715,252.106,163.528,81.7642,113.561,190.783
370,403,279.361,222.58,109.019,156.715,122.646,102.205,99.934,115.833,179.427,188.512,113.561
