217,546,77.2217,170.342,147.63,170.342,188.512,102.205,283.903,213.495,227.123,88.5778,170.342
212,547,63.5943,154.443,120.375,97.6627,104.476,149.901,261.191,249.835,231.665,211.224,172.613
214,547,52.2382,149.901,161.257,68.1368,113.561,97.6627,197.597,161.257,268.005,238.479,292.988
215,547,59.0519,202.139,206.682,134.002,179.427,109.019,233.936,263.462,388.38,415.634,442.889
216,547,109.019,172.613,140.816,174.884,197.597,231.665,397.465,317.972,390.651,290.717,547.366
219,547,104.476,109.019,154.443,172.613,140.816,106.748,261.191,202.139,352.04,265.734,165.8
220,547,84.0354,154.443,177.156,165.8,161.257,104.476,258.92,220.309,302.073,299.802,297.531
204,548,154.443,147.63,188.512,106.748,109.019,90.8491,231.665,279.361,195.325,172.613,145.359
215,548,93.1203,152.172,222.58,272.547,363.396,229.394,397.465,336.142,588.248,349.769,499.67
216,548,81.7642,186.241,168.071,270.276,374.752,442.889,622.316,392.922,697.267,495.127,656.384
217,548,36.3396,292.988,181.698,195.325,183.969,299.802,445.16,283.903,490.585,558.722,815.37
219,548,68.1368,163.528,172.613,172.613,115.833,211.224,322.514,236.208,263.462,147.63,211.224
220,548,97.6627,138.545,149.901,174.884,158.986,174.884,395.193,445.16,352.04,265.734,243.021
221,548,124.917,124.917,206.682,154.443,161.257,104.476,261.191,252.106,324.785,317.972,365.667
203,549,65.8656,170.342,172.613,118.104,158.986,124.917,247.564,152.172,165.8,199.868,186.241
204,549,56.7807,145.359,240.75,154.443,145.359,161.257,281.632,268.005,243.021,261.191,245.292
206,549,134.002,193.054,236.208,211.224,233.936,186.241,263.462,338.413,674.554,417.906,713.165
207,549,95.3915,156.715,213.495,193.054,254.377,213.495,352.04,304.344,878.965,633.672,967.543
208,549,63.5943,158.986,213.495,158.986,220.309,195.325,311.158,304.344,715.436,649.571,785.844
209,549,81.7642,102.205,190.783,149.901,122.646,195.325,286.175,358.854,492.856,383.837,442.889
210,549,97.6627,149.901,188.512,183.969,222.58,131.731,243.021,274.818,408.821,349.769,308.887
211,549,72.6793,188.512,177.156,272.547,274.818,258.92,333.87,356.583,522.382,365.667,465.601
212,549,54.5094,165.8,134.002,372.481,270.276,202.139,372.481,349.769,654.113,383.837,526.925
213,549,99.934,165.8,145.359,261.191,372.481,218.038,338.413,474.686,815.37,545.094,613.231
214,549,124.917,177.156,186.241,263.462,243.021,415.634,610.96,676.826,635.943,567.807,688.182
215,549,127.189,352.04,340.684,463.33,286.175,436.076,699.538,656.384,681.368,440.618,454.245
216,549,161.257,272.547,183.969,520.111,370.21,317.972,638.215,717.708,851.71,524.653,574.62
217,549,95.3915,193.054,218.038,165.8,195.325,279.361,476.958,588.248,881.236,831.269,938.017
218,549,65.8656,193.054,211.224,249.835,261.191,190.783,295.259,345.226,626.859,749.505,942.559
220,549,95.3915,206.682,195.325,188.512,124.917,381.566,497.399,506.484,354.311,222.58,349.769
221,549,90.8491,149.901,163.528,238.479,118.104,195.325,365.667,392.922,363.396,229.394,245.292
204,550,93.1203,165.8,211.224,136.274,240.75,161.257,233.936,249.835,429.262,231.665,424.719
205,550,95.3915,215.767,227.123,206.682,224.851,215.767,329.328,402.007,751.776,445.16,554.179
206,550,136.274,227.123,270.276,311.158,340.684,211.224,570.078,572.349,763.132,540.552,715.436
207,550,77.2217,213.495,183.969,331.599,252.106,379.295,824.455,715.436,758.59,615.502,635.943
208,550,47.6958,211.224,143.087,256.649,243.021,342.955,808.557,701.809,629.13,456.517,522.382
209,550,65.8656,188.512,236.208,229.394,211.224,277.09,663.198,397.465,635.943,415.634,590.519
210,550,93.1203,156.715,195.325,229.394,220.309,213.495,447.432,379.295,1026.59,685.91,779.031
211,550,109.019,311.158,315.7,299.802,288.446,399.736,595.061,715.436,1103.82,699.538,831.269
212,550,145.359,356.583,247.564,358.854,456.517,574.62,742.691,815.37,1196.94,663.198,1047.04
213,550,59.0519,252.106,290.717,395.193,538.281,665.469,1101.54,878.965,1330.94,708.623,1037.95
214,550,140.816,197.597,295.259,565.535,949.373,869.88,1162.87,1006.15,1212.83,681.368,1031.14
215,550,206.682,467.873,590.519,356.583,524.653,1051.58,1219.65,724.521,740.42,565.535,856.252
216,550,229.394,356.583,306.616,406.55,311.158,670.012,1196.94,726.793,826.726,490.585,610.96
217,550,161.257,270.276,177.156,288.446,254.377,645.028,1058.39,985.712,835.811,656.384,822.184
218,550,124.917,127.189,220.309,256.649,233.936,436.076,756.318,826.726,719.979,849.439,894.863
219,550,174.884,208.953,258.92,245.292,402.007,213.495,377.024,445.16,631.401,556.451,699.538
222,550,118.104,174.884,222.58,268.005,165.8,243.021,408.821,279.361,356.583,290.717,302.073
204,551,106.748,152.172,258.92,206.682,134.002,186.241,229.394,231.665,417.906,474.686,511.026
205,551,115.833,129.46,258.92,238.479,349.769,258.92,542.823,522.382,585.976,526.925,565.535
206,551,131.731,283.903,220.309,377.024,461.059,563.264,1012.97,713.165,733.606,538.281,613.231
207,551,93.1203,220.309,218.038,340.684,379.295,572.349,1065.21,713.165,1115.17,517.84,878.965
208,551,109.019,254.377,220.309,365.667,392.922,726.793,1051.58,701.809,1517.18,876.693,1501.28
209,551,140.816,231.665,245.292,256.649,290.717,520.111,740.42,922.118,1605.76,1233.28,1578.5
210,551,129.46,258.92,265.734,258.92,576.892,526.925,1171.95,1371.82,1035.68,1019.78,1087.92
211,551,129.46,392.922,352.04,445.16,563.264,892.592,1623.93,1249.17,1410.43,765.403,1103.82
212,551,163.528,481.5,417.906,554.179,674.554,819.913,1558.06,1303.68,2786.8,1260.53,1926
213,551,190.783,513.297,413.363,708.623,717.708,881.236,1871.49,1487.65,3077.51,2164.48,2957.14
214,551,97.6627,536.009,390.651,1251.45,749.505,963,1780.64,1678.44,3309.18,2664.15,3390.94
215,551,308.887,361.125,479.229,828.998,897.135,667.741,1401.35,1512.64,2400.69,2162.21,2848.12
216,551,279.361,420.177,415.634,329.328,556.451,769.946,1067.48,860.795,1471.75,1287.79,1673.89
217,551,111.29,320.243,249.835,329.328,438.347,999.34,1358.19,1151.51,1085.65,629.13,915.304
218,551,188.512,338.413,220.309,313.429,222.58,633.672,1001.61,810.828,881.236,640.486,790.387
219,551,177.156,243.021,238.479,504.212,392.922,413.363,667.741,560.993,810.828,635.943,676.826
220,551,129.46,202.139,233.936,295.259,363.396,252.106,342.955,365.667,681.368,513.297,685.91
221,551,31.7972,199.868,202.139,158.986,240.75,354.311,454.245,279.361,265.734,440.618,474.686
222,551,109.019,145.359,195.325,168.071,199.868,220.309,317.972,315.7,311.158,213.495,302.073
204,552,102.205,202.139,279.361,277.09,218.038,136.274,306.616,333.87,470.144,467.873,492.856
205,552,174.884,320.243,372.481,556.451,474.686,442.889,567.807,583.705,860.795,356.583,624.587
206,552,156.715,545.094,411.092,638.215,604.146,511.026,835.811,965.271,1696.61,726.793,1367.28
207,552,140.816,508.755,395.193,476.958,533.738,783.573,1067.48,1110.63,2268.96,1362.74,2035.02
208,552,131.731,268.005,302.073,374.752,520.111,919.847,1544.43,1662.54,2457.47,1653.45,2309.84
209,552,174.884,222.58,290.717,547.366,1237.82,983.441,1876.03,1664.81,1508.09,1442.23,1637.55
210,552,238.479,383.837,390.651,919.847,1162.87,1564.88,1762.47,947.101,1803.35,983.441,1278.7
211,552,263.462,517.84,440.618,874.422,1074.29,1083.38,1340.02,1269.62,3050.26,1687.52,2396.14
212,552,290.717,776.759,722.25,942.559,1269.62,1592.13,2741.37,3141.11,3368.23,2284.85,2902.63
213,552,354.311,919.847,1017.51,908.491,1464.94,2332.55,4026.88,4317.6,3340.97,2212.17,2611.91
214,552,306.616,1060.66,656.384,924.389,1483.11,2614.18,4063.22,3690.74,3077.51,2539.23,3075.24
215,552,229.394,458.788,333.87,888.05,888.05,2289.4,3672.57,3261.48,3590.81,2786.8,3649.86
216,552,367.939,404.278,406.55,903.948,1315.04,1174.22,2450.65,1980.51,2725.47,2371.16,3125.21
217,552,295.259,488.314,476.958,551.908,919.847,1217.38,1939.63,1340.02,1474.03,1403.62,1792
218,552,206.682,501.941,461.059,370.21,333.87,878.965,1315.04,1044.76,1067.48,563.264,894.863
219,552,61.3231,554.179,304.344,554.179,429.262,606.417,1196.94,785.844,769.946,713.165,717.708
220,552,127.189,190.783,202.139,513.297,379.295,383.837,738.149,731.335,717.708,658.656,701.809
221,552,149.901,220.309,238.479,229.394,215.767,304.344,436.076,372.481,463.33,520.111,685.91
204,553,68.1368,258.92,238.479,229.394,377.024,249.835,411.092,524.653,497.399,336.142,399.736
205,553,186.241,508.755,676.826,506.484,670.012,654.113,806.285,567.807,1428.6,670.012,1551.25
206,553,290.717,683.639,670.012,681.368,1142.43,908.491,1305.96,1353.65,3563.55,2232.62,3447.72
207,553,311.158,585.976,438.347,985.712,1146.97,1280.97,2402.96,2105.43,3886.07,2970.76,3724.81
208,553,320.243,560.993,349.769,1060.66,1142.43,1735.22,2873.1,2132.68,3011.65,2280.31,2859.47
209,553,127.189,1017.51,640.486,1642.1,890.321,1744.3,2652.79,2062.27,2720.93,1805.63,2212.17
210,553,245.292,1344.57,765.403,1589.86,756.318,1181.04,2053.19,2568.76,4319.87,2309.84,4038.24
211,553,295.259,1328.67,826.726,1453.59,2221.26,1948.71,3534.03,4776.39,5046.67,4033.7,5257.89
212,553,397.465,1469.48,833.54,2584.66,3806.58,3534.03,4726.42,3970.1,3858.81,3788.41,5010.33
213,553,576.892,1453.59,956.186,2427.94,3107.04,4876.32,4278.99,2988.93,3633.96,3979.19,4551.54
214,553,679.097,1469.48,922.118,2673.23,2766.35,3513.59,2752.73,2773.17,2834.49,3306.91,3608.98
215,553,372.481,1115.17,719.979,1485.38,1462.67,3034.36,2936.7,2948.05,2941.24,2523.33,2916.25
216,553,313.429,924.389,497.399,1723.86,1176.5,2218.99,3586.27,3765.69,4762.76,3163.82,3892.88
217,553,431.533,390.651,426.991,1319.58,1103.82,1312.77,2266.68,1835.15,2802.69,2895.81,3577.18
218,553,268.005,483.771,731.335,463.33,708.623,1317.31,2035.02,1396.8,1410.43,1242.36,1417.25
219,553,220.309,576.892,508.755,431.533,447.432,840.354,1355.92,1067.48,1072.02,804.014,831.269
220,553,138.545,345.226,306.616,404.278,338.413,754.047,1137.88,754.047,642.757,740.42,724.521
221,553,129.46,165.8,193.054,204.41,220.309,329.328,488.314,538.281,515.568,476.958,513.297
202,554,90.8491,170.342,347.498,131.731,136.274,93.1203,168.071,204.41,299.802,268.005,272.547
204,554,186.241,268.005,374.752,436.076,526.925,492.856,445.16,370.21,442.889,356.583,399.736
205,554,272.547,492.856,701.809,794.929,774.488,495.127,515.568,792.658,1878.3,826.726,1537.62
206,554,442.889,1121.99,685.91,1449.04,1178.77,1260.53,2148.58,3016.19,4229.02,2198.55,3145.65
207,554,442.889,1285.51,715.436,1907.83,1090.19,2028.21,4830.9,4535.64,4871.78,3449.99,4226.75
208,554,327.057,1228.73,1069.75,1514.91,1408.16,1973.7,4319.87,4222.21,5021.68,4176.79,4935.38
209,554,363.396,1871.49,1798.81,1514.91,1973.7,2432.48,3799.76,3704.37,4651.47,4374.38,5280.6
210,554,719.979,1619.38,1274.16,1648.91,4767.3,3241.04,4617.4,4151.8,4388.01,4985.34,6400.32
211,554,676.826,2459.74,1991.87,3370.5,4419.81,5466.84,5634.91,5023.95,3681.66,4824.09,5119.34
212,554,772.217,3861.09,1914.64,5328.3,3050.26,4001.9,3874.71,4072.31,3915.59,4088.21,4896.76
213,554,972.085,3415.92,2021.39,3917.87,4020.07,2507.43,3138.84,4914.93,5939.26,6636.52,7688.1
214,554,1001.61,2832.22,1923.73,3502.23,3204.7,3318.26,4669.64,5902.92,5137.51,6779.61,7052.16
215,554,758.59,1923.73,1519.45,2321.19,2941.24,2770.9,2929.88,3225.14,3279.65,3663.49,3992.82
216,554,520.111,2457.47,1626.2,1426.33,1474.03,4274.45,5214.74,5464.57,5366.91,3291.01,4665.1
217,554,311.158,1031.14,531.467,1403.62,969.814,2709.57,6425.3,5789.36,4987.61,3917.87,4515.2
218,554,449.703,440.618,422.448,1246.9,978.899,1480.84,2409.77,1889.66,2080.44,2314.38,2491.54
219,554,426.991,367.939,554.179,624.587,749.505,1174.22,1844.24,1433.14,1290.06,726.793,1017.51
220,554,193.054,397.465,329.328,433.804,315.7,881.236,1265.07,888.05,790.387,674.554,856.252
221,554,90.8491,238.479,177.156,222.58,286.175,420.177,667.741,522.382,436.076,526.925,436.076
222,554,143.087,168.071,245.292,152.172,154.443,367.939,476.958,288.446,283.903,361.125,308.887
223,554,104.476,131.731,258.92,218.038,140.816,213.495,356.583,222.58,188.512,288.446,243.021
203,555,161.257,202.139,249.835,345.226,379.295,624.587,674.554,372.481,383.837,215.767,411.092
204,555,181.698,390.651,585.976,476.958,415.634,302.073,338.413,565.535,1267.34,520.111,860.795
205,555,247.564,1001.61,976.627,828.998,1069.75,610.96,1035.68,1226.46,1814.71,1321.85,1626.2
206,555,526.925,1612.57,1855.59,1816.98,2845.85,1907.83,2414.31,1689.79,1644.37,1396.8,1742.03
207,555,747.234,1955.53,1430.87,1537.62,3599.89,4549.27,4994.43,3150.19,2223.53,1274.16,2144.04
208,555,635.943,1726.13,1305.96,2257.6,3822.47,4835.44,5764.37,4656.01,3470.43,2307.57,3281.92
209,555,1194.67,2155.39,1144.7,3670.3,3229.68,4531.1,5364.64,4522.01,3375.04,3154.73,3779.32
210,555,1321.85,2475.64,1991.87,6095.97,4442.52,3622.61,4060.95,4140.45,4047.33,4026.88,4758.22
211,555,1408.16,4288.08,4381.2,5887.02,4699.17,3938.31,3849.73,4490.21,3413.65,4919.48,5335.11
212,555,2189.46,4574.25,4233.57,3200.16,4851.34,4147.26,3427.28,3754.34,2818.59,6159.57,6182.28
213,555,1996.41,3663.49,3270.57,4635.57,6650.15,5096.63,3833.83,5453.22,4049.6,7540.47,7036.26
214,555,1928.27,3145.65,2673.23,4783.2,5257.89,6697.85,5682.61,5975.6,4095.02,8399,7619.97
215,555,1501.28,1919.19,1326.4,5001.24,5544.06,4254.01,4006.44,3827.02,3668.03,4719.61,4719.61
216,555,1231,2048.65,1587.59,3563.55,6409.4,4717.34,4217.67,4578.79,4696.9,3802.03,5405.52
217,555,692.724,2359.8,1037.95,1810.17,1689.79,7604.07,8142.35,5716.68,3874.71,3770.24,3945.12
218,555,379.295,1226.46,649.571,1539.89,1156.05,2498.35,4392.55,3170.63,3356.87,2655.06,3350.06
219,555,340.684,467.873,383.837,1244.63,926.66,1237.82,2373.43,1226.46,1410.43,1508.09,1816.98
220,555,231.665,331.599,365.667,411.092,424.719,972.085,1503.55,903.948,942.559,536.009,599.604
221,555,138.545,249.835,256.649,349.769,383.837,429.262,610.96,508.755,383.837,581.434,515.568
222,555,186.241,263.462,220.309,188.512,181.698,370.21,354.311,333.87,327.057,377.024,286.175
223,555,99.934,165.8,272.547,208.953,179.427,272.547,420.177,349.769,247.564,202.139,224.851
203,556,93.1203,218.038,308.887,515.568,290.717,738.149,858.524,531.467,878.965,420.177,547.366
204,556,206.682,560.993,715.436,556.451,1405.89,379.295,853.981,1305.96,2303.02,944.83,1794.27
205,556,501.941,1303.68,1523.99,1244.63,1042.49,2032.75,2832.22,3536.3,4803.64,3138.84,4210.85
206,556,992.526,2543.77,1558.06,3122.94,1260.53,1539.89,2614.18,4517.47,7574.54,6059.63,7987.9
207,556,1276.43,2484.72,1471.75,4899.04,3681.66,1480.84,2207.63,3091.14,5739.39,6214.08,7388.3
208,556,972.085,3856.54,2652.79,5282.87,4465.23,3079.78,2632.35,1953.25,2988.93,3559.01,3633.96
209,556,1255.99,4767.3,4083.67,4042.78,3443.18,3797.49,3104.77,2482.45,2600.55,1787.46,2591.47
210,556,1371.82,4889.95,6895.44,4095.02,4385.74,3584,4260.82,3906.51,3693.01,2484.72,3404.57
211,556,2462.01,3833.83,4535.64,5151.14,4805.92,4424.35,4621.95,4853.61,2802.69,3811.12,4204.04
212,556,3724.81,2829.95,4437.98,5827.97,5646.27,3293.28,2105.43,2873.1,1551.25,4867.24,4020.07
213,556,2793.61,4599.23,5934.72,7676.75,7485.96,3397.75,1512.64,3159.28,1787.46,4487.94,3490.88
214,556,1996.41,4642.39,4047.33,6706.93,4926.29,4687.81,2571.03,4508.38,3125.21,4669.64,4933.1
215,556,1199.21,5148.87,2618.72,6264.04,4449.33,3686.2,2530.15,3186.53,3865.63,5214.74,5612.2
216,556,1419.52,4537.91,1492.2,9607.29,7081.68,3967.83,4263.09,5312.4,5310.13,4403.91,5891.56
217,556,1476.3,2820.86,1687.52,3497.69,2598.28,5296.5,4158.62,3241.04,2973.04,3661.22,3590.81
218,556,760.861,1821.52,1499.01,1387.72,1078.83,3422.74,4919.48,4215.4,4696.9,2459.74,3647.59
219,556,329.328,824.455,436.076,1001.61,517.84,1705.69,3209.24,2200.82,1862.41,2675.5,2727.74
220,556,286.175,408.821,361.125,601.875,663.198,769.946,1483.11,794.929,899.406,692.724,760.861
221,556,147.63,254.377,227.123,511.026,361.125,613.231,881.236,538.281,440.618,579.163,531.467
222,556,195.325,154.443,292.988,279.361,386.109,336.142,404.278,320.243,331.599,356.583,304.344
223,556,127.189,208.953,243.021,170.342,97.6627,445.16,486.042,313.429,274.818,302.073,281.632
202,557,111.29,442.889,501.941,747.234,713.165,336.142,472.415,399.736,506.484,367.939,349.769
203,557,140.816,286.175,356.583,386.109,377.024,635.943,831.269,688.182,1280.97,504.212,1092.46
204,557,317.972,1094.73,797.201,2096.34,2398.42,1012.97,1728.4,1728.4,2664.15,1678.44,1975.97
205,557,935.745,1667.08,2371.16,2493.81,6254.96,3159.28,3145.65,3343.25,2586.93,1826.07,2387.06
206,557,1558.06,3143.38,3375.04,1771.56,6693.3,6754.63,6182.28,7131.65,7120.3,5228.36,7851.63
207,557,1710.23,5246.53,4867.24,2723.2,2387.06,7495.05,10191,10920.1,9287.05,11397,12169.2
208,557,2010.04,5435.05,4819.54,3920.14,1767.01,3543.11,6254.96,7649.49,6225.43,9184.84,7858.44
209,557,2661.88,3949.66,4328.96,4565.17,2798.15,2607.37,4199.5,4914.93,5741.66,6084.62,7081.68
210,557,3543.11,3502.23,6068.72,5228.36,5687.15,3379.59,3770.24,3529.49,4031.43,5487.28,6229.97
211,557,3465.89,3715.73,5716.68,5241.99,3897.42,4510.66,3381.86,2632.35,1910.1,3172.9,3477.25
212,557,2825.41,3409.11,7011.28,3645.32,2873.1,2084.99,1269.62,1360.46,1805.63,3336.43,3890.61
213,557,4133.63,4374.38,8866.87,5896.1,5355.55,1192.39,704.08,1430.87,1619.38,5148.87,4104.11
214,557,4490.21,2954.87,5782.54,4744.59,3497.69,2668.69,1667.08,2030.48,1955.53,2546.05,2605.1
215,557,2975.31,6847.75,9877.56,4076.85,4667.37,2530.15,1844.24,3002.56,3811.12,4694.63,5689.42
216,557,2505.16,7093.04,4503.84,7765.32,4494.76,4837.71,5344.2,5696.24,5714.41,5896.1,6954.5
217,557,1973.7,3599.89,2100.88,3023,2275.77,3683.93,4040.51,3413.65,3252.4,4158.62,4056.41
218,557,1305.96,1494.47,1274.16,2069.09,3023,3122.94,4244.92,3702.1,3781.59,1789.73,2632.35
219,557,570.078,1299.14,847.168,790.387,799.472,3409.11,4708.25,3263.75,2359.8,2427.94,2670.96
220,557,277.09,377.024,449.703,647.3,470.144,940.288,2025.93,1210.56,1280.97,969.814,931.203
221,557,229.394,426.991,458.788,531.467,442.889,456.517,831.269,540.552,458.788,463.33,551.908
223,557,177.156,222.58,302.073,227.123,129.46,449.703,449.703,272.547,174.884,231.665,238.479
201,558,138.545,218.038,433.804,168.071,247.564,61.3231,170.342,247.564,268.005,222.58,229.394
202,558,329.328,808.557,717.708,622.316,397.465,290.717,433.804,256.649,406.55,274.818,349.769
203,558,224.851,631.401,831.269,874.422,890.321,633.672,660.927,451.974,867.609,481.5,1037.95
204,558,606.417,2759.54,2412.04,2416.59,1755.66,1433.14,1730.67,1987.32,3663.49,2139.5,2929.88
205,558,1006.15,3665.76,1823.79,7033.99,3858.81,2507.43,3690.74,3000.29,2702.76,2268.96,2223.53
207,558,3243.31,2923.07,5310.13,5852.95,10960.9,7704,6257.23,6511.61,5307.86,4656.01,5791.63
208,558,4269.91,2686.86,4708.25,3127.48,8419.44,9384.71,7495.05,7061.24,3549.93,5128.43,4994.43
209,558,3688.47,4051.87,4449.33,3754.34,4474.32,7740.34,6763.71,7345.15,8523.91,7874.34,10867.8
210,558,3334.16,4560.62,6277.67,5514.54,2789.07,4651.47,5205.65,8464.86,8042.41,13236.7,13865.8
211,558,3945.12,3020.73,5964.24,3615.79,1546.71,2823.13,3443.18,4740.05,3554.47,10102.4,8601.14
212,558,4040.51,1719.32,7728.98,1074.29,1816.98,1362.74,1975.97,2893.54,4526.55,8226.38,6597.91
213,558,4544.72,2389.33,6622.9,2779.98,1676.17,1664.81,1907.83,4601.51,5982.41,7917.5,8167.33
214,558,3772.51,1787.46,3799.76,3311.45,3599.89,1137.88,1044.76,2139.5,2889,6091.43,5528.17
215,558,5160.23,3118.39,9289.32,4553.81,4474.32,2493.81,1726.13,3758.88,5562.23,5303.31,6977.21
216,558,5693.97,4553.81,4989.88,4726.42,4158.62,4101.84,4612.86,5889.29,6995.38,8040.14,8642.02
217,558,3072.97,2911.71,2125.87,2611.91,2346.18,4176.79,5375.99,5046.67,5335.11,5217.01,5971.05
218,558,1196.94,2739.1,742.691,4842.26,3375.04,3088.87,4165.43,3082.05,2621,2396.14,2857.2
219,558,840.354,1051.58,726.793,1455.86,1412.7,3118.39,3279.65,2128.14,1916.92,1269.62,1614.84
220,558,426.991,649.571,456.517,533.738,413.363,1826.07,3270.57,1971.42,1410.43,960.729,1110.63
221,558,308.887,581.434,490.585,447.432,308.887,595.061,1137.88,567.807,461.059,433.804,488.314
224,558,154.443,213.495,247.564,122.646,129.46,199.868,297.531,231.665,179.427,154.443,134.002
201,559,161.257,297.531,442.889,206.682,163.528,113.561,233.936,215.767,220.309,277.09,288.446
202,559,422.448,710.894,831.269,397.465,254.377,286.175,320.243,270.276,417.906,356.583,345.226
203,559,277.09,1353.65,1237.82,1128.8,645.028,404.278,476.958,413.363,731.335,329.328,558.722
204,559,1637.55,2173.56,4996.7,2366.62,1598.94,872.151,1321.85,1087.92,2723.2,1362.74,2380.25
205,559,2412.04,5046.67,11319.8,2473.37,2021.39,2627.81,3704.37,3711.18,3431.82,2561.94,3384.13
206,559,2323.46,8887.31,7301.99,5244.26,1246.9,2536.96,3817.93,2053.19,2718.66,1603.49,2257.6
207,559,2341.63,6434.38,2936.7,10874.6,5582.67,2502.89,4331.23,4183.6,5187.48,2623.27,4120.01
208,559,2916.25,4733.24,2695.95,11422,6677.41,5092.09,5344.2,3309.18,2682.32,2668.69,3093.41
209,559,2689.13,4306.25,4901.31,7919.77,11042.7,5017.14,3465.89,4799.1,4946.73,4381.2,6300.38
210,559,3988.27,2861.75,6522.96,4335.77,11408.4,9009.96,6890.9,9557.32,4996.7,9105.35,10100.1
211,559,3854.27,1251.45,2752.73,2534.69,4762.76,8006.07,5051.21,7263.38,3166.09,10533.9,8319.5
212,559,3988.27,931.203,3213.79,2650.52,6379.88,3817.93,4113.19,4778.66,6936.33,7154.36,6636.52
213,559,4024.61,1803.35,5630.37,1671.62,4472.05,7354.23,9886.65,11887.6,10177.4,9782.17,13145.9
214,559,2157.67,1664.81,3481.79,3331.89,4008.71,4442.52,5877.93,7247.48,5126.16,10120.6,8448.96
215,559,3363.69,3013.92,5759.83,4653.74,6543.4,3120.67,3409.11,6204.99,8012.89,6409.4,8337.67
216,559,4551.54,3708.91,3356.87,5282.87,5796.17,6261.77,6840.93,8505.74,7315.62,9057.65,9695.87
217,559,1816.98,2695.95,3704.37,3504.5,3958.75,5927.9,6931.78,7068.06,6863.65,6041.46,7140.74
218,559,1755.66,4535.64,2600.55,3447.72,1278.7,4687.81,7063.51,5419.15,3561.28,3976.92,3674.84
219,559,844.896,969.814,449.703,1878.3,1537.62,1449.04,2516.52,1437.69,1312.77,1072.02,1217.38
220,559,526.925,560.993,613.231,679.097,451.974,2130.41,2929.88,1655.72,808.557,754.047,894.863
221,559,354.311,585.976,701.809,197.597,206.682,617.774,983.441,461.059,327.057,377.024,408.821
222,559,229.394,361.125,272.547,465.601,263.462,252.106,365.667,211.224,277.09,156.715,163.528
201,560,177.156,211.224,283.903,238.479,261.191,161.257,236.208,317.972,472.415,274.818,413.363
202,560,424.719,522.382,588.248,470.144,354.311,290.717,395.193,429.262,313.429,449.703,402.007
203,560,819.913,1003.88,1964.61,499.67,324.785,429.262,458.788,327.057,486.042,261.191,354.311
204,560,1358.19,2920.8,2287.13,1342.29,806.285,590.519,940.288,690.453,1910.1,817.642,1433.14
205,560,4133.63,2693.67,5303.31,2489.26,1710.23,1717.05,3243.31,2584.66,3377.31,1814.71,2866.29
206,560,7944.75,2464.28,10752,1658,1635.28,2384.79,3359.14,2139.5,2239.43,1592.13,2191.73
207,560,5132.97,5764.37,12475.8,3988.27,4506.11,2732.29,4026.88,4249.46,5098.9,2793.61,5205.65
208,560,3157,6572.93,10331.8,4422.08,2368.89,5146.6,6243.6,5062.56,4901.31,4960.36,6227.7
209,560,2991.21,6386.69,5296.5,11278.9,7951.56,2682.32,3481.79,5130.7,4821.81,6641.07,6695.58
214,560,2189.46,2134.95,3870.17,4058.68,6520.69,8417.17,6352.62,5553.15,4417.54,5503.18,4762.76
215,560,2820.86,4805.92,5973.33,8319.5,11106.3,5759.83,6613.81,7594.98,5130.7,4721.88,6161.84
216,560,2932.15,4608.32,3618.06,8326.32,8578.42,9203.01,7794.85,6863.65,3556.74,5416.88,4765.03
217,560,1512.64,2995.75,3206.97,6136.85,6954.5,6709.2,6536.59,6050.55,4431.16,3683.93,4447.06
218,560,3163.82,2911.71,2982.12,2078.17,2035.02,7581.35,8628.39,5778,2568.76,3170.63,3068.43
219,560,806.285,2032.75,635.943,2021.39,1330.94,2303.02,3188.8,1580.77,804.014,953.915,994.797
220,560,461.059,801.743,472.415,781.302,642.757,1371.82,1274.16,765.403,483.771,490.585,513.297
221,560,585.976,379.295,517.84,206.682,186.241,499.67,572.349,272.547,299.802,286.175,247.564
222,560,197.597,195.325,299.802,256.649,131.731,174.884,340.684,211.224,199.868,215.767,270.276
200,561,93.1203,220.309,252.106,143.087,131.731,131.731,186.241,161.257,324.785,183.969,329.328
201,561,181.698,220.309,408.821,190.783,163.528,224.851,356.583,286.175,622.316,345.226,461.059
202,561,402.007,499.67,361.125,499.67,424.719,338.413,508.755,524.653,479.229,585.976,470.144
203,561,754.047,776.759,1053.85,352.04,290.717,454.245,438.347,333.87,402.007,331.599,354.311
204,561,2037.29,1396.8,1928.27,717.708,651.842,306.616,404.278,424.719,987.984,590.519,997.068
205,561,1408.16,2228.07,2259.87,1358.19,1087.92,1206.02,1837.42,1730.67,2936.7,1614.84,2491.54
206,561,2325.74,3297.82,1841.96,2146.31,1601.21,2214.45,3590.81,2802.69,2777.71,1630.74,1985.05
207,561,5094.36,3867.9,5251.08,5287.42,3343.25,2434.75,3629.42,3116.12,4653.74,2230.34,4106.38
208,561,7013.55,2732.29,10615.7,3781.59,6066.45,4047.33,4635.57,5105.72,6018.75,5348.74,7272.47
209,561,6709.2,5525.89,14656.2,7449.62,8739.68,6436.66,5721.22,8312.69,5800.71,9164.4,9280.23
210,561,4801.37,4728.69,13404.8,4649.2,1719.32,5357.82,3506.77,4251.74,2673.23,7129.38,4635.57
211,561,3429.55,3375.04,6354.89,2684.59,1462.67,1121.99,1301.41,1335.48,1787.46,2128.14,2010.04
212,561,3075.24,9591.39,10668,11090.4,4235.84,928.932,1069.75,1140.16,1960.07,1546.71,1941.9
214,561,3145.65,2739.1,7374.67,7081.68,6618.35,3829.29,3901.97,3057.07,2107.7,2098.61,2084.99
215,561,3606.71,8410.35,10820.1,11549.2,6825.04,5798.44,4599.23,2845.85,1424.06,1376.36,1923.73
216,561,3679.39,5008.05,5487.28,9332.47,5257.89,4681,3111.58,1787.46,1805.63,1287.79,1601.21
217,561,2259.87,6180.01,3163.82,10188.7,6432.11,3824.75,3191.07,2287.13,2607.37,1744.3,2493.81
218,561,2091.8,2636.89,1548.98,3945.12,2623.27,5371.45,4117.73,2248.51,1898.75,1651.18,1719.32
219,561,1044.76,2618.72,1253.72,1676.17,622.316,2105.43,1703.42,794.929,849.439,719.979,940.288
220,561,706.351,990.255,415.634,517.84,268.005,610.96,667.741,497.399,422.448,381.566,542.823
221,561,417.906,313.429,317.972,177.156,238.479,283.903,490.585,304.344,356.583,333.87,379.295
222,561,283.903,145.359,263.462,188.512,111.29,254.377,243.021,281.632,274.818,308.887,270.276
201,562,104.476,233.936,243.021,204.41,188.512,218.038,277.09,290.717,415.634,292.988,483.771
202,562,313.429,333.87,549.637,513.297,683.639,458.788,395.193,617.774,615.502,615.502,610.96
203,562,461.059,420.177,472.415,315.7,433.804,790.387,710.894,719.979,363.396,429.262,336.142
204,562,804.014,1319.58,779.031,438.347,426.991,292.988,513.297,336.142,499.67,379.295,533.738
205,562,1467.21,2096.34,1562.6,1410.43,847.168,570.078,1067.48,903.948,1719.32,1017.51,1746.57
206,562,2627.81,2389.33,3395.48,1966.88,2205.36,1846.51,2705.03,2112.24,2305.29,1283.24,1821.52
207,562,1985.05,3472.71,4590.15,3381.86,3304.63,3815.66,4730.96,3861.09,4955.82,2577.84,3986
208,562,2670.96,5419.15,5893.83,6706.93,6852.29,4138.17,5644,5664.44,5169.31,4519.74,5837.05
209,562,6572.93,4912.66,7542.74,10717.9,10270.5,7413.28,6972.67,6500.25,4415.26,5094.36,5998.31
210,562,9153.04,1215.11,8585.24,1714.78,2380.25,6550.22,5782.54,5194.3,3572.64,4910.39,4776.39
211,562,4971.72,2293.94,5310.13,1208.29,1780.64,2477.91,3783.86,3168.36,3038.9,3234.23,3740.71
212,562,6704.66,8158.25,18785.3,2062.27,1948.71,2028.21,2791.34,2809.51,2705.03,3197.89,4229.02
213,562,5069.38,5303.31,7685.83,3979.19,2973.04,2239.43,2591.47,3390.94,2471.09,4862.7,4426.62
214,562,3974.65,4478.86,9877.56,6568.39,2312.11,2818.59,2804.96,2060,1848.78,2375.7,2450.65
215,562,7406.47,8487.57,14217.9,5058.02,1637.55,2073.63,1935.09,1424.06,1882.85,1242.36,1844.24
216,562,5035.31,5525.89,7560.91,4585.61,2105.43,1623.93,1885.12,2016.85,3079.78,1730.67,2682.32
217,562,4192.68,8557.98,6990.84,6743.27,1819.25,1841.96,2750.46,3059.34,4347.13,2659.61,3740.71
218,562,1878.3,4204.04,1676.17,3013.92,792.658,2096.34,3379.59,2441.57,2666.42,2139.5,2591.47
219,562,1628.47,1471.75,1040.22,654.113,431.533,867.609,1748.84,972.085,901.677,922.118,1135.61
220,562,815.37,638.215,333.87,381.566,274.818,574.62,917.576,536.009,404.278,388.38,447.432
221,562,295.259,231.665,134.002,134.002,61.3231,336.142,438.347,324.785,411.092,268.005,470.144
222,562,170.342,190.783,183.969,134.002,124.917,99.934,299.802,268.005,270.276,356.583,395.193
201,563,154.443,213.495,320.243,229.394,168.071,161.257,279.361,172.613,392.922,252.106,404.278
202,563,218.038,540.552,499.67,547.366,447.432,258.92,292.988,377.024,461.059,481.5,570.078
203,563,379.295,511.026,392.922,694.995,758.59,651.842,547.366,538.281,356.583,508.755,340.684
204,563,856.252,670.012,1119.71,345.226,327.057,411.092,579.163,283.903,381.566,342.955,397.465
205,563,1265.07,1355.92,987.984,758.59,579.163,431.533,717.708,731.335,1301.41,656.384,965.271
206,563,1494.47,3381.86,3016.19,2178.11,1596.67,1040.22,2121.33,1321.85,1623.93,858.524,1337.75
207,563,2571.03,3672.57,3854.27,6295.84,5862.04,2643.71,2891.27,2850.39,3047.99,1846.51,2709.57
208,563,3815.66,5857.49,13032.3,6631.98,5648.54,5564.51,5510,4678.73,3381.86,3477.25,3590.81
209,563,6118.68,4892.22,7083.96,11814.9,6248.14,4765.03,3277.38,2736.83,1871.49,2141.77,2298.48
211,563,1844.24,2000.95,1387.72,3806.58,3861.09,3000.29,2498.35,2609.64,2675.5,2398.42,3204.7
212,563,7301.99,1803.35,5412.33,3452.26,5155.68,2998.02,2078.17,2259.87,2066.82,2963.95,3361.42
213,563,5709.86,4742.32,6545.68,3206.97,2536.96,3129.75,1744.3,2623.27,1950.98,4181.33,4010.99
214,563,3820.2,2532.42,6282.21,1773.83,1653.45,1975.97,1680.71,2123.6,2402.96,2691.4,3122.94
215,563,7058.97,3275.11,7047.62,2343.91,2209.9,1714.78,2139.5,2023.66,1608.03,2278.04,2407.5
216,563,4531.1,2698.22,6036.92,2457.47,2228.07,2137.22,2119.05,2230.34,2716.39,1694.34,2561.94
217,563,6800.05,3395.48,5682.61,2164.48,1812.44,3331.89,4681,3681.66,2870.83,2643.71,3470.43
218,563,3141.11,2019.12,1310.5,1126.53,1015.24,2911.71,3604.44,2166.75,1519.45,1869.22,2114.51
219,563,1437.69,692.724,472.415,572.349,520.111,1258.26,1835.15,963,735.877,679.097,670.012
220,563,617.774,520.111,236.208,470.144,347.498,545.094,794.929,445.16,490.585,388.38,358.854
221,563,268.005,204.41,158.986,172.613,149.901,283.903,517.84,383.837,479.229,352.04,483.771
222,563,168.071,111.29,197.597,181.698,229.394,247.564,379.295,286.175,336.142,383.837,392.922
201,564,84.0354,229.394,311.158,179.427,95.3915,74.9505,188.512,124.917,195.325,115.833,265.734
202,564,247.564,354.311,824.455,297.531,272.547,193.054,254.377,220.309,349.769,313.429,404.278
203,564,306.616,354.311,436.076,495.127,367.939,374.752,352.04,592.79,402.007,363.396,288.446
204,564,563.264,540.552,517.84,356.583,386.109,331.599,447.432,333.87,352.04,354.311,277.09
205,564,883.507,1255.99,826.726,826.726,933.474,395.193,533.738,538.281,747.234,454.245,792.658
206,564,1673.89,3343.25,5244.26,1153.78,640.486,1103.82,1435.42,1058.39,1131.07,738.149,1024.32
207,564,2605.1,6036.92,4801.37,6949.95,4485.67,1351.38,1705.69,1660.27,1980.51,1156.05,1832.88
208,564,3611.25,5273.79,12712.1,5487.28,4151.8,4835.44,4401.64,3665.76,3679.39,2477.91,3082.05
209,564,7058.97,6254.96,7674.47,4190.41,1891.93,3565.83,4399.37,3443.18,3704.37,2343.91,2845.85
210,564,1421.79,3084.33,3284.19,2421.13,1792,1601.21,2777.71,2325.74,2307.57,1794.27,2010.04
211,564,922.118,3045.71,3306.91,2625.54,2194,2007.76,2938.97,3204.7,3168.36,2187.19,2518.79
212,564,1403.62,3563.55,3786.13,3986,2053.19,2075.9,3168.36,3338.7,2609.64,2441.57,2823.13
213,564,3343.25,2409.77,3041.17,2634.62,2321.19,1474.03,1521.72,1782.91,2116.78,2423.4,2770.9
214,564,3023,2003.22,1803.35,2550.59,2979.85,1612.57,1371.82,2119.05,1798.81,2430.21,2584.66
215,564,2525.6,3400.03,2920.8,2725.47,1957.8,2119.05,1689.79,1726.13,1099.27,1678.44,1519.45
216,564,2493.81,2430.21,1864.68,3227.41,2584.66,1608.03,1771.56,1562.6,1762.47,1008.42,1662.54
217,564,2784.52,2705.03,1365.01,2259.87,1128.8,2900.36,2571.03,1767.01,883.507,1494.47,1558.06
218,564,2044.1,1317.31,540.552,1233.28,856.252,1539.89,1410.43,983.441,917.576,760.861,797.201
219,564,658.656,1187.85,679.097,760.861,526.925,856.252,1467.21,694.995,688.182,576.892,504.212
220,564,481.5,397.465,288.446,379.295,256.649,411.092,706.351,426.991,522.382,372.481,506.484
221,564,95.3915,229.394,236.208,261.191,320.243,286.175,540.552,433.804,372.481,465.601,517.84
223,564,88.5778,111.29,115.833,95.3915,109.019,174.884,381.566,324.785,306.616,256.649,238.479
224,564,84.0354,161.257,165.8,120.375,70.408,102.205,311.158,229.394,190.783,215.767,290.717
201,565,193.054,199.868,213.495,104.476,93.1203,97.6627,195.325,149.901,186.241,145.359,152.172
202,565,179.427,224.851,461.059,202.139,131.731,195.325,233.936,208.953,174.884,252.106,313.429
203,565,395.193,315.7,440.618,281.632,270.276,158.986,215.767,336.142,361.125,356.583,358.854
204,565,456.517,597.333,729.064,429.262,406.55,417.906,524.653,377.024,395.193,322.514,347.498
205,565,808.557,1755.66,783.573,1340.02,831.269,340.684,554.179,411.092,411.092,402.007,329.328
206,565,1542.16,1798.81,3822.47,638.215,495.127,706.351,810.828,565.535,470.144,490.585,526.925
207,565,4437.98,6052.82,7386.03,3397.75,1635.28,760.861,831.269,615.502,853.981,565.535,1035.68
208,565,4531.1,3790.68,6023.29,5126.16,2918.53,1987.32,1653.45,1512.64,2214.45,1444.5,2291.67
209,565,6427.57,2280.31,4197.23,3150.19,2571.03,3288.74,3774.78,3427.28,4390.28,2925.34,4129.09
210,565,2650.52,2318.92,2814.05,3293.28,3340.97,2859.47,4567.44,3393.21,3438.64,3020.73,3502.23
211,565,2723.2,1228.73,4837.71,4045.05,6198.18,2988.93,2571.03,2323.46,1626.2,1937.36,2157.67
212,565,3992.82,1455.86,5178.4,1969.15,3325.08,4656.01,3447.72,2584.66,1085.65,1589.86,1535.35
213,565,2216.72,1855.59,2205.36,1703.42,1912.37,2561.94,2700.49,1855.59,910.762,1215.11,1153.78
214,565,1280.97,2116.78,2879.92,2950.32,2536.96,1778.37,1966.88,1526.26,1022.05,1101.54,999.34
215,565,2627.81,2775.44,3191.07,1755.66,1464.94,1739.76,1671.62,1240.09,924.389,974.356,858.524
216,565,1623.93,2680.05,2125.87,2382.52,1648.91,1308.23,1417.25,1183.31,538.281,817.642,874.422
217,565,1605.76,2723.2,1739.76,1260.53,665.469,1296.87,960.729,635.943,688.182,638.215,651.842
218,565,1017.51,1742.03,867.609,1024.32,944.83,656.384,1237.82,1212.83,1001.61,649.571,783.573
219,565,806.285,788.116,713.165,574.62,456.517,947.101,1185.58,853.981,638.215,713.165,838.083
220,565,420.177,422.448,308.887,286.175,356.583,395.193,463.33,404.278,540.552,481.5,560.993
221,565,165.8,388.38,336.142,433.804,442.889,363.396,449.703,377.024,386.109,406.55,490.585
222,565,115.833,170.342,227.123,222.58,211.224,249.835,320.243,299.802,336.142,402.007,306.616
223,565,136.274,124.917,143.087,134.002,86.3066,324.785,386.109,404.278,320.243,249.835,245.292
202,566,149.901,245.292,206.682,190.783,156.715,172.613,263.462,174.884,143.087,156.715,247.564
203,566,227.123,170.342,327.057,224.851,204.41,158.986,222.58,220.309,277.09,270.276,358.854
204,566,472.415,501.941,1158.33,331.599,320.243,274.818,265.734,338.413,415.634,327.057,338.413
205,566,1158.33,1948.71,1101.54,1078.83,760.861,383.837,345.226,420.177,422.448,329.328,404.278
206,566,976.627,1072.02,1678.44,835.811,622.316,624.587,645.028,497.399,456.517,374.752,379.295
207,566,4363.03,3009.38,6032.38,813.099,422.448,476.958,629.13,404.278,526.925,333.87,399.736
208,566,3911.05,3191.07,3786.13,1994.14,869.88,538.281,844.896,763.132,1024.32,520.111,969.814
209,566,2037.29,3020.73,3252.4,2480.18,1757.93,1846.51,2446.11,1907.83,2268.96,1255.99,2296.21
210,566,1646.64,3340.97,3986,3113.85,2402.96,3509.05,5014.87,3138.84,2807.24,2132.68,3384.13
211,566,1483.11,3082.05,2618.72,5634.91,2893.54,2614.18,3388.67,2789.07,2209.9,2225.8,2584.66
212,566,1932.81,1269.62,2248.51,4594.69,2107.7,1935.09,1755.66,1287.79,1374.09,1158.33,1351.38
213,566,2162.21,1178.77,3175.17,2028.21,1076.56,1410.43,999.34,697.267,953.915,699.538,942.559
214,566,2425.67,2273.5,2655.06,2536.96,1174.22,1097,842.625,733.606,681.368,631.401,987.984
215,566,1839.69,1569.42,2230.34,1403.62,858.524,1008.42,781.302,622.316,497.399,606.417,742.691
216,566,1953.25,2571.03,1994.14,1757.93,1056.12,858.524,747.234,506.484,483.771,479.229,377.024
217,566,1678.44,1367.28,1144.7,806.285,717.708,576.892,626.859,665.469,831.269,408.821,679.097
218,566,1199.21,1439.96,924.389,1003.88,724.521,926.66,1244.63,1019.78,567.807,747.234,931.203
219,566,744.962,504.212,367.939,447.432,324.785,792.658,756.318,574.62,574.62,536.009,583.705
220,566,243.021,436.076,542.823,522.382,451.974,254.377,511.026,411.092,333.87,367.939,497.399
221,566,308.887,370.21,249.835,442.889,313.429,336.142,317.972,247.564,199.868,333.87,361.125
222,566,90.8491,222.58,145.359,274.818,317.972,268.005,402.007,381.566,304.344,240.75,229.394
202,567,156.715,233.936,292.988,224.851,277.09,179.427,311.158,163.528,134.002,165.8,140.816
204,567,261.191,263.462,819.913,236.208,313.429,190.783,143.087,154.443,313.429,274.818,338.413
205,567,1115.17,774.488,1340.02,504.212,345.226,211.224,283.903,383.837,426.991,286.175,490.585
206,567,963,981.17,606.417,747.234,624.587,449.703,483.771,470.144,424.719,504.212,515.568
207,567,1592.13,831.269,1971.42,545.094,688.182,558.722,747.234,576.892,588.248,479.229,438.347
208,567,2262.14,1760.2,1837.42,985.712,604.146,560.993,776.759,542.823,631.401,392.922,574.62
209,567,1941.9,2364.35,2766.35,2109.97,1110.63,699.538,1015.24,520.111,717.708,383.837,658.656
210,567,2627.81,3899.7,5069.38,2464.28,1539.89,1231,1187.85,828.998,635.943,660.927,974.356
211,567,2938.97,4108.65,6243.6,2389.33,1221.92,1605.76,1360.46,1028.87,915.304,967.543,1324.13
212,567,1449.04,2516.52,2705.03,1280.97,756.318,1317.31,1630.74,1226.46,874.422,817.642,1110.63
213,567,1231,1374.09,2393.87,590.519,422.448,965.271,1553.52,790.387,513.297,585.976,817.642
214,567,1773.83,1344.57,2452.92,663.198,515.568,549.637,928.932,579.163,424.719,529.196,647.3
215,567,1380.91,908.491,1598.94,779.031,676.826,517.84,658.656,402.007,254.377,370.21,349.769
216,567,2025.93,1608.03,1471.75,1015.24,551.908,474.686,488.314,377.024,458.788,252.106,431.533
217,567,1583.04,676.826,897.135,685.91,713.165,610.96,924.389,665.469,420.177,483.771,529.196
218,567,983.441,747.234,710.894,756.318,495.127,947.101,763.132,511.026,352.04,411.092,467.873
219,567,635.943,458.788,442.889,322.514,265.734,338.413,420.177,345.226,336.142,233.936,445.16
220,567,465.601,549.637,620.045,545.094,345.226,258.92,363.396,263.462,247.564,292.988,363.396
221,567,338.413,392.922,324.785,342.955,224.851,308.887,358.854,224.851,163.528,261.191,233.936
203,568,233.936,327.057,308.887,320.243,188.512,224.851,290.717,149.901,186.241,186.241,206.682
204,568,227.123,279.361,263.462,195.325,145.359,177.156,183.969,81.7642,168.071,156.715,292.988
205,568,681.368,331.599,860.795,229.394,211.224,188.512,213.495,152.172,295.259,304.344,445.16
206,568,942.559,631.401,758.59,524.653,420.177,270.276,297.531,352.04,438.347,506.484,599.604
207,568,903.948,967.543,781.302,744.962,631.401,486.042,567.807,606.417,574.62,576.892,681.368
208,568,1335.48,1841.96,1464.94,735.877,556.451,679.097,765.403,667.741,722.25,570.078,645.028
209,568,1206.02,3331.89,2046.38,992.526,456.517,588.248,883.507,708.623,817.642,579.163,694.995
210,568,2743.64,2375.7,2848.12,1301.41,549.637,670.012,1028.87,740.42,731.335,536.009,565.535
211,568,3461.35,1612.57,2532.42,1803.35,1040.22,599.604,963,645.028,710.894,495.127,474.686
212,568,2250.79,815.37,1097,1621.66,942.559,872.151,819.913,465.601,406.55,377.024,327.057
213,568,978.899,635.943,819.913,917.576,690.453,665.469,486.042,333.87,320.243,313.429,361.125
214,568,1442.23,592.79,810.828,645.028,495.127,511.026,395.193,370.21,356.583,308.887,329.328
215,568,754.047,978.899,1410.43,563.264,299.802,392.922,342.955,233.936,340.684,288.446,331.599
216,568,1710.23,563.264,801.743,488.314,431.533,377.024,467.873,333.87,308.887,320.243,331.599
217,568,538.281,833.54,860.795,781.302,415.634,570.078,458.788,358.854,177.156,299.802,277.09
218,568,706.351,386.109,372.481,336.142,252.106,338.413,311.158,238.479,213.495,261.191,211.224
219,568,358.854,463.33,590.519,340.684,213.495,193.054,268.005,245.292,218.038,229.394,238.479
220,568,449.703,367.939,317.972,265.734,195.325,240.75,193.054,172.613,181.698,211.224,220.309
221,568,283.903,329.328,288.446,204.41,274.818,231.665,190.783,131.731,206.682,143.087,204.41
203,569,165.8,218.038,386.109,252.106,261.191,227.123,243.021,204.41,177.156,208.953,102.205
204,569,277.09,256.649,327.057,277.09,170.342,165.8,290.717,211.224,152.172,127.189,220.309
205,569,231.665,249.835,417.906,199.868,170.342,183.969,283.903,158.986,131.731,168.071,254.377
206,569,476.958,254.377,835.811,258.92,193.054,165.8,204.41,197.597,306.616,268.005,415.634
207,569,551.908,538.281,788.116,499.67,356.583,283.903,392.922,374.752,304.344,354.311,588.248
208,569,1151.51,851.71,1399.08,526.925,513.297,445.16,402.007,461.059,545.094,560.993,626.859
209,569,2334.82,974.356,1660.27,445.16,599.604,556.451,558.722,581.434,465.601,631.401,740.42
210,569,1678.44,1083.38,1701.15,424.719,395.193,517.84,638.215,440.618,440.618,583.705,735.877
211,569,1206.02,1608.03,1794.27,617.774,406.55,481.5,438.347,406.55,456.517,597.333,540.552
212,569,860.795,1399.08,1083.38,692.724,304.344,397.465,420.177,438.347,299.802,420.177,415.634
213,569,558.722,1158.33,533.738,645.028,238.479,290.717,333.87,277.09,304.344,324.785,322.514
214,569,506.484,719.979,719.979,438.347,286.175,261.191,286.175,327.057,254.377,297.531,338.413
215,569,1008.42,445.16,665.469,308.887,256.649,258.92,381.566,254.377,263.462,329.328,263.462
216,569,719.979,779.031,758.59,481.5,324.785,281.632,268.005,231.665,190.783,272.547,154.443
217,569,479.229,524.653,558.722,306.616,236.208,236.208,304.344,256.649,190.783,97.6627,143.087
218,569,513.297,295.259,270.276,347.498,349.769,247.564,299.802,204.41,195.325,161.257,165.8
220,569,313.429,202.139,220.309,183.969,204.41,154.443,197.597,145.359,161.257,213.495,156.715
221,569,261.191,227.123,218.038,188.512,109.019,143.087,165.8,174.884,213.495,195.325,168.071
203,570,138.545,188.512,238.479,163.528,170.342,124.917,202.139,145.359,165.8,218.038,215.767
204,570,254.377,302.073,349.769,154.443,143.087,199.868,179.427,193.054,143.087,252.106,218.038
205,570,277.09,272.547,313.429,161.257,215.767,193.054,158.986,199.868,222.58,172.613,154.443
206,570,161.257,317.972,352.04,308.887,147.63,138.545,277.09,231.665,229.394,154.443,272.547
207,570,338.413,377.024,540.552,358.854,177.156,211.224,202.139,224.851,245.292,263.462,349.769
208,570,597.333,576.892,499.67,440.618,258.92,247.564,281.632,288.446,302.073,363.396,381.566
209,570,992.526,808.557,377.024,506.484,299.802,286.175,306.616,354.311,286.175,295.259,342.955
210,570,883.507,635.943,583.705,438.347,297.531,324.785,402.007,233.936,206.682,247.564,429.262
211,570,1015.24,558.722,1083.38,313.429,227.123,286.175,295.259,279.361,240.75,204.41,283.903
212,570,1156.05,513.297,949.373,352.04,272.547,174.884,243.021,174.884,215.767,249.835,263.462
213,570,613.231,490.585,729.064,238.479,247.564,295.259,245.292,290.717,222.58,279.361,236.208
214,570,490.585,613.231,386.109,252.106,222.58,279.361,215.767,249.835,179.427,286.175,281.632
215,570,390.651,338.413,472.415,363.396,208.953,265.734,295.259,229.394,174.884,222.58,229.394
216,570,465.601,431.533,613.231,295.259,247.564,168.071,204.41,122.646,154.443,227.123,163.528
217,570,601.875,383.837,288.446,306.616,340.684,197.597,252.106,213.495,215.767,158.986,174.884
218,570,227.123,238.479,402.007,347.498,227.123,258.92,327.057,211.224,140.816,229.394,131.731
205,571,193.054,233.936,327.057,174.884,147.63,95.3915,168.071,163.528,220.309,195.325,206.682
206,571,202.139,236.208,320.243,177.156,143.087,165.8,222.58,188.512,163.528,181.698,165.8
207,571,258.92,263.462,408.821,252.106,165.8,183.969,240.75,156.715,204.41,174.884,213.495
208,571,433.804,399.736,670.012,261.191,302.073,254.377,272.547,222.58,193.054,172.613,252.106
209,571,658.656,379.295,549.637,331.599,238.479,322.514,290.717,218.038,156.715,199.868,252.106
210,571,513.297,474.686,406.55,243.021,329.328,163.528,336.142,270.276,168.071,215.767,183.969
211,571,426.991,395.193,277.09,222.58,243.021,270.276,268.005,113.561,140.816,190.783,233.936
212,571,352.04,297.531,311.158,179.427,113.561,145.359,168.071,229.394,99.934,174.884,97.6627
213,571,576.892,406.55,488.314,263.462,134.002,186.241,168.071,138.545,131.731,136.274,238.479
214,571,404.278,599.604,336.142,281.632,208.953,138.545,70.408,188.512,127.189,134.002,197.597
215,571,297.531,370.21,397.465,283.903,143.087,113.561,99.934,115.833,138.545,202.139,152.172
216,571,413.363,254.377,292.988,211.224,122.646,220.309,195.325,165.8,145.359,179.427,174.884
217,571,270.276,329.328,449.703,302.073,268.005,211.224,208.953,168.071,134.002,122.646,174.884
222,571,163.528,124.917,186.241,109.019,104.476,138.545,213.495,113.561,143.087,120.375,145.359
202,572,131.731,138.545,168.071,97.6627,93.1203,65.8656,195.325,77.2217,161.257,54.5094,52.2382
208,572,295.259,261.191,422.448,229.394,161.257,206.682,252.106,179.427,261.191,131.731,231.665
209,572,438.347,327.057,461.059,227.123,145.359,213.495,188.512,213.495,268.005,149.901,202.139
210,572,354.311,363.396,308.887,317.972,279.361,215.767,279.361,240.75,195.325,143.087,222.58
212,572,333.87,177.156,370.21,268.005,109.019,127.189,179.427,213.495,113.561,177.156,158.986
213,572,311.158,258.92,442.889,172.613,183.969,127.189,199.868,104.476,134.002,161.257,140.816
214,572,549.637,277.09,513.297,172.613,124.917,161.257,109.019,106.748,124.917,122.646,172.613
215,572,367.939,236.208,254.377,229.394,124.917,99.934,129.46,127.189,122.646,120.375,147.63
216,572,240.75,249.835,295.259,174.884,84.0354,104.476,161.257,197.597,134.002,106.748,152.172
217,572,254.377,206.682,265.734,179.427,156.715,95.3915,202.139,118.104,136.274,158.986,158.986
209,573,238.479,211.224,313.429,154.443,131.731,115.833,127.189,145.359,208.953,279.361,283.903
210,573,322.514,138.545,365.667,199.868,134.002,134.002,149.901,165.8,134.002,227.123,172.613
211,573,204.41,229.394,265.734,179.427,161.257,122.646,172.613,104.476,158.986,134.002,213.495
213,573,243.021,172.613,213.495,109.019,113.561,109.019,188.512,147.63,118.104,115.833,74.9505
209,574,122.646,208.953,233.936,109.019,118.104,54.5094,170.342,63.5943,104.476,165.8,202.139
