201,200,129.46,224.851,288.446,247.564,161.257,170.342,236.208,195.325,254.377,168.071,224.851
201,203,104.476,256.649,372.481,168.071,165.8,122.646,186.241,170.342,240.75,188.512,281.632
202,196,113.561,465.601,392.922,306.616,261.191,222.58,238.479,268.005,186.241,156.715,197.597
202,197,224.851,431.533,372.481,377.024,277.09,236.208,304.344,208.953,329.328,222.58,377.024
202,198,277.09,408.821,470.144,333.87,252.106,204.41,213.495,290.717,392.922,240.75,451.974
202,199,229.394,449.703,386.109,313.429,202.139,204.41,288.446,204.41,322.514,258.92,456.517
202,200,320.243,413.363,395.193,245.292,243.021,236.208,215.767,270.276,406.55,283.903,504.212
202,201,311.158,413.363,377.024,265.734,229.394,165.8,222.58,270.276,379.295,231.665,352.04
202,202,333.87,374.752,331.599,292.988,174.884,177.156,179.427,272.547,417.906,302.073,315.7
202,203,288.446,290.717,320.243,347.498,265.734,170.342,170.342,177.156,372.481,279.361,224.851
202,204,204.41,302.073,392.922,265.734,213.495,124.917,183.969,233.936,388.38,292.988,458.788
202,205,168.071,274.818,356.583,245.292,188.512,172.613,270.276,220.309,592.79,408.821,447.432
202,206,131.731,206.682,365.667,168.071,168.071,208.953,238.479,193.054,447.432,370.21,592.79
202,207,129.46,245.292,315.7,163.528,163.528,188.512,211.224,149.901,304.344,272.547,515.568
202,211,147.63,152.172,190.783,152.172,52.2382,95.3915,199.868,213.495,263.462,183.969,227.123
203,196,224.851,354.311,342.955,243.021,215.767,165.8,197.597,158.986,431.533,277.09,495.127
203,197,258.92,363.396,395.193,340.684,238.479,292.988,274.818,340.684,556.451,501.941,556.451
203,198,292.988,440.618,488.314,386.109,386.109,333.87,365.667,463.33,572.349,472.415,504.212
203,199,347.498,531.467,626.859,495.127,490.585,370.21,408.821,381.566,531.467,415.634,467.873
203,200,358.854,538.281,838.083,447.432,424.719,311.158,547.366,417.906,506.484,417.906,497.399
203,201,315.7,526.925,788.116,492.856,356.583,395.193,447.432,456.517,597.333,292.988,420.177
203,202,356.583,431.533,656.384,333.87,377.024,295.259,417.906,374.752,504.212,258.92,467.873
203,203,313.429,415.634,470.144,315.7,215.767,320.243,349.769,367.939,499.67,277.09,406.55
203,204,286.175,379.295,436.076,297.531,290.717,270.276,449.703,463.33,474.686,392.922,411.092
203,205,202.139,331.599,272.547,317.972,283.903,263.462,526.925,572.349,601.875,463.33,470.144
203,206,197.597,313.429,333.87,308.887,322.514,306.616,426.991,595.061,765.403,590.519,526.925
203,207,195.325,311.158,367.939,233.936,283.903,220.309,327.057,445.16,542.823,492.856,556.451
203,208,147.63,347.498,356.583,274.818,270.276,140.816,224.851,379.295,504.212,402.007,583.705
203,211,202.139,106.748,329.328,181.698,188.512,156.715,245.292,274.818,218.038,227.123,213.495
204,195,183.969,299.802,288.446,263.462,268.005,204.41,277.09,218.038,497.399,436.076,538.281
204,196,227.123,311.158,268.005,397.465,304.344,258.92,377.024,379.295,631.401,481.5,467.873
204,197,288.446,579.163,440.618,395.193,517.84,417.906,604.146,499.67,715.436,554.179,420.177
204,198,540.552,985.712,685.91,835.811,974.356,508.755,735.877,817.642,792.658,467.873,492.856
204,199,822.184,1460.4,1271.89,1292.33,1181.04,792.658,776.759,699.538,919.847,549.637,724.521
204,200,863.066,1467.21,1914.64,1321.85,1278.7,733.606,847.168,794.929,1137.88,622.316,817.642
204,201,944.83,1789.73,1737.49,1119.71,1051.58,642.757,810.828,715.436,1414.97,676.826,1146.97
204,202,842.625,1478.57,2028.21,1124.26,1017.51,463.33,788.116,690.453,1410.43,672.283,1099.27
204,203,615.502,1060.66,1555.79,822.184,663.198,408.821,622.316,744.962,1181.04,524.653,1022.05
204,204,433.804,856.252,1153.78,545.094,517.84,417.906,747.234,563.264,999.34,429.262,924.389
204,205,386.109,747.234,1015.24,533.738,515.568,583.705,944.83,579.163,1035.68,474.686,831.269
204,206,277.09,399.736,1217.38,417.906,429.262,560.993,1044.76,520.111,819.913,501.941,608.689
204,207,279.361,315.7,722.25,288.446,340.684,476.958,688.182,663.198,699.538,386.109,563.264
204,208,252.106,347.498,308.887,252.106,281.632,331.599,415.634,545.094,645.028,551.908,415.634
204,209,270.276,313.429,386.109,299.802,208.953,199.868,231.665,249.835,467.873,417.906,606.417
204,210,206.682,363.396,361.125,279.361,265.734,268.005,336.142,274.818,354.311,299.802,538.281
204,212,129.46,215.767,247.564,220.309,183.969,88.5778,279.361,286.175,245.292,124.917,218.038
204,213,88.5778,218.038,222.58,124.917,186.241,138.545,188.512,199.868,245.292,179.427,156.715
205,193,120.375,297.531,415.634,188.512,256.649,129.46,215.767,152.172,199.868,179.427,263.462
205,194,138.545,233.936,331.599,243.021,263.462,149.901,143.087,224.851,476.958,356.583,517.84
205,195,177.156,445.16,381.566,295.259,433.804,165.8,417.906,481.5,601.875,442.889,470.144
205,196,315.7,808.557,738.149,622.316,613.231,501.941,817.642,597.333,560.993,449.703,388.38
205,197,672.283,1265.07,992.526,835.811,622.316,599.604,899.406,654.113,867.609,436.076,660.927
205,198,894.863,1369.55,1128.8,1033.41,685.91,831.269,1024.32,733.606,1271.89,556.451,1008.42
205,199,1203.75,1732.95,1106.09,1146.97,853.981,978.899,992.526,838.083,1451.31,822.184,1235.55
205,200,1424.06,2066.82,1598.94,1564.88,1201.48,1067.48,1598.94,1358.19,1689.79,783.573,1301.41
205,201,1828.34,2725.47,2180.38,2309.84,1814.71,1517.18,1971.42,1742.03,2359.8,1283.24,1714.78
205,202,1767.01,2207.63,2566.49,2184.92,1383.18,1412.7,2125.87,1894.2,2382.52,1349.11,2041.83
205,203,1047.04,1305.96,2125.87,1396.8,883.507,1301.41,1864.68,1510.37,2203.09,1349.11,2194
205,204,883.507,1342.29,1564.88,976.627,908.491,1006.15,1467.21,1412.7,2023.66,1174.22,2125.87
205,205,1505.82,2650.52,1176.5,1726.13,1562.6,838.083,1308.23,1296.87,2384.79,1081.1,2166.75
205,206,1217.38,1639.83,2130.41,2035.02,1455.86,726.793,1153.78,1269.62,1941.9,903.948,2082.71
205,207,515.568,476.958,2337.09,688.182,672.283,461.059,849.439,565.535,1008.42,588.248,1097
205,208,299.802,306.616,1140.16,402.007,540.552,454.245,613.231,599.604,656.384,406.55,642.757
205,209,299.802,415.634,663.198,288.446,304.344,356.583,415.634,524.653,801.743,445.16,504.212
205,210,220.309,406.55,397.465,472.415,336.142,272.547,245.292,347.498,556.451,467.873,574.62
205,211,231.665,302.073,560.993,426.991,349.769,236.208,299.802,288.446,415.634,483.771,599.604
206,193,247.564,281.632,465.601,227.123,231.665,174.884,161.257,233.936,481.5,388.38,440.618
206,194,231.665,445.16,363.396,392.922,404.278,224.851,340.684,372.481,556.451,499.67,445.16
206,195,420.177,1249.17,486.042,726.793,656.384,461.059,872.151,747.234,499.67,461.059,438.347
206,196,969.814,1517.18,1028.87,1178.77,717.708,694.995,917.576,656.384,1028.87,406.55,583.705
206,197,1285.51,2046.38,1151.51,1062.93,942.559,763.132,1035.68,913.033,1735.22,717.708,1233.28
206,198,1467.21,2693.67,1630.74,1471.75,1823.79,844.896,1478.57,1455.86,2352.99,1219.65,1887.39
206,199,1864.68,3406.84,3375.04,2893.54,3177.45,1078.83,1755.66,1876.03,2670.96,1476.3,2216.72
206,200,2303.02,3836.1,5807.53,3742.98,3297.82,1287.79,2289.4,2112.24,3393.21,1696.61,2498.35
206,201,2468.82,4851.34,5482.74,3790.68,3365.96,2041.83,3216.06,2602.83,3779.32,1969.15,2857.2
206,202,2873.1,4288.08,5498.64,4229.02,3463.62,2312.11,3470.43,3023,3511.32,1894.2,2700.49
206,203,2586.93,3881.53,5721.22,3461.35,2982.12,1667.08,2482.45,2275.77,2466.55,1548.98,2218.99
206,204,1603.49,2307.57,4780.93,2627.81,2455.2,1333.21,2035.02,1928.27,2357.53,1714.78,2321.19
206,205,1310.5,2393.87,4724.15,1539.89,1349.11,1755.66,2739.1,2373.43,3468.16,2073.63,2802.69
206,206,1901.02,2307.57,2223.53,1975.97,1042.49,2123.6,2893.54,2241.7,3247.85,2087.26,3259.21
206,207,935.745,1031.14,1067.48,1196.94,731.335,1169.68,1408.16,1333.21,1483.11,1242.36,1971.42
206,208,565.535,763.132,760.861,1153.78,1235.55,706.351,985.712,760.861,842.625,606.417,963
206,209,420.177,504.212,1975.97,726.793,635.943,515.568,758.59,685.91,783.573,511.026,719.979
206,210,336.142,506.484,699.538,438.347,365.667,390.651,465.601,549.637,715.436,549.637,719.979
206,211,295.259,295.259,588.248,411.092,352.04,292.988,347.498,352.04,638.215,383.837,674.554
206,212,231.665,247.564,506.484,324.785,283.903,320.243,304.344,220.309,286.175,415.634,563.264
207,190,95.3915,120.375,168.071,127.189,88.5778,88.5778,268.005,190.783,197.597,236.208,218.038
207,192,215.767,320.243,286.175,245.292,233.936,233.936,174.884,136.274,283.903,290.717,315.7
207,193,220.309,304.344,329.328,265.734,149.901,188.512,277.09,392.922,529.196,397.465,449.703
207,194,324.785,565.535,258.92,365.667,342.955,361.125,672.283,529.196,451.974,388.38,413.363
207,195,733.606,1394.53,397.465,881.236,570.078,769.946,824.455,558.722,733.606,358.854,404.278
207,196,813.099,1051.58,1001.61,983.441,1067.48,790.387,1144.7,994.797,1794.27,672.283,1260.53
207,197,1206.02,2407.5,1601.21,1966.88,2069.09,1278.7,2207.63,1962.34,2225.8,1594.4,2382.52
207,198,2434.75,4667.37,3129.75,3556.74,3354.6,2427.94,3104.77,3007.1,2416.59,2509.71,2650.52
207,199,4135.9,5101.17,4458.42,5387.35,4385.74,3481.79,4142.72,3824.75,3195.62,2446.11,2864.02
207,200,3940.58,4522.01,4394.82,5623.56,5248.8,3890.61,4576.52,4817.27,5076.19,3363.69,4308.52
207,201,3986,5557.69,6332.18,5864.31,5316.94,4242.65,5619.01,5289.69,6434.38,4501.57,6252.69
207,202,4072.31,5051.21,7122.57,5998.31,4921.75,4431.16,5600.84,4628.76,6345.81,4308.52,6354.89
207,203,3075.24,2800.42,8342.22,4571.98,3384.13,3706.64,3913.32,3683.93,4778.66,3193.34,5634.91
207,204,3270.57,4721.88,5130.7,5010.33,4331.23,3161.55,3243.31,2898.09,2518.79,2298.48,3234.23
207,205,2918.53,5698.51,4694.63,6386.69,5371.45,3311.45,3913.32,4324.42,4694.63,3138.84,3547.66
207,206,2069.09,2795.88,6232.25,3118.39,2866.29,2216.72,3876.98,3838.37,5260.16,3309.18,4674.18
207,207,1053.85,940.288,4592.42,1012.97,969.814,928.932,1623.93,1365.01,2264.41,1816.98,3236.5
207,208,1001.61,2035.02,1721.59,1380.91,1424.06,785.844,1097,733.606,1062.93,760.861,1353.65
207,209,931.203,956.186,2459.74,2096.34,1737.49,1176.5,1312.77,1267.34,1076.56,754.047,1026.59
207,210,563.264,708.623,1773.83,572.349,454.245,579.163,860.795,872.151,1006.15,801.743,1015.24
207,211,533.738,415.634,581.434,531.467,424.719,436.076,665.469,583.705,849.439,694.995,697.267
207,212,268.005,220.309,529.196,397.465,297.531,295.259,324.785,377.024,449.703,558.722,735.877
207,213,218.038,254.377,370.21,240.75,179.427,311.158,352.04,302.073,263.462,247.564,299.802
207,214,152.172,236.208,256.649,211.224,177.156,152.172,206.682,183.969,238.479,254.377,208.953
208,189,140.816,134.002,181.698,106.748,86.3066,106.748,211.224,156.715,190.783,165.8,197.597
208,192,156.715,265.734,327.057,147.63,229.394,156.715,113.561,218.038,413.363,306.616,413.363
208,193,254.377,379.295,322.514,147.63,320.243,202.139,386.109,424.719,517.84,352.04,429.262
208,194,438.347,1156.05,390.651,306.616,402.007,456.517,785.844,486.042,581.434,313.429,342.955
208,195,844.896,1501.28,792.658,915.304,690.453,481.5,826.726,620.045,1265.07,436.076,856.252
208,196,972.085,2155.39,1026.59,1635.28,2275.77,1126.53,1960.07,1671.62,2334.82,1499.01,2150.85
208,197,1735.22,2098.61,3611.25,2916.25,2275.77,1916.92,2232.62,2271.23,1528.54,2123.6,2332.55
208,198,2748.18,2550.59,2945.78,3034.36,2711.84,2680.05,2500.62,2019.12,1421.79,1796.54,1435.42
208,199,2443.84,2502.89,4810.46,3023,2289.4,3688.47,3495.42,2505.16,2752.73,1664.81,2332.55
208,200,3206.97,4442.52,3770.24,4113.19,4129.09,4583.34,5178.4,4029.16,3679.39,3097.95,4115.46
208,201,4610.59,5632.64,5514.54,6368.52,5871.12,5605.39,6488.89,5778,4169.97,4987.61,5262.43
208,202,6218.62,8081.02,6988.56,9262.06,10522.6,5646.27,6479.81,7090.77,5946.07,6802.32,6911.34
208,203,5185.21,5157.96,13940.8,11147.2,8855.51,5169.31,5332.84,7158.91,7079.41,7038.53,9084.91
208,204,2198.55,3204.7,10449.9,2968.49,2412.04,2757.27,2636.89,3009.38,3833.83,3656.67,5716.68
208,205,3552.2,5505.45,3220.6,5530.44,4272.18,5793.9,6032.38,4226.75,3375.04,2616.45,2743.64
208,206,4058.68,5378.26,5446.4,6000.58,4828.63,6354.89,8535.27,6936.33,5659.9,4474.32,4992.16
208,207,2150.85,1950.98,5160.23,4353.94,3320.53,2745.91,2975.31,3981.46,3890.61,3795.22,4703.71
208,208,1296.87,2782.25,3836.1,1439.96,1405.89,626.859,963,1203.75,1889.66,1846.51,2448.38
208,209,1517.18,1823.79,3166.09,3213.79,2573.3,1814.71,2044.1,1653.45,2012.31,1215.11,1807.9
208,210,617.774,981.17,2532.42,892.592,563.264,1255.99,1358.19,1521.72,1387.72,1076.56,1621.66
208,211,492.856,522.382,838.083,515.568,574.62,688.182,928.932,869.88,1226.46,624.587,910.762
208,212,274.818,352.04,563.264,367.939,347.498,336.142,479.229,490.585,654.113,647.3,983.441
208,215,113.561,168.071,252.106,145.359,140.816,95.3915,220.309,170.342,229.394,265.734,229.394
209,192,174.884,274.818,290.717,256.649,302.073,197.597,261.191,295.259,470.144,406.55,424.719
209,193,331.599,738.149,429.262,465.601,467.873,413.363,576.892,408.821,463.33,340.684,422.448
209,194,813.099,1614.84,897.135,817.642,551.908,440.618,595.061,529.196,888.05,329.328,367.939
209,195,1249.17,2616.45,1006.15,1042.49,1308.23,792.658,1642.1,1183.31,1966.88,853.981,1503.55
209,196,2489.26,3995.09,2661.88,4165.43,4167.7,2337.09,2913.98,3011.65,2839.03,2241.7,2443.84
209,197,1380.91,1535.35,6323.09,2489.26,1848.78,2132.68,1642.1,1923.73,1333.21,1601.21,1682.98
209,198,3718,4578.79,2652.79,5146.6,6543.4,1655.72,1560.33,2057.73,3906.51,1573.96,2318.92
209,199,3077.51,3204.7,8605.68,5909.73,6602.46,2564.21,3172.9,4465.23,6457.1,4215.4,6479.81
209,200,3554.47,3970.1,7197.52,5194.3,4801.37,3347.79,3963.29,4397.09,4244.92,4469.77,6120.96
209,201,3620.34,3168.36,5382.81,4717.34,4567.44,4347.13,3931.49,3749.8,2864.02,3513.59,3543.11
209,202,5600.84,4805.92,7345.15,7599.52,8087.84,6061.9,5612.2,5326.03,4072.31,5241.99,4837.71
209,203,6227.7,5441.86,8953.18,10309.1,8635.2,9802.61,8560.25,8573.88,5241.99,8508.01,7022.63
209,204,2614.18,4140.45,7704,5203.38,3981.46,5155.68,5037.58,5948.34,5294.23,7072.6,7749.43
209,205,4542.45,5537.25,5182.94,4476.59,4258.55,2700.49,3147.92,2716.39,4229.02,3161.55,5321.48
209,206,4217.67,3827.02,7510.95,5600.84,5312.4,5698.51,6398.05,4481.13,3992.82,3522.67,4774.12
209,207,2486.99,2598.28,7102.13,4853.61,4215.4,4606.05,5112.53,4537.91,3429.55,4560.62,4976.26
209,208,2695.95,4197.23,4753.68,2950.32,2795.88,1975.97,1903.29,2773.17,3293.28,2850.39,3234.23
209,209,2282.58,2927.61,4928.56,4322.14,3043.44,2050.92,2427.94,2314.38,3536.3,2150.85,3111.58
209,210,831.269,1219.65,3504.5,1301.41,688.182,1953.25,2346.18,1885.12,2050.92,1767.01,2791.34
209,211,640.486,681.368,706.351,601.875,560.993,808.557,1299.14,1044.76,1451.31,779.031,1065.21
209,212,392.922,317.972,574.62,486.042,408.821,431.533,660.927,511.026,774.488,690.453,947.101
209,213,206.682,168.071,581.434,365.667,256.649,320.243,402.007,304.344,324.785,383.837,540.552
209,214,204.41,218.038,320.243,270.276,163.528,229.394,354.311,252.106,286.175,224.851,338.413
210,191,233.936,311.158,349.769,272.547,283.903,179.427,213.495,233.936,304.344,308.887,399.736
210,192,243.021,420.177,317.972,288.446,379.295,174.884,406.55,506.484,545.094,402.007,431.533
210,193,442.889,1169.68,381.566,626.859,554.179,456.517,801.743,481.5,456.517,258.92,367.939
210,194,1221.92,1626.2,1090.19,924.389,960.729,560.993,981.17,872.151,1374.09,451.974,726.793
210,195,1349.11,3890.61,1405.89,1919.19,2225.8,1387.72,2300.75,1755.66,2153.12,1342.29,1916.92
210,196,4826.36,4996.7,3817.93,7599.52,6559.3,3754.34,4172.24,3990.55,3191.07,2412.04,2371.16
210,197,1265.07,1221.92,7967.46,2173.56,1928.27,2194,1846.51,2155.39,2680.05,1885.12,2764.08
210,198,2700.49,3004.83,2393.87,5823.42,5900.65,3656.67,4156.34,4587.88,3947.39,3159.28,3949.66
210,199,3072.97,2352.99,3279.65,4503.84,3749.8,7052.16,6759.17,7131.65,4083.67,6765.98,6386.69
210,200,3486.33,3647.59,2455.2,4328.96,3261.48,5416.88,4665.1,4746.86,3206.97,5498.64,5291.96
210,201,3838.37,4328.96,3306.91,4862.7,7326.98,3306.91,3093.41,3856.54,5360.09,4817.27,5510
210,202,5046.67,2446.11,10406.8,8716.97,7849.36,4440.25,3397.75,5941.53,7204.33,7165.72,9607.29
210,203,3066.16,4299.43,6134.58,4060.95,4022.34,5616.74,3908.78,4169.97,2814.05,6025.56,5952.88
210,204,3724.81,4574.25,4074.58,6993.11,6684.22,5977.87,6109.6,6091.43,4694.63,6052.82,4846.8
210,205,4853.61,5498.64,7063.51,6143.67,6513.88,4628.76,5834.78,6820.49,7862.99,6741,8033.33
210,206,5030.77,3708.91,7222.5,6382.15,5439.59,4042.78,3945.12,5121.62,5550.88,6341.26,8560.25
210,207,2941.24,4742.32,5257.89,4858.15,4397.09,3718,3683.93,3738.44,3429.55,4294.89,4726.42
210,208,3913.32,5028.5,6332.18,5160.23,4181.33,3524.94,4029.16,3933.76,4508.38,3120.67,3733.9
210,209,3107.04,4140.45,4667.37,4744.59,3145.65,3406.84,4076.85,4122.28,4317.6,3170.63,4408.45
210,210,1158.33,1467.21,3318.26,1785.18,1062.93,2464.28,3157,2518.79,3095.68,2257.6,3361.42
210,211,710.894,890.321,858.524,629.13,397.465,940.288,1812.44,1337.75,1571.69,953.915,1449.04
210,212,356.583,358.854,629.13,597.333,572.349,386.109,724.521,551.908,969.814,679.097,858.524
210,213,188.512,202.139,517.84,349.769,268.005,449.703,424.719,372.481,349.769,470.144,576.892
211,188,145.359,220.309,199.868,106.748,138.545,90.8491,158.986,95.3915,161.257,127.189,204.41
211,191,329.328,395.193,454.245,277.09,236.208,190.783,268.005,231.665,386.109,363.396,327.057
211,192,365.667,604.146,372.481,317.972,454.245,390.651,563.264,511.026,558.722,431.533,456.517
211,193,767.675,1767.01,526.925,783.573,640.486,604.146,888.05,511.026,642.757,263.462,397.465
211,194,1728.4,2012.31,1537.62,1823.79,1898.75,928.932,1639.83,1351.38,1753.39,788.116,1249.17
211,195,1103.82,2882.19,2114.51,1558.06,1903.29,1596.67,2518.79,1844.24,2016.85,1642.1,2103.16
211,196,3929.22,3318.26,2707.3,6897.72,5532.71,4851.34,4653.74,4063.22,2882.19,2203.09,2198.55
211,197,1844.24,1941.9,5146.6,2834.49,2979.85,2966.22,3152.46,3375.04,4108.65,3236.5,4483.4
211,198,2023.66,2800.42,4033.7,3461.35,2814.05,3658.95,3799.76,3515.86,3013.92,3170.63,4017.8
211,199,1785.18,1269.62,3225.14,1056.12,1135.61,3365.96,3350.06,2859.47,1635.28,4635.57,3527.21
211,200,2032.75,4174.51,1469.48,2064.54,1941.9,2700.49,2698.22,2693.67,2357.53,3686.2,3041.17
211,201,6248.14,7767.59,3584,7835.73,12728,4092.75,4792.29,6005.12,7508.68,6829.58,7199.79
211,202,5414.6,2332.55,20093.5,11106.3,9089.45,8219.57,7172.53,10858.7,10093.3,12237.4,14906.1
211,203,2209.9,3179.72,6418.49,2012.31,1623.93,2877.64,2044.1,2984.39,2768.63,6359.43,8557.98
211,204,3504.5,4190.41,4474.32,4710.52,3752.07,4390.28,4721.88,3359.14,2648.25,2857.2,2552.86
211,205,3945.12,3854.27,4013.26,6341.26,6111.87,7049.89,8094.65,7333.79,5789.36,6497.98,5980.14
211,206,3309.18,3697.56,6102.79,4544.72,4301.7,5494.1,4985.34,6423.03,5939.26,8246.82,8737.41
211,207,4256.28,7015.82,6248.14,6438.93,6765.98,3781.59,4381.2,3770.24,4210.85,4210.85,5952.88
211,208,4633.3,4260.82,9645.9,6516.15,4290.35,4939.92,5818.88,5348.74,5934.72,3802.03,4928.56
211,209,2636.89,3942.85,4908.12,3568.1,2648.25,3933.76,5162.5,3990.55,3663.49,3881.53,5055.75
211,210,1262.8,1326.4,2945.78,2162.21,1365.01,2957.14,4328.96,3084.33,3493.15,2207.63,3043.44
211,211,740.42,940.288,819.913,599.604,297.531,1001.61,2087.26,1444.5,1514.91,1246.9,1823.79
211,212,465.601,408.821,656.384,606.417,433.804,526.925,690.453,572.349,888.05,638.215,926.66
211,213,213.495,227.123,470.144,404.278,340.684,397.465,488.314,288.446,349.769,415.634,501.941
211,214,118.104,145.359,236.208,211.224,224.851,281.632,458.788,363.396,345.226,249.835,315.7
212,189,213.495,208.953,172.613,179.427,124.917,143.087,193.054,270.276,215.767,193.054,149.901
212,191,363.396,545.094,481.5,372.481,249.835,208.953,231.665,256.649,361.125,304.344,247.564
212,192,415.634,642.757,413.363,386.109,436.076,392.922,735.877,526.925,581.434,399.736,451.974
212,193,867.609,1953.25,486.042,969.814,844.896,756.318,1058.39,604.146,928.932,381.566,472.415
212,194,1891.93,1871.49,1499.01,2355.26,1937.36,1564.88,2389.33,2069.09,2645.98,1203.75,1769.29
212,195,1346.84,2961.68,1989.59,2175.84,1916.92,1905.56,2352.99,2060,1975.97,1905.56,2434.75
212,196,2334.82,1876.03,3824.75,4120.01,3195.62,3797.49,3440.91,3088.87,2318.92,1851.05,1971.42
212,197,2573.3,2832.22,3468.16,3100.22,4596.96,3020.73,3007.1,3915.59,4283.53,4810.46,5852.95
212,198,3781.59,3983.73,5594.03,5748.47,4497.03,3606.71,3745.25,3958.75,3134.29,3802.03,5155.68
212,199,2116.78,2543.77,6236.79,2121.33,1753.39,1548.98,1717.05,1878.3,1989.59,3004.83,2963.95
212,200,3084.33,7081.68,3252.4,2350.72,2389.33,1537.62,2393.87,1742.03,2514.25,2296.21,2339.36
212,201,12310,13752.3,7272.47,16128,21669.8,5768.92,7669.93,8326.32,10770.2,9373.35,9657.26
212,202,7749.43,3627.15,30745.6,14808.4,10870.1,12730.2,10583.9,14644.9,11667.3,17604.3,18324.3
212,203,4574.25,5385.08,7524.57,4735.51,5087.55,3052.53,2811.78,4140.45,3479.52,9200.74,9605.02
212,204,5460.03,3924.68,11608.2,4603.78,5932.44,2473.37,2598.28,2709.57,3942.85,3027.55,3870.17
212,205,3904.24,4308.52,8040.14,5698.51,6654.69,4465.23,5157.96,4485.67,4408.45,6743.27,7629.05
212,206,4474.32,5139.79,11244.8,5709.86,5628.1,5019.41,4933.1,6080.07,5394.16,6793.24,7499.59
212,207,5718.95,6945.41,8467.13,9125.79,9209.82,4474.32,5055.75,4428.89,4478.86,4817.27,6409.4
212,208,4440.25,4308.52,9570.95,7585.9,5019.41,7367.86,7860.72,7501.86,6191.36,4571.98,5782.54
212,209,2280.31,3343.25,4485.67,3191.07,2207.63,3002.56,4070.04,3234.23,3261.48,4133.63,5069.38
212,210,992.526,1067.48,3011.65,2125.87,1292.33,3141.11,4208.58,3050.26,3097.95,2012.31,2700.49
212,211,683.639,888.05,933.474,483.771,338.413,1037.95,1985.05,1376.36,1687.52,1287.79,1860.13
212,212,388.38,365.667,549.637,579.163,370.21,470.144,815.37,538.281,994.797,572.349,947.101
212,214,149.901,218.038,329.328,186.241,281.632,329.328,349.769,263.462,154.443,286.175,204.41
212,215,104.476,161.257,220.309,218.038,213.495,174.884,308.887,297.531,231.665,283.903,231.665
213,188,134.002,181.698,243.021,145.359,131.731,131.731,186.241,215.767,272.547,97.6627,197.597
213,191,426.991,549.637,513.297,336.142,247.564,258.92,265.734,268.005,252.106,258.92,274.818
213,192,370.21,647.3,490.585,377.024,338.413,395.193,551.908,445.16,524.653,299.802,415.634
213,193,910.762,1835.15,420.177,835.811,965.271,847.168,1251.45,670.012,1049.31,433.804,660.927
213,194,1528.54,1730.67,1474.03,2114.51,1816.98,1996.41,2798.15,2280.31,2684.59,1449.04,2128.14
213,195,1596.67,3661.22,2096.34,2936.7,3209.24,2105.43,2400.69,2382.52,2384.79,2141.77,2773.17
213,196,2720.93,1751.12,5403.25,4410.72,4001.9,2836.76,2502.89,2691.4,3018.46,2109.97,2439.3
213,197,1814.71,2575.57,5064.84,2250.79,2889,2568.76,2355.26,3297.82,3499.96,5269.25,5548.61
213,198,3811.12,5178.4,2348.45,5201.11,4483.4,4319.87,3658.95,4158.62,2923.07,4998.97,5326.03
213,199,3397.75,2795.88,5255.62,4031.43,3352.33,2477.91,2511.98,3216.06,3409.11,3813.39,4115.46
213,200,2918.53,7136.19,4562.89,2675.5,4760.49,1723.86,2770.9,2198.55,3754.34,2555.13,3411.38
213,201,13820.4,12035.2,8146.89,23822.9,25776.2,11160.8,11740,13245.8,12896,12146.5,12285.1
213,202,5203.38,2936.7,19939.1,13920.3,7840.27,18131.2,14445,17997.2,11242.6,20513.7,20179.8
213,203,5784.81,5909.73,3032.09,6597.91,6448.01,4467.5,4363.03,4222.21,3013.92,8812.36,8730.6
213,204,6513.88,5048.94,7406.47,7624.51,8058.31,4876.32,4185.87,6186.82,5914.27,5394.16,6005.12
213,205,5728.03,4113.19,6413.94,9187.11,9112.16,3722.54,3747.52,5837.05,5201.11,10970,10917.8
213,206,4996.7,4744.59,7342.88,7322.43,6750.09,6752.36,5800.71,6877.27,5326.03,7127.11,7426.91
213,207,5076.19,4914.93,8196.86,8571.61,7749.43,4812.73,4319.87,4765.03,4258.55,6450.28,7154.36
213,208,3181.99,3767.96,6906.8,5446.4,4017.8,7783.49,7449.62,7024.9,4953.55,5105.72,5909.73
213,209,2480.18,3672.57,3861.09,3288.74,2543.77,3072.97,3772.51,3279.65,3643.05,3745.25,4442.52
213,210,1037.95,1233.28,3166.09,2239.43,1303.68,2641.44,3527.21,2727.74,2555.13,1932.81,3100.22
213,211,536.009,622.316,1081.1,581.434,363.396,1181.04,1937.36,1303.68,1399.08,1178.77,1369.55
213,212,333.87,317.972,327.057,374.752,249.835,447.432,733.606,710.894,892.592,645.028,869.88
213,213,218.038,238.479,295.259,206.682,208.953,279.361,417.906,295.259,408.821,386.109,538.281
213,214,158.986,240.75,208.953,177.156,222.58,186.241,245.292,295.259,245.292,286.175,268.005
214,187,93.1203,168.071,152.172,90.8491,154.443,68.1368,215.767,172.613,211.224,174.884,165.8
214,191,340.684,524.653,324.785,338.413,322.514,268.005,256.649,240.75,272.547,277.09,306.616
214,192,395.193,592.79,501.941,377.024,254.377,352.04,547.366,486.042,658.656,317.972,458.788
214,193,651.842,1714.78,379.295,810.828,1001.61,744.962,1210.56,853.981,1024.32,431.533,606.417
214,194,1828.34,2098.61,1403.62,2407.5,1671.62,1926,2593.74,2221.26,2509.71,1546.71,2028.21
214,195,2146.31,4796.83,2064.54,2895.81,3686.2,2362.08,2350.72,2541.5,2082.71,2214.45,2680.05
214,196,4549.27,5126.16,4621.95,7349.69,6815.95,3954.21,3493.15,3904.24,3611.25,2823.13,2945.78
214,197,1732.95,1512.64,8880.5,2714.12,2039.56,2273.5,2466.55,3554.47,4862.7,4360.76,5480.47
214,198,2636.89,4862.7,3050.26,2852.66,3720.27,2916.25,2829.95,2716.39,3159.28,3813.39,4481.13
214,199,4710.52,4992.16,5689.42,6741,6854.56,4269.91,4217.67,4617.4,4715.07,4874.05,4860.42
214,200,3806.58,4269.91,10960.9,4058.68,4994.43,2425.67,3104.77,3672.57,4487.94,4144.99,5555.42
214,201,5644,3334.16,7760.78,9929.8,7981.09,13241.3,11449.3,11408.4,7179.35,11703.6,11215.3
214,202,1696.61,2932.15,5026.22,3241.04,2050.92,14772.1,9673.15,10947.3,4742.32,15666.9,13772.7
214,203,4705.98,5941.53,4358.48,5001.24,4576.52,2798.15,3377.31,2457.47,3036.63,5907.46,5464.57
214,204,3422.74,3545.38,6082.34,5114.8,4462.96,5914.27,5491.83,5932.44,5046.67,5489.55,5346.47
214,205,2094.07,2352.99,3708.91,4335.77,3727.08,5328.3,4844.53,5187.48,4029.16,8994.06,7683.56
214,206,3992.82,4942.19,3043.44,4092.75,4730.96,5998.31,4556.08,4971.72,3234.23,5923.36,5425.96
214,207,4249.46,4762.76,8989.51,8237.74,7261.11,4437.98,3708.91,4388.01,4401.64,6148.21,6118.68
214,208,2657.34,3275.11,6793.24,4726.42,3263.75,6105.06,5703.05,5734.85,5528.17,4874.05,5217.01
214,209,2673.23,3679.39,3449.99,3461.35,2471.09,3338.7,4399.37,3461.35,3495.42,3506.77,4712.8
214,210,1115.17,1285.51,3011.65,2080.44,1031.14,2341.63,2934.42,2380.25,2296.21,2089.53,2795.88
214,211,538.281,708.623,790.387,565.535,279.361,1294.6,1937.36,1103.82,1262.8,872.151,1140.16
214,212,302.073,327.057,379.295,292.988,181.698,420.177,640.486,645.028,783.573,583.705,769.946
214,213,197.597,288.446,297.531,190.783,177.156,299.802,365.667,263.462,374.752,402.007,531.467
214,214,186.241,240.75,261.191,227.123,131.731,193.054,258.92,218.038,152.172,272.547,252.106
215,191,324.785,445.16,306.616,249.835,263.462,263.462,302.073,302.073,324.785,358.854,370.21
215,192,381.566,472.415,399.736,361.125,404.278,361.125,547.366,538.281,658.656,322.514,465.601
215,193,538.281,1492.2,431.533,574.62,683.639,765.403,1010.7,672.283,690.453,386.109,547.366
215,194,1769.29,2323.46,865.337,2037.29,1701.15,1807.9,2346.18,1816.98,2060,1399.08,1846.51
215,195,1328.67,2323.46,2282.58,2071.36,2057.73,2355.26,2800.42,2546.05,3225.14,2139.5,2970.76
215,196,3908.78,6095.97,2164.48,5521.35,4710.52,4338.04,4306.25,3779.32,2682.32,2518.79,2473.37
215,197,4755.95,5219.28,4388.01,6861.38,4599.23,4671.91,5232.91,5282.87,4730.96,4290.35,4206.31
215,198,2875.37,4388.01,7383.76,3252.4,4319.87,2457.47,3211.51,3293.28,5033.04,3490.88,5373.72
215,199,5734.85,6956.77,6754.63,10329.5,10320.5,6273.13,6005.12,6363.98,6693.3,5414.6,6454.83
215,200,4596.96,4272.18,9643.63,9184.84,9123.52,5505.45,4487.94,6945.41,7118.02,6634.25,8121.91
215,201,4192.68,4088.21,8367.2,6211.8,6938.6,5294.23,4251.74,5619.01,5859.76,7613.15,8003.8
215,202,3368.23,3895.15,9761.73,4992.16,5768.92,3456.81,2452.92,3718,4626.49,6731.92,6736.46
215,203,3163.82,3261.48,6266.31,5223.82,4799.1,2982.12,3740.71,3677.12,5305.59,3929.22,4849.07
215,204,2829.95,3268.3,3540.84,4578.79,3852,4626.49,5700.78,5230.63,5507.72,5310.13,6429.84
215,205,2875.37,3488.6,4667.37,2793.61,2916.25,3747.52,4192.68,3886.07,3922.41,4996.7,5510
215,206,4344.86,5246.53,4583.34,6293.57,7147.55,2377.97,2375.7,2913.98,3543.11,4219.94,4855.88
215,207,3836.1,4131.36,7133.92,7601.8,5950.61,6275.4,5923.36,6377.6,6532.05,4878.59,5603.12
215,208,2957.14,3579.45,5171.58,4160.89,2957.14,5287.42,5675.8,6134.58,5332.84,5494.1,6370.79
215,209,2173.56,2491.54,3704.37,3384.13,2384.79,3415.92,4276.72,3540.84,3079.78,3445.45,4004.17
215,210,1056.12,1380.91,2159.94,1428.6,631.401,2241.7,2682.32,2050.92,2010.04,1835.15,2137.22
215,211,631.401,629.13,788.116,656.384,420.177,1060.66,1732.95,1174.22,1194.67,815.37,1133.34
215,212,381.566,274.818,536.009,356.583,286.175,352.04,667.741,467.873,585.976,513.297,838.083
215,213,206.682,236.208,317.972,195.325,202.139,163.528,283.903,240.75,254.377,356.583,476.958
215,214,154.443,163.528,302.073,179.427,161.257,127.189,238.479,152.172,222.58,208.953,220.309
216,189,147.63,215.767,270.276,140.816,168.071,222.58,286.175,229.394,186.241,163.528,158.986
216,191,193.054,292.988,254.377,204.41,220.309,231.665,277.09,272.547,413.363,324.785,463.33
216,192,274.818,433.804,349.769,379.295,356.583,440.618,688.182,654.113,713.165,515.568,467.873
216,193,379.295,783.573,417.906,672.283,613.231,701.809,935.745,701.809,667.741,397.465,570.078
216,194,1294.6,2618.72,606.417,1206.02,1151.51,1146.97,1519.45,1062.93,1278.7,922.118,1056.12
216,195,2575.57,3647.59,1535.35,2709.57,2175.84,2564.21,3633.96,3113.85,3556.74,2532.42,2986.66
216,196,1558.06,2521.06,3574.91,2060,1644.37,2700.49,3172.9,2879.92,3849.73,2391.6,3597.62
216,197,4001.9,5921.09,1660.27,5221.55,4678.73,5003.51,5035.31,3470.43,2396.14,2291.67,2332.55
216,198,4031.43,4278.99,4501.57,5818.88,4794.56,3820.2,4887.68,4828.63,4045.05,3854.27,4303.97
216,199,5203.38,5373.72,4994.43,7252.03,4989.88,7399.66,7999.26,7490.51,5530.44,6152.75,7022.63
216,200,2623.27,3163.82,4265.36,5582.67,3990.55,8685.17,8657.92,8278.62,4994.43,6784.15,7261.11
216,201,4326.69,5008.05,2055.46,8046.96,7267.93,6691.03,5873.39,7290.64,4649.2,7104.4,6759.17
216,202,3749.8,4081.39,5625.83,7969.73,6423.03,5244.26,4760.49,6527.51,5389.62,6768.26,7120.3
216,203,3086.6,4142.72,5943.8,3799.76,3595.35,4958.09,5087.55,6043.73,5877.93,7254.3,7615.42
216,204,3595.35,2900.36,4962.63,4238.11,3974.65,4926.29,5980.14,5630.37,5266.97,6790.97,8081.02
216,205,3045.71,3929.22,4571.98,3649.86,4151.8,3202.43,3379.59,3688.47,3913.32,4817.27,6150.48
216,206,3929.22,5251.08,5591.76,6048.28,5319.21,3518.13,4076.85,4072.31,4208.58,4070.04,4914.93
216,207,3876.98,4724.15,5037.58,5632.64,3956.48,6999.92,7336.06,6611.54,4724.15,4751.41,4953.55
216,208,2718.66,3588.54,4683.27,3892.88,2982.12,4272.18,4846.8,4110.92,3479.52,4390.28,4565.17
216,209,1587.59,1921.46,2925.34,2927.61,1746.57,2621,3379.59,2682.32,2714.12,2291.67,2786.8
216,210,931.203,1128.8,1162.87,1115.17,658.656,2105.43,2793.61,1703.42,1560.33,1308.23,1676.17
216,211,501.941,549.637,674.554,665.469,379.295,799.472,1428.6,1003.88,1090.19,744.962,963
216,212,238.479,272.547,506.484,331.599,265.734,402.007,529.196,356.583,440.618,476.958,681.368
216,213,172.613,208.953,243.021,229.394,213.495,204.41,302.073,202.139,218.038,286.175,329.328
217,191,140.816,367.939,195.325,306.616,238.479,227.123,288.446,288.446,361.125,281.632,386.109
217,192,288.446,399.736,286.175,322.514,352.04,404.278,640.486,504.212,601.875,624.587,667.741
217,193,426.991,547.366,483.771,526.925,499.67,858.524,1092.46,860.795,756.318,563.264,647.3
217,194,470.144,1360.46,426.991,869.88,547.366,690.453,1199.21,706.351,772.217,461.059,531.467
217,195,1860.13,2841.3,713.165,1896.47,1671.62,2146.31,2957.14,2048.65,1821.52,1885.12,1737.49
217,196,1905.56,1587.59,1401.35,2514.25,1835.15,2852.66,4372.11,3622.61,3817.93,3320.53,4185.87
217,197,1178.77,2348.45,1592.13,1955.53,2014.58,2705.03,3023,2468.82,2734.56,2010.04,3068.43
217,198,2543.77,4042.78,1439.96,4310.79,3452.26,3631.69,3693.01,2959.41,2439.3,1948.71,1894.2
217,199,2368.89,4440.25,4356.21,4258.55,4537.91,4524.28,4474.32,4290.35,4392.55,4031.43,4054.14
217,200,2759.54,3440.91,7315.62,4022.34,3879.26,3783.86,4099.56,3522.67,4367.57,3368.23,4478.86
217,201,2200.82,3072.97,6586.56,2850.39,3125.21,4537.91,4542.45,3395.48,3861.09,3104.77,3645.32
217,202,4181.33,4930.83,5319.21,5491.83,5253.35,6080.07,5798.44,4985.34,4842.26,4269.91,4917.21
217,203,4369.84,4160.89,6706.93,5598.57,4497.03,4467.5,5089.82,4976.26,4985.34,5830.24,6897.72
217,204,2355.26,2509.71,4699.17,3999.63,3522.67,3865.63,4526.55,4401.64,4076.85,5339.65,5827.97
217,205,2346.18,2927.61,2748.18,4299.43,3965.56,2904.9,3134.29,3054.8,2804.96,4035.97,4419.81
217,206,2584.66,2530.15,3202.43,4458.42,3220.6,4422.08,4992.16,3931.49,2961.68,3440.91,3247.85
217,207,3706.64,4399.37,2328.01,3340.97,2693.67,4565.17,5014.87,3822.47,3343.25,3315.99,3679.39
217,208,2044.1,2580.11,3883.8,3752.07,2443.84,3622.61,4224.48,3277.38,3322.8,2632.35,3602.17
217,209,1072.02,1053.85,1317.31,1689.79,874.422,2532.42,3247.85,2441.57,2073.63,1782.91,2532.42
217,210,726.793,876.693,647.3,645.028,388.38,1737.49,2362.08,1685.25,1351.38,1026.59,1383.18
217,211,365.667,483.771,470.144,424.719,479.229,524.653,901.677,606.417,735.877,574.62,833.54
217,212,222.58,245.292,486.042,438.347,338.413,411.092,449.703,333.87,345.226,436.076,445.16
217,213,154.443,195.325,215.767,199.868,186.241,261.191,304.344,215.767,288.446,252.106,243.021
218,192,249.835,449.703,265.734,399.736,272.547,313.429,465.601,297.531,449.703,379.295,649.571
218,193,465.601,431.533,538.281,399.736,354.311,554.179,783.573,685.91,733.606,640.486,815.37
218,194,411.092,545.094,411.092,486.042,481.5,844.896,1049.31,779.031,765.403,585.976,554.179
218,195,615.502,1283.24,311.158,828.998,558.722,928.932,1269.62,679.097,688.182,508.755,608.689
218,196,1158.33,1742.03,554.179,1262.8,872.151,2137.22,2988.93,1885.12,1414.97,2016.85,1753.39
218,197,992.526,1664.81,1312.77,1167.41,735.877,2046.38,2916.25,2318.92,2259.87,2741.37,2973.04
218,198,1526.26,2823.13,1353.65,1762.47,1585.32,2561.94,2870.83,2087.26,2055.46,1546.71,2191.73
218,199,4415.26,5932.44,981.17,5657.63,4142.72,4251.74,5212.47,4213.13,3306.91,2450.65,2598.28
218,200,3618.06,3538.57,2130.41,7009.01,4562.89,5709.86,6543.4,5934.72,4612.86,3643.05,4306.25
218,201,2173.56,2927.61,1544.43,4792.29,3502.23,3624.88,4347.13,4740.05,3976.92,3456.81,4365.3
218,202,3229.68,4992.16,1828.34,5866.58,5137.51,4156.34,4510.66,4751.41,4131.36,4540.18,4801.37
218,203,3261.48,3695.29,4646.93,5936.99,4980.8,4347.13,4760.49,5271.52,4828.63,4942.19,5382.81
218,204,1612.57,1798.81,5069.38,2868.56,2025.93,3593.08,4144.99,3781.59,4006.44,3686.2,4365.3
218,205,1630.74,1564.88,1996.41,2123.6,1880.58,3004.83,3084.33,2398.42,2437.03,1980.51,2475.64
218,206,1844.24,3061.61,3088.87,2028.21,2064.54,3252.4,3009.38,2705.03,2814.05,2178.11,2718.66
218,207,2119.05,2564.21,3356.87,3627.15,2596.01,2364.35,2923.07,2498.35,2496.08,2845.85,3554.47
218,208,853.981,1246.9,1773.83,2000.95,1185.58,3145.65,3747.52,2793.61,2350.72,2216.72,3063.88
218,209,842.625,790.387,549.637,638.215,426.991,1932.81,2666.42,1789.73,1658,1401.35,1764.74
218,210,402.007,549.637,638.215,592.79,317.972,874.422,1437.69,967.543,1231,885.778,1060.66
218,211,354.311,308.887,476.958,486.042,327.057,436.076,699.538,497.399,420.177,583.705,781.302
218,212,181.698,218.038,388.38,272.547,279.361,399.736,497.399,377.024,283.903,327.057,404.278
218,213,145.359,208.953,299.802,277.09,170.342,254.377,347.498,270.276,270.276,249.835,336.142
218,214,115.833,172.613,265.734,186.241,113.561,156.715,270.276,240.75,261.191,281.632,327.057
219,189,131.731,179.427,193.054,165.8,211.224,93.1203,227.123,188.512,258.92,193.054,229.394
219,190,143.087,143.087,172.613,104.476,177.156,220.309,277.09,258.92,229.394,197.597,177.156
219,192,233.936,306.616,206.682,426.991,286.175,218.038,254.377,263.462,358.854,331.599,440.618
219,193,365.667,506.484,336.142,358.854,261.191,224.851,529.196,522.382,515.568,588.248,581.434
219,194,324.785,365.667,554.179,286.175,281.632,681.368,976.627,710.894,701.809,545.094,617.774
219,195,306.616,442.889,304.344,338.413,274.818,631.401,1056.12,629.13,545.094,415.634,515.568
219,196,381.566,704.08,236.208,647.3,508.755,729.064,974.356,660.927,549.637,563.264,501.941
219,197,978.899,1319.58,288.446,1317.31,788.116,1176.5,1644.37,1035.68,883.507,1215.11,1069.75
219,198,863.066,1469.48,685.91,1178.77,620.045,1324.13,2157.67,1433.14,1560.33,1305.96,1344.57
219,199,1074.29,2334.82,963,1042.49,840.354,2634.62,3481.79,1730.67,1717.05,1317.31,1558.06
219,200,1860.13,2777.71,1860.13,1844.24,1380.91,4181.33,5037.58,2879.92,2425.67,2073.63,2123.6
219,201,1044.76,1687.52,3665.76,1698.88,1303.68,3375.04,4070.04,2427.94,2446.11,1916.92,2243.97
219,202,1764.74,3179.72,3345.52,2066.82,2041.83,3608.98,4038.24,2779.98,2666.42,2000.95,1941.9
219,203,3556.74,3799.76,2137.22,5448.67,4174.51,5466.84,6438.93,5648.54,4458.42,3236.5,3238.77
219,204,2071.36,3415.92,3352.33,2782.25,1978.24,3997.36,4978.53,4526.55,3911.05,3656.67,4435.71
219,205,2314.38,3704.37,2355.26,3556.74,3311.45,1966.88,3181.99,2730.01,3733.9,2466.55,3604.44
219,206,1571.69,1714.78,4222.21,3861.09,2868.56,2073.63,2571.03,2889,3620.34,2811.78,3979.19
219,207,853.981,1072.02,1394.53,1764.74,1015.24,2339.36,2727.74,2230.34,2078.17,2589.2,3077.51
219,208,647.3,1049.31,731.335,692.724,542.823,2246.24,2809.51,1837.42,1664.81,1408.16,1660.27
219,209,654.113,676.826,558.722,572.349,392.922,1144.7,1957.8,1326.4,1433.14,1010.7,1199.21
219,210,279.361,306.616,522.382,370.21,365.667,570.078,972.085,742.691,804.014,779.031,997.068
219,211,204.41,220.309,374.752,345.226,288.446,290.717,449.703,367.939,415.634,470.144,645.028
219,212,213.495,249.835,238.479,227.123,138.545,261.191,354.311,302.073,224.851,181.698,256.649
220,190,131.731,177.156,215.767,115.833,52.2382,199.868,404.278,311.158,277.09,197.597,268.005
220,191,152.172,186.241,227.123,163.528,143.087,283.903,361.125,297.531,227.123,208.953,197.597
220,193,131.731,358.854,206.682,388.38,336.142,233.936,270.276,233.936,299.802,431.533,379.295
220,194,279.361,311.158,367.939,363.396,213.495,229.394,406.55,377.024,442.889,402.007,490.585
220,195,279.361,233.936,365.667,238.479,165.8,436.076,683.639,526.925,501.941,547.366,606.417
220,196,215.767,261.191,281.632,304.344,170.342,526.925,833.54,524.653,526.925,349.769,415.634
220,197,215.767,342.955,279.361,254.377,206.682,560.993,763.132,483.771,436.076,356.583,297.531
220,198,424.719,524.653,274.818,442.889,386.109,801.743,1287.79,701.809,622.316,511.026,638.215
220,199,869.88,1330.94,247.564,1031.14,815.37,1249.17,2100.88,1292.33,1196.94,808.557,999.34
220,200,1864.68,2514.25,476.958,2502.89,2243.97,1971.42,3252.4,2293.94,2389.33,1358.19,1982.78
220,201,2677.78,3559.01,1053.85,3926.95,3050.26,2348.45,3999.63,3150.19,3497.69,2010.04,3032.09
220,202,1510.37,1583.04,2591.47,2189.46,1242.36,1705.69,2779.98,2103.16,2275.77,1608.03,2586.93
220,203,1642.1,997.068,1340.02,1796.54,1151.51,3683.93,4185.87,2839.03,1460.4,2289.4,2330.28
220,204,1106.09,1578.5,926.66,1174.22,769.946,3654.4,4160.89,2829.95,1451.31,3134.29,2761.81
220,205,2389.33,2564.21,524.653,3113.85,1989.59,2884.46,4206.31,2691.4,2053.19,2196.28,2316.65
220,206,978.899,1523.99,1099.27,1844.24,938.017,3472.71,3892.88,3127.48,2134.95,2289.4,2573.3
220,207,767.675,944.83,590.519,881.236,674.554,1828.34,2430.21,1542.16,1305.96,1508.09,1705.69
220,208,451.974,679.097,688.182,765.403,424.719,1183.31,1742.03,1156.05,1451.31,813.099,1042.49
220,209,292.988,324.785,463.33,486.042,383.837,649.571,1108.36,801.743,901.677,1035.68,1067.48
220,210,168.071,177.156,397.465,388.38,381.566,392.922,635.943,413.363,440.618,719.979,908.491
220,211,161.257,211.224,222.58,277.09,281.632,204.41,370.21,308.887,299.802,317.972,417.906
220,212,115.833,231.665,186.241,204.41,213.495,249.835,302.073,270.276,297.531,204.41,261.191
221,191,143.087,270.276,202.139,138.545,79.4929,181.698,379.295,367.939,245.292,224.851,277.09
221,195,97.6627,97.6627,199.868,197.597,152.172,197.597,322.514,224.851,333.87,390.651,433.804
221,196,120.375,252.106,208.953,190.783,243.021,304.344,438.347,474.686,417.906,470.144,533.738
221,197,245.292,274.818,240.75,238.479,179.427,322.514,572.349,365.667,426.991,381.566,374.752
221,198,297.531,345.226,420.177,197.597,222.58,265.734,633.672,388.38,481.5,258.92,315.7
221,199,420.177,617.774,354.311,258.92,236.208,717.708,1176.5,536.009,663.198,374.752,413.363
221,200,697.267,983.441,508.755,342.955,243.021,1324.13,1914.64,947.101,783.573,694.995,774.488
221,201,844.896,1206.02,413.363,935.745,819.913,2459.74,3011.65,2098.61,1349.11,1542.16,1414.97
221,202,1049.31,994.797,415.634,2003.22,1315.04,2223.53,2552.86,1762.47,1290.06,1612.57,1494.47
221,203,379.295,522.382,1108.36,497.399,411.092,749.505,838.083,597.333,585.976,733.606,733.606
221,204,372.481,358.854,508.755,315.7,240.75,617.774,592.79,426.991,495.127,863.066,574.62
221,205,565.535,626.859,458.788,456.517,333.87,1274.16,1555.79,822.184,622.316,679.097,554.179
221,206,744.962,892.592,429.262,513.297,372.481,1705.69,2273.5,1235.55,965.271,801.743,756.318
221,207,665.469,665.469,538.281,592.79,411.092,1015.24,1876.03,1040.22,1062.93,642.757,674.554
221,208,315.7,383.837,576.892,406.55,258.92,828.998,1317.31,956.186,865.337,715.436,965.271
221,209,208.953,202.139,363.396,392.922,292.988,408.821,640.486,481.5,515.568,754.047,835.811
221,210,154.443,258.92,265.734,199.868,220.309,367.939,486.042,420.177,306.616,442.889,440.618
221,211,163.528,245.292,272.547,183.969,208.953,256.649,349.769,254.377,272.547,272.547,327.057
221,212,177.156,177.156,190.783,218.038,145.359,283.903,311.158,243.021,263.462,197.597,218.038
222,191,152.172,154.443,213.495,129.46,102.205,90.8491,186.241,158.986,243.021,315.7,256.649
222,192,174.884,240.75,220.309,161.257,127.189,238.479,292.988,277.09,290.717,288.446,290.717
222,193,188.512,147.63,163.528,161.257,86.3066,222.58,263.462,270.276,274.818,149.901,222.58
222,197,136.274,206.682,199.868,261.191,199.868,240.75,358.854,274.818,227.123,415.634,436.076
222,198,329.328,345.226,213.495,292.988,342.955,238.479,349.769,320.243,290.717,420.177,392.922
222,199,374.752,490.585,486.042,379.295,256.649,290.717,526.925,361.125,392.922,315.7,442.889
222,200,590.519,663.198,465.601,467.873,297.531,524.653,1006.15,529.196,640.486,313.429,449.703
222,201,506.484,554.179,447.432,238.479,272.547,633.672,1292.33,667.741,833.54,488.314,492.856
222,202,336.142,342.955,363.396,442.889,372.481,1260.53,1655.72,940.288,754.047,601.875,626.859
222,203,277.09,245.292,274.818,476.958,424.719,867.609,974.356,799.472,626.859,531.467,549.637
222,204,308.887,386.109,324.785,302.073,227.123,476.958,645.028,565.535,449.703,492.856,588.248
222,205,331.599,377.024,417.906,256.649,274.818,447.432,579.163,463.33,433.804,379.295,465.601
222,206,302.073,408.821,327.057,322.514,263.462,538.281,772.217,579.163,515.568,461.059,472.415
222,207,249.835,342.955,463.33,438.347,308.887,533.738,935.745,638.215,458.788,422.448,595.061
222,208,279.361,177.156,299.802,306.616,283.903,365.667,622.316,440.618,363.396,533.738,733.606
222,209,227.123,220.309,206.682,290.717,218.038,233.936,404.278,281.632,256.649,426.991,447.432
222,210,188.512,211.224,308.887,227.123,204.41,254.377,292.988,286.175,224.851,329.328,336.142
222,212,115.833,170.342,208.953,140.816,118.104,179.427,304.344,263.462,261.191,202.139,247.564
223,200,240.75,379.295,402.007,374.752,277.09,215.767,358.854,361.125,261.191,515.568,440.618
223,201,229.394,379.295,431.533,377.024,288.446,404.278,647.3,426.991,363.396,436.076,436.076
223,202,215.767,243.021,327.057,236.208,197.597,404.278,606.417,467.873,308.887,417.906,436.076
223,203,120.375,179.427,270.276,215.767,193.054,417.906,424.719,377.024,415.634,549.637,392.922
223,205,147.63,165.8,258.92,258.92,274.818,256.649,347.498,274.818,288.446,329.328,411.092
223,206,177.156,283.903,252.106,324.785,356.583,188.512,349.769,263.462,227.123,340.684,399.736
223,207,215.767,193.054,249.835,317.972,233.936,261.191,352.04,252.106,236.208,304.344,377.024
223,208,227.123,183.969,211.224,224.851,190.783,254.377,442.889,283.903,288.446,342.955,290.717
223,209,188.512,322.514,356.583,143.087,220.309,231.665,320.243,220.309,218.038,283.903,204.41
224,197,145.359,161.257,222.58,129.46,74.9505,197.597,227.123,218.038,233.936,199.868,106.748
224,198,115.833,220.309,186.241,154.443,195.325,340.684,404.278,379.295,213.495,277.09,265.734
224,203,97.6627,163.528,233.936,127.189,97.6627,224.851,333.87,206.682,224.851,261.191,258.92
224,207,254.377,236.208,208.953,163.528,190.783,172.613,342.955,220.309,220.309,236.208,281.632
225,197,106.748,224.851,215.767,179.427,161.257,120.375,258.92,204.41,265.734,124.917,213.495
225,198,102.205,218.038,197.597,118.104,161.257,202.139,333.87,258.92,295.259,227.123,197.597
225,199,170.342,297.531,229.394,188.512,106.748,292.988,336.142,313.429,268.005,306.616,249.835
225,208,111.29,172.613,188.512,172.613,131.731,181.698,265.734,302.073,306.616,283.903,254.377
226,208,95.3915,193.054,199.868,154.443,122.646,161.257,252.106,220.309,220.309,220.309,231.665
