393,310,99.6964,88.41,191.869,129.793,94.0532,88.41,131.675,144.842,150.485,227.609,139.199
405,310,124.15,148.604,231.371,165.534,206.917,94.0532,178.701,163.653,218.204,199.393,142.961
407,310,118.507,169.296,366.808,312.257,250.182,201.274,244.538,180.582,221.966,244.538,248.301
415,310,22.5728,152.366,295.327,144.842,126.031,122.269,112.864,197.512,216.322,268.992,141.08
404,311,99.6964,193.75,460.861,161.772,221.966,171.177,127.912,231.371,139.199,218.204,173.058
405,311,184.344,169.296,466.504,161.772,205.036,165.534,195.631,203.155,178.701,182.463,174.939
408,311,159.891,144.842,468.385,268.992,216.322,161.772,197.512,212.56,221.966,237.014,152.366
409,311,144.842,141.08,396.905,250.182,227.609,131.675,184.344,218.204,238.895,255.825,218.204
411,311,203.155,186.225,221.966,137.318,142.961,148.604,148.604,154.247,193.75,242.657,238.895
412,311,107.221,180.582,169.296,122.269,133.556,144.842,131.675,114.745,235.133,291.565,244.538
415,311,114.745,150.485,220.085,127.912,193.75,189.988,218.204,285.922,237.014,250.182,186.225
404,312,244.538,154.247,361.164,188.106,242.657,199.393,148.604,225.728,263.349,325.424,233.252
405,312,233.252,150.485,712.924,197.512,205.036,233.252,246.419,308.495,321.662,344.235,402.548
406,312,321.662,150.485,1151.21,214.441,220.085,261.468,323.543,244.538,395.024,293.446,372.451
407,312,323.543,248.301,1130.52,178.701,255.825,285.922,261.468,252.063,336.711,280.279,319.781
408,312,257.706,274.635,823.906,189.988,229.49,233.252,178.701,276.517,255.825,227.609,223.847
409,312,189.988,248.301,543.628,199.393,197.512,238.895,246.419,338.592,332.948,293.446,214.441
411,312,88.41,182.463,223.847,221.966,227.609,79.0047,203.155,321.662,268.992,293.446,197.512
412,312,137.318,218.204,268.992,167.415,163.653,118.507,156.128,220.085,349.878,321.662,233.252
400,313,199.393,216.322,509.769,124.15,184.344,197.512,176.82,208.798,131.675,152.366,97.8154
403,313,159.891,197.512,855.884,280.279,173.058,212.56,174.939,240.776,359.283,327.305,434.526
404,313,144.842,188.106,1574.45,323.543,285.922,216.322,135.437,385.618,374.332,427.002,475.909
405,313,186.225,263.349,1499.21,453.337,428.883,340.473,259.587,404.429,451.456,521.055,498.482
406,313,233.252,272.754,1318.63,432.645,519.174,327.305,319.781,494.72,368.689,506.006,532.341
407,313,235.133,396.905,904.792,434.526,496.601,297.208,299.089,299.089,353.64,458.98,464.623
408,313,293.446,302.851,756.188,285.922,319.781,349.878,332.948,404.429,314.138,357.402,389.38
409,313,257.706,336.711,697.875,295.327,257.706,325.424,276.517,280.279,252.063,364.927,410.072
410,313,188.106,297.208,711.042,272.754,216.322,316.019,329.186,327.305,370.57,370.57,357.402
411,313,201.274,257.706,639.562,235.133,180.582,340.473,272.754,423.24,314.138,374.332,308.495
412,313,169.296,171.177,304.732,167.415,186.225,176.82,186.225,436.407,323.543,434.526,310.376
413,313,114.745,69.5994,276.517,131.675,220.085,191.869,212.56,349.878,357.402,346.116,342.354
400,314,203.155,174.939,814.501,142.961,238.895,208.798,174.939,216.322,248.301,150.485,163.653
401,314,255.825,253.944,539.866,238.895,378.094,306.614,248.301,195.631,186.225,205.036,267.111
402,314,189.988,293.446,1040.23,490.958,327.305,310.376,329.186,387.499,280.279,299.089,291.565
403,314,267.111,364.927,2293.02,349.878,274.635,227.609,310.376,370.57,393.143,284.041,265.23
404,314,410.072,274.635,2372.02,347.997,317.9,265.23,306.614,534.222,600.06,498.482,415.715
405,314,746.783,306.614,2046.6,406.31,402.548,483.434,302.851,733.615,829.55,583.13,419.477
406,314,492.839,374.332,1595.14,519.174,496.601,592.535,368.689,759.95,925.484,515.412,562.438
407,314,415.715,293.446,752.426,551.152,537.985,532.341,355.521,790.047,791.928,554.914,506.006
408,314,361.164,325.424,366.808,415.715,453.337,402.548,300.97,699.756,609.465,479.672,511.65
409,314,218.204,180.582,374.332,336.711,415.715,259.587,214.441,404.429,558.676,361.164,366.808
410,314,139.199,225.728,428.883,342.354,308.495,282.16,291.565,255.825,393.143,334.83,379.975
411,314,146.723,231.371,479.672,250.182,306.614,376.213,370.57,214.441,300.97,284.041,400.667
414,314,238.895,195.631,381.856,284.041,188.106,238.895,267.111,297.208,379.975,340.473,327.305
400,315,253.944,197.512,468.385,278.398,347.997,259.587,267.111,270.873,252.063,293.446,246.419
401,315,225.728,334.83,1181.31,541.747,411.953,284.041,295.327,287.803,317.9,389.38,361.164
402,315,325.424,364.927,2343.81,378.094,419.477,250.182,293.446,370.57,545.509,474.028,378.094
403,315,408.191,372.451,1916.8,329.186,551.152,620.751,334.83,987.559,955.581,765.593,543.628
404,315,410.072,440.169,3160.19,396.905,852.122,850.241,526.698,1292.29,996.964,808.858,823.906
405,315,460.861,588.773,3116.92,823.906,934.889,1040.23,964.986,1205.76,902.911,927.365,929.246
406,315,487.196,878.457,981.916,1196.36,1378.82,1027.06,1081.61,1010.13,628.276,767.474,756.188
407,315,404.429,863.409,1356.25,1472.87,1034.59,953.7,1205.76,1023.3,558.676,705.399,718.567
408,315,425.121,812.62,1286.65,1034.59,699.756,739.258,914.197,865.29,628.276,624.513,626.395
409,315,297.208,679.064,665.897,739.258,319.781,545.509,720.448,838.955,1021.42,579.368,756.188
410,315,299.089,398.786,509.769,517.293,344.235,449.574,462.742,825.787,1025.18,686.589,936.77
411,315,253.944,284.041,325.424,302.851,263.349,270.873,304.732,475.909,662.135,517.293,577.487
413,315,214.441,240.776,509.769,173.058,206.917,272.754,408.191,280.279,205.036,229.49,253.944
414,315,206.917,299.089,551.152,289.684,261.468,242.657,357.402,385.618,321.662,221.966,267.111
415,315,150.485,244.538,443.931,312.257,189.988,210.679,248.301,323.543,235.133,284.041,250.182
394,316,131.675,180.582,205.036,176.82,159.891,169.296,223.847,240.776,293.446,329.186,304.732
396,316,139.199,101.577,387.499,291.565,293.446,188.106,285.922,278.398,276.517,265.23,240.776
400,316,291.565,334.83,400.667,475.909,483.434,285.922,282.16,334.83,332.948,289.684,306.614
401,316,451.456,393.143,1907.4,421.358,289.684,242.657,216.322,470.266,929.246,588.773,438.288
402,316,562.438,359.283,2797.14,338.592,748.664,865.29,474.028,1403.27,1299.82,1168.14,959.343
403,316,776.88,419.477,1922.45,925.484,1956.31,1565.05,1107.95,1617.72,1222.69,1220.81,1344.96
404,316,1256.55,494.72,4619.89,1529.31,1619.6,1258.43,1297.93,1239.62,1502.97,1136.16,1200.12
405,316,1100.42,562.438,1715.53,1077.85,899.149,726.091,891.625,1139.93,1781.37,846.479,1237.74
406,316,571.844,571.844,581.249,885.981,569.963,526.698,692.232,812.62,1017.66,673.421,1015.77
407,316,477.79,517.293,946.176,771.237,470.266,411.953,648.967,432.645,554.914,485.315,643.324
408,316,312.257,443.931,978.154,393.143,393.143,490.958,556.795,361.164,355.521,306.614,534.222
409,316,346.116,457.099,1092.9,387.499,244.538,347.997,709.161,522.936,419.477,458.98,489.077
410,316,208.798,554.914,1138.04,387.499,310.376,413.834,744.902,671.54,778.761,711.042,748.664
411,316,297.208,408.191,795.69,496.601,304.732,332.948,645.205,630.157,949.938,763.712,1047.75
412,316,191.869,368.689,460.861,466.504,347.997,278.398,344.235,425.121,673.421,558.676,765.593
413,316,206.917,206.917,415.715,344.235,272.754,280.279,310.376,410.072,389.38,347.997,404.429
414,316,244.538,191.869,506.006,218.204,218.204,197.512,252.063,274.635,188.106,280.279,304.732
415,316,188.106,218.204,560.557,214.441,235.133,248.301,255.825,248.301,246.419,252.063,205.036
416,316,120.388,206.917,1154.97,233.252,141.08,205.036,178.701,214.441,159.891,218.204,212.56
417,316,205.036,223.847,931.127,167.415,139.199,110.983,122.269,178.701,150.485,135.437,178.701
394,317,131.675,144.842,229.49,101.577,186.225,193.75,199.393,223.847,314.138,353.64,445.812
395,317,184.344,171.177,295.327,218.204,289.684,221.966,250.182,225.728,237.014,304.732,285.922
396,317,169.296,186.225,370.57,304.732,208.798,253.944,216.322,363.045,361.164,344.235,342.354
397,317,169.296,244.538,462.742,255.825,237.014,289.684,210.679,427.002,684.708,605.703,517.293
398,317,165.534,201.274,729.853,237.014,319.781,287.803,253.944,487.196,714.805,632.038,616.989
399,317,216.322,255.825,803.215,381.856,530.46,379.975,425.121,541.747,361.164,430.764,455.218
400,317,427.002,314.138,626.395,543.628,436.407,376.213,278.398,316.019,507.887,391.261,391.261
401,317,741.139,404.429,1232.1,321.662,919.841,1211.41,688.47,1326.15,1442.78,1222.69,1162.5
402,317,827.668,780.642,4525.84,1074.09,1933.73,1790.77,1350.6,1907.4,1574.45,1724.94,1788.89
403,317,1518.02,870.933,4802.36,1939.38,1619.6,1027.06,1273.48,1316.75,1642.17,1401.39,1474.75
404,317,2225.3,1130.52,5011.16,1945.02,1771.96,2360.74,1382.58,3246.72,3224.14,2087.98,1993.93
405,317,1000.73,2148.18,1815.23,2317.47,1482.28,3280.58,2661.71,3999.14,2552.6,1943.14,2168.87
406,317,449.574,2016.5,891.625,1950.66,594.416,1337.44,1941.26,2052.24,1427.73,1316.75,1360.01
407,317,346.116,703.518,4270.02,746.783,545.509,481.553,690.351,1047.75,825.787,884.1,788.166
408,317,485.315,603.822,3030.4,628.276,336.711,334.83,468.385,660.254,432.645,489.077,656.492
409,317,312.257,504.125,1583.86,370.57,282.16,332.948,483.434,413.834,395.024,312.257,347.997
410,317,280.279,308.495,1138.04,376.213,274.635,387.499,494.72,504.125,483.434,554.914,502.244
411,317,227.609,349.878,1352.49,336.711,259.587,235.133,451.456,528.579,551.152,598.179,620.751
412,317,349.878,364.927,746.783,319.781,295.327,250.182,385.618,481.553,645.205,554.914,756.188
413,317,306.614,274.635,820.144,383.737,355.521,364.927,410.072,592.535,577.487,466.504,607.584
414,317,284.041,393.143,1151.21,485.315,302.851,344.235,464.623,404.429,304.732,291.565,349.878
415,317,248.301,246.419,2646.66,381.856,203.155,270.873,205.036,314.138,321.662,244.538,223.847
416,317,186.225,225.728,626.395,214.441,150.485,159.891,95.9343,274.635,191.869,216.322,182.463
417,317,289.684,182.463,2349.45,129.793,165.534,112.864,186.225,191.869,191.869,208.798,206.917
418,317,259.587,233.252,618.87,148.604,124.15,171.177,133.556,163.653,174.939,221.966,176.82
395,318,146.723,118.507,408.191,189.988,329.186,310.376,293.446,306.614,316.019,353.64,383.737
396,318,201.274,257.706,314.138,310.376,419.477,317.9,308.495,451.456,675.302,639.562,664.016
397,318,210.679,240.776,391.261,278.398,517.293,393.143,357.402,743.021,1175.67,1200.12,1074.09
398,318,201.274,195.631,707.28,314.138,504.125,697.875,492.839,1109.83,981.916,951.819,1010.13
399,318,220.085,284.041,1000.73,511.65,374.332,425.121,588.773,675.302,483.434,492.839,553.033
400,318,746.783,340.473,1386.34,389.38,475.909,293.446,310.376,438.288,1010.13,733.615,624.513
401,318,942.413,624.513,1391.99,1123,2511.22,1529.31,1077.85,1489.8,1465.35,1540.59,1412.68
402,318,870.933,1023.3,5225.6,2272.33,2074.81,1312.98,1525.54,1555.64,1094.78,1042.11,1070.33
403,318,1993.93,1000.73,6999.44,1207.64,1587.62,1990.17,1297.93,2200.85,3098.11,2040.96,1931.85
404,318,1907.4,1824.63,5330.94,2795.26,3269.29,4174.08,3664.31,3604.12,3113.16,2545.08,3017.23
405,318,630.157,2791.5,1617.72,3487.49,1933.73,2460.43,4170.32,1939.38,1128.64,1218.93,1839.68
406,318,628.276,1260.31,1497.33,1119.23,797.571,1183.19,2142.53,1273.48,1008.25,1053.4,1232.1
407,318,428.883,543.628,5033.73,494.72,1094.78,776.88,806.977,1040.23,1151.21,1102.3,1055.28
408,318,447.693,530.46,3372.75,910.435,867.171,472.147,530.46,641.443,731.734,837.074,709.161
409,318,323.543,498.482,1303.58,748.664,537.985,368.689,389.38,526.698,566.2,581.249,596.298
410,318,263.349,351.759,731.734,417.596,378.094,316.019,306.614,438.288,436.407,357.402,385.618
411,318,231.371,278.398,767.474,304.732,214.441,417.596,383.737,458.98,381.856,355.521,342.354
412,318,302.851,336.711,731.734,263.349,284.041,272.754,378.094,436.407,319.781,415.715,436.407
413,318,267.111,323.543,1149.33,317.9,349.878,261.468,379.975,284.041,287.803,300.97,355.521
414,318,240.776,383.737,876.576,310.376,195.631,220.085,231.371,231.371,338.592,210.679,201.274
415,318,379.975,385.618,2409.64,317.9,297.208,265.23,261.468,270.873,293.446,221.966,248.301
416,318,825.787,447.693,1390.11,417.596,413.834,679.064,306.614,620.751,511.65,349.878,319.781
417,318,233.252,340.473,1384.46,327.305,210.679,255.825,233.252,436.407,308.495,244.538,154.247
418,318,284.041,314.138,923.603,167.415,255.825,208.798,159.891,189.988,201.274,184.344,250.182
419,318,137.318,408.191,592.535,267.111,210.679,197.512,210.679,272.754,208.798,201.274,159.891
390,319,90.2911,137.318,475.909,131.675,110.983,144.842,169.296,225.728,233.252,237.014,206.917
394,319,109.102,101.577,720.448,122.269,189.988,253.944,161.772,120.388,225.728,195.631,180.582
395,319,103.459,171.177,537.985,252.063,289.684,289.684,295.327,250.182,291.565,310.376,376.213
396,319,203.155,225.728,344.235,351.759,378.094,336.711,410.072,368.689,620.751,679.064,838.955
397,319,193.75,210.679,270.873,379.975,648.967,769.355,615.108,923.603,1134.28,1177.55,1252.79
398,319,306.614,199.393,620.751,566.2,744.902,1010.13,1215.17,1273.48,1047.75,933.008,1070.33
399,319,295.327,233.252,1999.57,837.074,601.941,667.778,705.399,869.052,818.263,743.021,671.54
400,319,767.474,316.019,1997.69,458.98,562.438,603.822,447.693,1138.04,1376.94,1380.7,1273.48
401,319,1463.47,946.176,1732.46,916.079,1978.88,1235.86,1249.03,1538.71,1469.11,1474.75,1514.26
402,319,1828.39,1192.6,5082.64,2272.33,2379.55,1753.15,1296.05,1533.07,2392.71,1788.89,1548.12
403,319,4723.35,1171.9,5581.12,2255.4,3139.5,2742.59,1914.92,3743.32,4619.89,4358.43,4473.17
404,319,4448.72,3203.45,4574.75,4379.12,2163.22,3389.68,3993.5,3555.21,2868.62,2460.43,3890.04
405,319,1004.49,3229.79,2230.94,2731.31,754.307,1203.88,1986.4,1198.24,1252.79,814.501,1100.42
406,319,1578.21,949.938,2772.69,639.562,1335.56,765.593,816.382,816.382,914.197,791.928,780.642
407,319,1264.08,692.232,5853.87,1207.64,1344.96,1367.53,933.008,1809.58,1346.84,1115.47,1192.6
408,319,594.416,643.324,1435.25,1166.26,869.052,863.409,741.139,1320.51,1154.97,1115.47,1241.5
409,319,440.169,741.139,2567.65,870.933,838.955,554.914,400.667,758.069,914.197,1060.92,1013.89
410,319,457.099,372.451,1813.35,833.312,1294.17,705.399,460.861,831.431,1060.92,995.083,964.986
411,319,265.23,457.099,878.457,1019.54,885.981,680.945,443.931,664.016,534.222,615.108,598.179
412,319,413.834,280.279,522.936,635.8,577.487,511.65,511.65,539.866,267.111,329.186,253.944
413,319,720.448,336.711,566.2,349.878,255.825,238.895,306.614,252.063,368.689,306.614,291.565
414,319,1100.42,507.887,641.443,370.57,808.858,885.981,427.002,803.215,1066.56,616.989,483.434
416,319,961.224,455.218,2441.62,571.844,1482.28,763.712,449.574,643.324,882.219,895.387,637.681
417,319,522.936,1109.83,1256.55,1516.14,692.232,1322.39,1043.99,1391.99,949.938,660.254,641.443
418,319,265.23,395.024,1040.23,402.548,221.966,331.067,364.927,415.715,212.56,257.706,201.274
419,319,259.587,336.711,349.878,238.895,201.274,195.631,221.966,218.204,229.49,216.322,214.441
390,320,56.4319,137.318,541.747,169.296,199.393,214.441,171.177,276.517,334.83,304.732,308.495
391,320,114.745,144.842,684.708,238.895,240.776,227.609,214.441,316.019,366.808,312.257,304.732
392,320,150.485,163.653,1000.73,148.604,191.869,319.781,235.133,325.424,270.873,332.948,284.041
393,320,142.961,133.556,1335.56,218.204,195.631,197.512,216.322,287.803,218.204,310.376,210.679
394,320,156.128,129.793,1713.65,205.036,233.252,195.631,62.0751,342.354,321.662,238.895,223.847
395,320,158.009,133.556,1773.84,259.587,246.419,176.82,176.82,272.754,406.31,304.732,391.261
396,320,171.177,176.82,1645.93,351.759,344.235,285.922,299.089,329.186,532.341,628.276,707.28
397,320,255.825,270.873,1282.89,453.337,637.681,451.456,573.725,714.805,865.29,1025.18,901.03
398,320,364.927,359.283,925.484,761.831,842.717,964.986,1074.09,1218.93,949.938,1158.74,964.986
399,320,374.332,366.808,2150.06,842.717,968.748,1256.55,1175.67,1407.04,1154.97,1154.97,985.678
400,320,916.079,364.927,3077.42,774.999,1294.17,1288.53,1149.33,1380.7,1382.58,1467.23,1600.79
401,320,2223.42,1002.61,2957.03,850.241,2195.2,1269.72,1042.11,1918.69,2276.09,2202.73,1941.26
402,320,3634.22,1664.74,3350.18,2742.59,4561.58,2659.83,1598.91,3438.59,3786.58,3641.74,3002.18
403,320,5312.13,2537.56,2582.7,4523.96,3871.23,4207.94,3414.13,5823.78,5786.16,4975.42,5804.97
404,320,4542.77,5889.61,7915.52,4433.67,1948.78,3397.2,4322.69,3511.95,4268.14,2767.05,4350.9
405,320,1354.37,5564.19,3803.51,2868.62,579.368,1666.62,2166.99,2358.86,3788.46,1839.68,2725.66
406,320,2706.85,1363.77,1973.24,699.756,1640.29,1130.52,1183.19,2272.33,2571.42,1527.42,1390.11
407,320,1770.08,2048.48,4382.88,2955.15,3933.31,2473.6,1644.05,2528.15,2321.23,1360.01,1153.09
408,320,727.972,2155.7,1305.46,4396.05,1993.93,1711.77,1890.47,1455.94,946.176,778.761,861.528
409,320,603.822,688.47,2405.88,1185.07,938.651,686.589,652.729,893.506,1130.52,1139.93,938.651
410,320,727.972,466.504,1717.41,664.016,791.928,735.496,536.103,1209.52,1538.71,1328.03,1386.34
411,320,652.729,758.069,1008.25,771.237,842.717,835.193,799.453,1132.4,1098.54,923.603,980.035
412,320,537.985,690.351,806.977,901.03,682.826,588.773,519.174,585.011,359.283,509.769,438.288
413,320,600.06,455.218,3282.46,564.319,569.963,252.063,237.014,410.072,417.596,543.628,419.477
414,320,1269.72,919.841,3491.26,600.06,1326.15,816.382,705.399,996.964,1484.16,1367.53,1303.58
415,320,669.659,1901.76,1373.18,2394.6,1437.13,1813.35,1422.08,2001.45,1467.23,814.501,921.722
416,320,722.329,539.866,1768.2,876.576,981.916,526.698,460.861,517.293,603.822,701.637,737.377
417,320,585.011,1004.49,682.826,1407.04,1627.12,1269.72,1365.65,1256.55,1115.47,1081.61,1134.28
418,320,216.322,823.906,1087.26,1275.36,438.288,592.535,780.642,645.205,368.689,331.067,477.79
389,321,167.415,152.366,517.293,208.798,308.495,210.679,291.565,317.9,344.235,376.213,314.138
390,321,137.318,191.869,739.258,259.587,346.116,329.186,372.451,357.402,639.562,511.65,551.152
391,321,139.199,197.512,1696.72,329.186,280.279,284.041,295.327,509.769,581.249,590.654,547.39
392,321,208.798,122.269,2144.41,278.398,351.759,329.186,310.376,577.487,596.298,543.628,393.143
393,321,220.085,223.847,2511.22,221.966,479.672,398.786,317.9,654.611,647.086,541.747,506.006
394,321,242.657,297.208,2159.46,404.429,338.592,423.24,332.948,714.805,673.421,626.395,490.958
395,321,191.869,364.927,3376.51,370.57,364.927,257.706,289.684,526.698,477.79,470.266,492.839
396,321,133.556,235.133,5253.81,242.657,142.961,218.204,282.16,443.931,457.099,564.319,553.033
397,321,240.776,278.398,4345.26,252.063,427.002,338.592,417.596,536.103,773.118,863.409,816.382
398,321,568.082,361.164,2571.42,410.072,1205.76,829.55,827.668,1094.78,1856.61,1794.54,1529.31
399,321,690.351,842.717,3126.33,1147.45,1818.99,1529.31,1162.5,2044.72,2319.35,2302.42,1869.78
400,321,983.797,788.166,2795.26,1768.2,1572.57,1113.59,1126.76,1770.08,2343.81,2112.44,1950.66
401,321,2035.31,974.392,3327.6,1087.26,2259.16,1975.12,1472.87,2639.13,2868.62,2599.63,2460.43
402,321,3158.31,2876.15,3575.9,3152.66,4885.13,3720.75,3491.26,3767.77,4080.03,4187.25,4320.81
403,321,3577.79,4689.49,3195.93,5820.01,5056.3,5462.61,4563.46,6177.42,7251.5,5526.57,6581.85
404,321,5229.36,4986.7,6726.69,5481.42,2166.99,3957.76,4715.83,5396.77,5577.36,3856.18,5915.95
405,321,2697.45,4429.91,3630.45,1881.06,822.025,3624.81,4038.65,3997.26,3839.25,3086.83,4098.84
406,321,5899.02,2106.79,3457.4,1423.97,2609.04,4100.72,4096.96,4725.23,4507.03,4128.94,3814.8
407,321,1465.35,3590.95,6250.78,4147.75,2883.67,5727.84,4593.56,6393.74,5472.02,4234.28,4768.5
408,321,1845.32,2810.31,2084.22,2960.8,1745.63,1704.24,2554.49,2163.22,1869.78,1604.55,2302.42
409,321,861.528,1243.38,2313.71,2086.1,1371.3,1741.87,1222.69,2127.48,2447.27,1384.46,1501.09
410,321,626.395,1025.18,1200.12,1250.91,1027.06,1741.87,1572.57,2084.22,1706.13,1408.92,1529.31
411,321,739.258,1154.97,1472.87,1249.03,652.729,1282.89,1578.21,1363.77,895.387,998.845,1196.36
412,321,829.55,880.338,869.052,598.179,541.747,590.654,739.258,573.725,536.103,496.601,645.205
413,321,603.822,686.589,2373.9,679.064,537.985,466.504,451.456,603.822,893.506,470.266,415.715
414,321,927.365,562.438,3344.53,549.271,643.324,391.261,404.429,483.434,996.964,1147.45,1036.47
415,321,1151.21,1553.76,1375.06,1168.14,2215.89,1832.16,1771.96,2031.55,2003.33,1807.7,1948.78
417,321,756.188,855.884,983.797,963.105,1104.18,848.36,707.28,739.258,707.28,906.673,964.986
419,321,295.327,255.825,282.16,336.711,447.693,344.235,272.754,284.041,144.842,238.895,189.988
385,322,154.247,107.221,265.23,186.225,169.296,225.728,156.128,156.128,253.944,280.279,250.182
386,322,144.842,110.983,314.138,184.344,220.085,203.155,127.912,253.944,299.089,265.23,210.679
388,322,150.485,142.961,601.941,253.944,235.133,325.424,237.014,304.732,419.477,353.64,402.548
389,322,250.182,210.679,976.273,319.781,421.358,276.517,304.732,402.548,697.875,532.341,637.681
390,322,244.538,327.305,1527.42,430.764,502.244,387.499,338.592,658.373,806.977,735.496,791.928
391,322,223.847,263.349,2631.61,372.451,413.834,487.196,498.482,946.176,795.69,695.994,652.729
392,322,428.883,218.204,3150.78,421.358,637.681,688.47,656.492,822.025,1083.49,963.105,729.853
393,322,477.79,417.596,5014.92,635.8,1158.74,1064.68,823.906,1444.66,1482.28,1132.4,1051.52
394,322,494.72,334.83,8368.86,867.171,1134.28,1134.28,923.603,1548.12,1435.25,1448.42,1177.55
395,322,754.307,325.424,7877.9,530.46,671.54,837.074,545.509,1644.05,1747.51,1303.58,854.003
396,322,411.953,284.041,4958.49,393.143,577.487,743.021,479.672,1463.47,1407.04,1010.13,859.647
397,322,370.57,235.133,4610.49,304.732,521.055,419.477,323.543,931.127,1328.03,1495.45,1269.72
398,322,601.941,284.041,9157.02,363.045,1533.07,989.44,701.637,1871.66,3073.66,3276.81,3051.09
399,322,964.986,620.751,7292.89,1536.83,2770.81,2244.11,1698.6,4029.24,4582.27,5157.88,4478.82
400,322,1175.67,1047.75,7117.95,2001.45,2238.47,2125.6,1685.43,4044.29,4982.94,5063.83,4145.87
401,322,1149.33,1096.66,5065.71,1457.83,2366.38,2588.35,2074.81,3972.81,4095.08,3109.4,3327.6
402,322,1124.88,2153.82,7063.4,3579.67,2904.36,2396.48,2910.01,2642.9,3273.05,3145.14,3944.59
403,322,2676.76,2782.09,6726.69,3004.06,4589.8,6186.82,5206.79,6113.46,5387.37,4627.42,5643.19
404,322,6837.67,4405.45,6843.31,6371.17,3188.4,6634.52,7759.39,6070.2,3880.64,3019.11,4473.17
405,322,8182.63,5938.52,2652.3,3871.23,1350.6,3269.29,4990.46,2714.38,3464.92,2054.12,3378.39
406,322,2488.65,3893.8,7101.02,2618.44,4296.35,2157.58,3280.58,2007.1,2206.49,2520.63,2868.62
407,322,1117.35,6096.53,8421.53,5774.87,2642.9,3355.82,4960.37,2772.69,2119.96,2902.48,4042.41
408,322,2323.11,1937.5,5061.95,1743.75,1585.74,1092.9,2494.29,1205.76,1322.39,1659.1,1813.35
409,322,957.462,2483.01,5140.95,2577.06,1608.31,2953.27,2603.39,2934.46,2345.69,2364.5,2415.29
410,322,759.95,925.484,1399.51,1410.8,1777.61,1386.34,2620.32,1463.47,793.809,995.083,1329.91
411,322,722.329,825.787,2191.44,1502.97,551.152,632.038,1139.93,590.654,410.072,502.244,513.531
412,322,1382.58,633.919,2791.5,370.57,364.927,511.65,458.98,846.479,1277.24,867.171,536.103
413,322,2326.88,863.409,1222.69,455.218,940.532,1123,803.215,2014.62,3229.79,1982.64,1529.31
414,322,1062.8,993.202,1489.8,1228.34,857.766,1341.2,901.03,2048.48,2138.77,1311.1,1337.44
415,322,1264.08,859.647,1006.37,893.506,1625.24,1267.84,1139.93,1356.25,1457.83,1563.16,1879.18
416,322,453.337,1625.24,1738.1,2364.5,1361.89,2057.88,2225.3,1916.8,1476.64,1051.52,1328.03
417,322,502.244,616.989,1004.49,996.964,1042.11,601.941,780.642,735.496,543.628,600.06,554.914
418,322,182.463,850.241,711.042,998.845,498.482,615.108,701.637,498.482,338.592,411.953,592.535
385,323,133.556,174.939,285.922,167.415,216.322,199.393,144.842,120.388,302.851,263.349,240.776
386,323,205.036,201.274,331.067,302.851,210.679,227.609,176.82,387.499,250.182,293.446,268.992
387,323,173.058,248.301,553.033,280.279,304.732,410.072,302.851,402.548,308.495,432.645,389.38
388,323,248.301,218.204,978.154,316.019,458.98,391.261,357.402,402.548,554.914,579.368,511.65
389,323,349.878,161.772,1132.4,434.526,423.24,321.662,208.798,596.298,844.598,827.668,667.778
390,323,445.812,363.045,1405.16,381.856,690.351,929.246,669.659,1416.44,1196.36,980.035,916.079
391,323,795.69,378.094,2012.74,603.822,1138.04,1467.23,1100.42,1459.71,1241.5,1203.88,1113.59
392,323,1128.64,549.271,2866.74,938.651,1168.14,1079.73,782.523,1320.51,1897.99,1738.1,1598.91
393,323,906.673,793.809,4839.98,1344.96,1852.85,1538.71,1431.49,2219.66,2419.05,2176.39,2080.46
394,323,620.751,504.125,8720.62,1544.35,2535.68,1420.2,1373.18,2287.37,3032.28,2671.11,2375.78
395,323,1566.93,716.686,13182.5,2046.6,3440.47,2140.65,1591.38,3523.23,3792.23,4209.82,3288.1
396,323,1258.43,1470.99,7627.72,2829.12,4031.12,3216.62,2328.76,4273.78,3248.6,3359.58,2866.74
397,323,635.8,635.8,9315.03,2332.52,1856.61,1704.24,1472.87,2710.61,2174.51,1958.19,1864.14
398,323,743.021,327.305,11643.8,1134.28,1662.86,1232.1,923.603,1901.76,2161.34,2360.74,2614.68
399,323,981.916,795.69,4055.58,1565.05,3000.3,2688.04,2539.44,3594.71,4582.27,5114.61,5344.1
400,323,963.105,1233.98,2182.04,2530.03,5165.4,3043.56,2915.65,5820.01,7667.22,9395.92,8461.03
401,323,1113.59,1143.69,4183.49,2520.63,4712.07,4017.95,3427.3,7983.24,6931.72,6879.05,6604.42
402,323,1254.67,1380.7,7477.23,3156.43,1875.42,2755.76,2846.05,4290.71,2782.09,2563.89,2904.36
403,323,3081.18,1045.87,5729.72,1548.12,4823.05,3903.21,3587.19,3305.03,3327.6,2866.74,3214.74
404,323,3827.97,3997.26,3357.7,7435.85,4080.03,5028.09,6128.51,3938.95,3568.38,2776.45,3976.57
405,323,6687.19,8197.68,6865.89,4633.06,1000.73,3220.38,4322.69,3278.7,4634.94,3017.23,4971.65
406,323,3064.25,9986.57,24826.3,2123.72,1960.07,2844.17,3624.81,3250.48,3043.56,2306.19,3064.25
407,323,2151.94,2791.5,9999.74,2439.74,2018.38,2637.25,2163.22,3013.47,2069.17,1841.56,2283.61
408,323,1487.92,1269.72,1839.68,1241.5,1519.9,867.171,1138.04,1045.87,989.44,1113.59,985.678
409,323,1098.54,2385.19,5282.03,2518.75,1269.72,1565.05,2052.24,1312.98,1072.21,1482.28,1587.62
410,323,1015.77,750.545,2712.5,991.321,1922.45,891.625,1074.09,688.47,455.218,543.628,782.523
411,323,1141.81,695.994,2012.74,1375.06,784.404,404.429,526.698,504.125,442.05,451.456,513.531
412,323,1034.59,1179.43,4149.63,763.712,1284.77,1166.26,774.999,1331.79,1077.85,1629,1162.5
413,323,3019.11,1538.71,3873.11,2005.21,3557.09,2093.63,2067.29,2921.29,3532.64,3999.14,3641.74
414,323,1583.86,3683.12,1446.54,3882.52,2460.43,3671.84,3481.85,3985.98,3186.52,2704.97,3703.82
415,323,705.399,1835.92,1064.68,2223.42,885.981,1437.13,2232.82,1444.66,1256.55,1401.39,1670.39
416,323,479.672,1510.49,987.559,1416.44,1384.46,2046.6,1766.32,1762.56,1282.89,1314.86,1525.54
417,323,425.121,733.615,767.474,961.224,748.664,707.28,1222.69,891.625,492.839,430.764,585.011
418,323,193.75,502.244,1525.54,632.038,545.509,419.477,383.737,410.072,299.089,314.138,372.451
419,323,184.344,255.825,430.764,310.376,233.252,191.869,221.966,206.917,189.988,208.798,142.961
385,324,154.247,210.679,376.213,246.419,129.793,154.247,161.772,235.133,289.684,276.517,295.327
386,324,214.441,150.485,440.169,212.56,206.917,370.57,332.948,464.623,325.424,325.424,267.111
387,324,189.988,191.869,643.324,252.063,453.337,389.38,438.288,415.715,359.283,470.266,445.812
388,324,408.191,265.23,874.695,370.57,579.368,310.376,346.116,490.958,761.831,695.994,618.87
389,324,490.958,295.327,931.127,519.174,583.13,575.606,522.936,1030.82,1288.53,946.176,912.316
390,324,665.897,545.509,1730.58,630.157,1694.84,1960.07,1536.83,1824.63,1493.57,1371.3,1446.54
391,324,1188.83,718.567,2067.29,1856.61,2720.02,1798.3,1850.97,1501.09,1459.71,1818.99,1730.58
392,324,1696.72,1027.06,4033,2142.53,1788.89,1324.27,1094.78,2059.77,2783.98,2590.23,2240.35
393,324,3259.89,1700.48,3711.34,2285.49,2851.69,3160.19,2219.66,4226.75,4907.7,3481.85,3515.71
394,324,3380.27,1484.16,4207.94,2908.13,2957.03,4418.62,2928.82,5899.02,5714.67,3984.1,3995.38
395,324,1202,1013.89,10133.3,2533.79,4204.18,4004.79,3002.18,4879.48,4117.65,4254.97,3965.28
396,324,1410.8,1576.33,7277.84,3632.34,5485.18,3004.06,3165.83,4085.67,4222.99,4081.91,3357.7
397,324,2214.01,1613.95,6655.21,3925.78,4157.15,4273.78,2955.15,6201.87,8297.38,5479.54,4260.61
398,324,2131.25,931.127,10325.2,3555.21,3987.86,5251.93,2898.72,7576.93,6779.36,4887.01,4033
399,324,1452.18,902.911,8997.13,3408.49,4627.42,3993.5,2774.57,4802.36,3876.87,3572.14,3728.27
400,324,1403.27,940.532,4004.79,3314.44,3963.4,4875.72,4441.19,4966.01,4285.07,6175.54,6094.65
401,324,1168.14,791.928,1899.88,2191.44,6636.4,5225.6,5236.88,6589.37,6004.36,7042.71,6990.04
402,324,1606.43,848.36,2304.3,3833.61,5402.42,5026.2,4695.14,6062.67,4055.58,3542.04,3327.6
403,324,5449.44,912.316,1920.57,3564.62,5914.07,3718.86,2770.81,3350.18,3735.79,2761.4,3128.21
404,324,6512.25,3940.83,5635.67,5552.9,2838.53,3658.67,4565.34,3594.71,2565.77,2844.17,3656.79
405,324,11205.5,4160.92,4444.96,3592.83,2509.34,2415.29,3190.29,3107.52,8481.72,4977.3,5519.04
406,324,2883.67,6358,8128.08,4382.88,4460,4396.05,4264.37,6517.89,7669.1,4510.79,5336.58
407,324,2543.2,3212.86,8201.44,5727.84,6051.39,4087.55,3367.11,3843.02,2061.65,2306.19,2093.63
408,324,2317.47,3707.58,4670.68,5282.03,2443.5,2770.81,2356.97,2387.07,2360.74,1542.47,1738.1
409,324,1480.4,2082.34,3822.32,2740.71,1600.79,2127.48,1565.05,2526.27,1977,1350.6,1514.26
410,324,1679.79,878.457,3069.9,818.263,1075.97,611.346,492.839,645.205,680.945,474.028,707.28
411,324,3837.37,1107.95,1104.18,1269.72,1277.24,750.545,590.654,917.96,1489.8,626.395,803.215
412,324,2479.24,1207.64,1055.28,957.462,720.448,790.047,519.174,961.224,1886.71,1085.37,908.554
413,324,1630.88,1179.43,2069.17,679.064,1561.28,964.986,1111.71,1721.17,2524.39,2172.63,2496.17
414,324,654.611,3440.47,1279.12,2328.76,2037.19,2624.09,3109.4,2150.06,1548.12,1692.96,2780.21
415,324,521.055,1892.35,1002.61,2195.2,727.972,1004.49,2452.91,854.003,1047.75,966.867,1224.57
416,324,536.103,709.161,1111.71,1083.49,2076.7,1803.94,1322.39,1574.45,993.202,1128.64,1499.21
417,324,359.283,893.506,869.052,1739.98,568.082,543.628,1175.67,598.179,357.402,355.521,534.222
418,324,165.534,378.094,692.232,359.283,340.473,440.169,381.856,421.358,349.878,293.446,235.133
385,325,182.463,174.939,287.803,201.274,178.701,191.869,141.08,368.689,306.614,331.067,316.019
386,325,238.895,216.322,316.019,285.922,387.499,308.495,492.839,511.65,263.349,297.208,325.424
387,325,430.764,295.327,632.038,346.116,596.298,332.948,349.878,282.16,504.125,481.553,635.8
388,325,393.143,408.191,652.729,526.698,709.161,425.121,357.402,921.722,1017.66,897.268,884.1
389,325,613.227,472.147,1128.64,791.928,876.576,912.316,776.88,1139.93,1053.4,961.224,1049.63
390,325,1258.43,673.421,2539.44,1002.61,1785.13,1247.15,1627.12,1168.14,1028.94,1288.53,1286.65
391,325,1572.57,951.819,1843.44,2082.34,2539.44,1376.94,1243.38,1478.52,2172.63,2014.62,1867.9
392,325,1899.88,1262.19,3265.53,1837.8,3101.88,2541.32,1550,3498.78,4051.81,3645.5,3282.46
393,325,4465.65,1980.76,4324.57,3393.44,5808.73,4285.07,3839.25,4729,4698.9,4582.27,4601.08
394,325,6995.68,4879.48,3177.12,7452.78,9104.35,7467.83,6877.17,7116.07,7725.53,6292.16,6841.43
395,325,3935.19,6092.77,5953.57,11190.5,8169.46,8011.45,7623.96,8513.7,7576.93,6295.92,6753.02
396,325,3139.5,1796.42,6077.72,6002.48,4561.58,4638.71,3696.29,6882.82,7785.73,6905.39,7020.13
397,325,4123.29,1832.16,4343.38,4089.43,8316.19,8276.68,6358,10018.6,11421.8,10251.8,10795.4
398,325,1943.14,4377.24,2667.35,10014.8,9318.79,10342.1,10550.9,11075.7,8938.82,8837.24,9600.95
399,325,2127.48,3575.9,2898.72,7309.82,5189.86,3461.16,5398.66,4838.1,4219.23,4268.14,4981.06
400,325,4128.94,2706.85,3735.79,5477.66,4507.03,2674.87,3647.38,2748.24,3816.68,3337.01,3805.39
401,325,3933.31,2377.67,4563.46,5105.21,6216.92,3368.99,3681.24,4123.29,5848.23,5618.74,6034.46
402,325,2381.43,2163.22,1888.59,5584.88,7339.91,5441.92,5283.91,6260.18,4010.43,4074.39,4661.28
403,325,4548.41,2287.37,2554.49,6621.35,5031.85,4010.43,4332.09,3069.9,2554.49,2479.24,3083.07
404,325,7552.47,6736.09,4194.77,6154.84,2238.47,2593.99,3982.21,2424.69,3754.61,2827.24,3344.53
405,325,25138.5,7157.45,2127.48,2118.08,3747.08,8233.42,3675.6,11190.5,23093.8,13225.8,15311.9
406,325,8150.65,18065.7,4943.44,10225.5,7742.46,20906.2,16560.9,23991.1,21344.4,14085.4,17796.8
407,325,2426.57,4548.41,12040.7,8572.01,4478.82,5757.94,6134.15,7253.39,4170.32,3312.55,4134.58
408,325,1431.49,2473.6,12996.3,3276.81,3664.31,1897.99,2080.46,1950.66,2195.2,2040.96,2119.96
409,325,1373.18,3049.21,7759.39,5569.83,3764.01,3995.38,3839.25,3703.82,2644.78,2612.8,2733.19
410,325,1013.89,1309.22,2065.41,2362.62,1042.11,1149.33,1316.75,1487.92,1329.91,1089.14,1091.02
411,325,1751.27,1732.46,677.183,1202,2065.41,1482.28,1339.32,1916.8,3028.51,2259.16,2464.19
412,325,2108.67,4655.64,1064.68,3222.26,2270.45,3656.79,2400.24,3944.59,4403.57,3184.64,3619.17
413,325,814.501,3843.02,2298.66,3002.18,1070.33,3542.04,4177.84,3895.69,3019.11,2584.58,3154.55
414,325,814.501,2087.98,2163.22,1931.85,1094.78,1092.9,2119.96,1145.57,759.95,814.501,1294.17
415,325,432.645,765.593,1367.53,808.858,658.373,658.373,759.95,790.047,1064.68,1094.78,1032.7
416,325,402.548,803.215,857.766,1175.67,1322.39,1241.5,1139.93,1096.66,549.271,778.761,1305.46
417,325,626.395,506.006,554.914,846.479,368.689,490.958,637.681,511.65,534.222,347.997,396.905
418,325,178.701,449.574,347.997,701.637,635.8,709.161,592.535,889.744,553.033,466.504,430.764
386,326,259.587,158.009,248.301,246.419,391.261,387.499,423.24,319.781,327.305,284.041,285.922
387,326,402.548,218.204,624.513,395.024,492.839,338.592,293.446,357.402,618.87,650.848,656.492
388,326,513.531,712.924,507.887,600.06,744.902,778.761,686.589,912.316,759.95,927.365,919.841
389,326,929.246,440.169,1495.45,934.889,1049.63,854.003,859.647,838.955,931.127,812.62,825.787
390,326,1437.13,769.355,1779.49,1100.42,1143.69,1066.56,987.559,1119.23,1550,1249.03,1139.93
391,326,1977,1862.25,1615.83,1713.65,1813.35,2108.67,1482.28,2308.07,3400.97,2537.56,2620.32
392,326,2518.75,2234.7,2874.27,2708.73,4392.29,4230.51,3660.55,4512.67,3416.01,3574.02,3555.21
393,326,4988.58,2330.64,3436.71,3967.17,3918.26,2870.5,3705.7,2678.64,2622.2,2697.45,3423.54
394,326,6388.1,5577.36,5537.85,4557.82,5767.34,4465.65,4544.65,4736.52,6852.72,5899.02,6933.6
395,326,5746.65,9685.6,4888.89,10402.3,8587.06,8551.32,8989.61,8306.78,7266.55,6126.63,7601.38
396,326,6239.49,6320.38,5684.58,8946.34,5940.4,7599.5,8097.98,6489.67,6796.29,5707.15,8026.5
397,326,7712.37,5330.94,6073.96,8432.81,8327.47,8276.68,8775.17,7012.61,8255.99,7390.7,10155.9
398,326,4294.47,7069.04,4881.36,11491.4,7949.38,9348.89,10786,8553.2,7800.78,6570.56,9322.56
399,326,1521.78,3273.05,1303.58,7687.91,2981.49,5639.43,6216.92,6115.34,4966.01,4127.06,6532.94
400,326,1333.67,2229.06,1691.08,2016.5,1621.48,2321.23,2466.08,3227.91,3530.76,3459.28,4781.67
401,326,1375.06,4633.06,3171.48,2293.02,2531.91,2522.51,3455.52,2981.49,3054.85,4215.47,5270.74
402,326,2932.58,5165.4,1489.8,4495.74,4409.22,2567.65,4450.6,1999.57,2283.61,2341.93,2983.37
403,326,6777.48,2731.31,773.118,4253.09,1945.02,1997.69,2281.73,2678.64,5246.29,2740.71,2958.91
404,326,2159.46,4990.46,1012.01,3060.49,2144.41,3784.7,2872.39,4469.41,5180.45,4640.59,5308.36
405,326,4821.17,7153.69,1664.74,4044.29,9924.5,11186.7,9632.93,9653.62,14333.7,14852.9,21826
406,326,11963.6,28182.1,1928.09,23355.3,13944.3,19130.4,28413.5,15112.5,11922.2,13997,22253
407,326,7364.37,10962.8,2736.95,15157.6,4168.44,6719.16,13176.9,6845.19,6339.19,4602.97,6739.85
408,326,3291.86,3271.17,6557.39,2492.41,2490.53,3105.64,2876.15,3748.96,4174.08,2185.8,2618.44
409,326,991.321,2065.41,9347.01,3811.04,3826.09,3147.02,2940.1,3429.18,2716.26,2810.31,2763.28
410,326,733.615,1128.64,4339.62,2422.81,2165.11,1164.38,1606.43,1226.45,867.171,1290.41,1440.9
411,326,590.654,1119.23,1356.25,1433.37,1630.88,1107.95,1435.25,1252.79,1538.71,2161.34,2381.43
412,326,1967.59,1715.53,611.346,2443.5,3442.35,1977,2735.07,2027.79,1553.76,2859.22,3365.22
413,326,1256.55,2230.94,1499.21,3280.58,2383.31,1873.54,3634.22,1459.71,870.933,1638.41,2257.28
414,326,474.028,1296.05,1581.98,1975.12,776.88,703.518,1164.38,680.945,822.025,645.205,731.734
415,326,647.086,840.836,487.196,632.038,837.074,908.554,806.977,1012.01,1132.4,1106.07,1249.03
416,326,268.992,517.293,818.263,876.576,569.963,643.324,989.44,633.919,455.218,451.456,679.064
417,326,524.817,434.526,404.429,583.13,1168.14,870.933,462.742,782.523,673.421,573.725,462.742
418,326,195.631,1008.25,231.371,1391.99,848.36,855.884,1171.9,878.457,545.509,504.125,490.958
419,326,199.393,229.49,306.614,400.667,359.283,193.75,244.538,253.944,142.961,189.988,116.626
385,327,163.653,248.301,206.917,220.085,178.701,150.485,235.133,317.9,189.988,248.301,191.869
386,327,252.063,220.085,268.992,265.23,357.402,289.684,252.063,314.138,359.283,327.305,316.019
387,327,368.689,383.737,645.205,490.958,558.676,395.024,334.83,434.526,605.703,662.135,703.518
388,327,914.197,553.033,361.164,784.404,733.615,579.368,720.448,588.773,656.492,737.377,618.87
389,327,981.916,583.13,709.161,750.545,1147.45,893.506,769.355,1111.71,1281.01,1175.67,1081.61
390,327,840.836,1115.47,635.8,1516.14,1480.4,1420.2,1177.55,1574.45,1550,1566.93,1542.47
391,327,2266.68,1459.71,1566.93,1739.98,1651.57,1521.78,1783.25,2003.33,2462.31,2240.35,2714.38
392,327,2535.68,2870.5,3455.52,2847.93,3647.38,3974.69,4326.45,3288.1,2024.03,1941.26,2479.24
393,327,4384.76,2849.81,2176.39,4531.48,2005.21,1822.75,2394.6,1978.88,3355.82,2409.64,2879.91
394,327,7123.59,4697.02,5214.31,2227.18,3624.81,4937.79,3850.54,5554.78,6886.58,5498.35,6100.29
395,327,8660.42,7550.59,4732.76,6991.92,5872.68,6941.13,7939.97,6589.37,7012.61,4808,6453.93
396,327,5791.8,7063.4,2144.41,6643.92,3007.82,5325.29,6709.76,5867.04,7539.31,4774.14,6621.35
397,327,4153.39,7140.52,5528.45,4693.26,2821.6,4975.42,6801.93,5118.38,6043.86,4185.37,5780.51
398,327,8400.84,9219.1,8336.88,5733.49,4629.3,4674.45,7110.42,3861.83,5043.13,3963.4,5803.08
399,327,4849.38,8018.98,2106.79,8099.86,4349.02,4909.58,7432.09,4347.14,4883.24,3440.47,5402.42
400,327,3058.61,2535.68,4518.32,4687.61,3244.84,3730.15,4454.36,3244.84,3506.3,2362.62,3092.47
401,327,1202,1435.25,7817.7,2925.06,1408.92,3077.42,2469.84,3130.09,3103.76,2264.8,2750.12
402,327,1059.04,1226.45,5118.38,1198.24,1057.16,2176.39,1935.62,2629.73,4145.87,2562.01,3510.07
403,327,1544.35,2672.99,4228.63,1207.64,2663.59,4059.34,4119.53,4392.29,5786.16,4928.39,6948.65
404,327,603.822,7116.07,1845.32,5761.7,3993.5,4539.01,6730.45,3835.49,2831,3400.97,4975.42
405,327,2699.33,2069.17,885.981,3049.21,2150.06,1946.9,3156.43,2266.68,3120.69,3111.28,6591.25
406,327,5513.4,4433.67,1220.81,3028.51,3701.94,4396.05,6136.03,5393.01,8709.33,5545.38,6658.97
407,327,5592.41,14649.7,2964.56,7966.31,6749.26,12843.9,7971.95,12582.4,13669.7,7845.92,8637.85
408,327,5156,11111.4,6585.61,10122,5306.48,10868.8,10509.5,10808.6,9516.31,5818.13,7102.9
409,327,1565.05,5729.72,10797.3,6634.52,3455.52,5788.04,5857.64,6169.89,4407.33,3453.63,4401.69
410,327,398.786,1286.65,5741.01,1943.14,1674.15,1053.4,1470.99,1123,904.792,854.003,1160.62
411,327,583.13,814.501,2012.74,889.744,553.033,447.693,603.822,633.919,682.826,870.933,1053.4
412,327,1032.7,639.562,1771.96,413.834,848.36,564.319,658.373,633.919,908.554,767.474,865.29
413,327,1087.26,1837.8,1958.19,904.792,1094.78,1252.79,874.695,1265.96,1644.05,761.831,808.858
414,327,387.499,1775.73,684.708,1595.14,823.906,1553.76,1250.91,1459.71,1632.76,1177.55,1145.57
415,327,609.465,590.654,889.744,1025.18,1200.12,1066.56,1032.7,1256.55,833.312,889.744,1138.04
416,327,221.966,805.096,605.703,1173.78,507.887,524.817,731.734,475.909,346.116,374.332,385.618
417,327,205.036,331.067,174.939,389.38,588.773,590.654,475.909,370.57,334.83,434.526,442.05
418,327,203.155,526.698,265.23,569.963,270.873,235.133,647.086,278.398,319.781,366.808,366.808
385,328,189.988,218.204,379.975,210.679,231.371,122.269,221.966,203.155,158.009,248.301,237.014
386,328,206.917,216.322,252.063,188.106,361.164,146.723,287.803,242.657,421.358,364.927,438.288
387,328,331.067,357.402,551.152,447.693,460.861,419.477,383.737,532.341,669.659,618.87,633.919
388,328,549.271,383.737,312.257,458.98,632.038,534.222,607.584,592.535,566.2,586.892,801.334
389,328,671.54,953.7,867.171,852.122,1734.34,1322.39,1115.47,1188.83,1211.41,1523.66,1518.02
390,328,677.183,1527.42,521.055,1916.8,2255.4,1412.68,1455.94,1354.37,1053.4,1414.56,1307.34
391,328,1360.01,835.193,829.55,1414.56,1365.65,1012.01,985.678,1275.36,1271.6,1343.08,1629
392,328,2027.79,2355.09,2091.74,1721.17,2757.64,2477.36,2430.34,2093.63,2099.27,1933.73,1913.04
393,328,3587.19,2958.91,1719.29,4080.03,2577.06,2650.42,2268.56,3028.51,3914.5,3295.63,3346.41
394,328,7439.61,3799.75,2204.61,2776.45,3822.32,4655.64,4539.01,4619.89,4330.21,4270.02,5445.68
395,328,10834.9,8731.9,4766.62,5398.66,3385.92,5419.35,7048.35,4390.41,5387.37,4719.59,6877.17
396,328,18972.4,11175.4,3116.92,6105.94,3613.53,6709.76,7608.91,6011.88,9535.12,6728.57,9732.63
397,328,11040,9380.87,3472.45,6346.71,2590.23,7921.16,8116.79,8002.05,12238.2,6647.68,10840.6
398,328,3124.45,5614.98,14787,4328.33,1388.23,6224.44,6468.98,6796.29,7309.82,4678.21,7928.69
399,328,2432.22,7770.68,4232.4,2716.26,972.51,2994.66,4918.98,2748.24,3205.33,2714.38,5270.74
400,328,1459.71,6583.73,9774.01,2656.06,1890.47,2514.98,4501.39,2379.55,3009.7,2104.91,3575.9
401,328,1324.27,4665.04,9341.37,4691.38,2708.73,3431.06,4219.23,2994.66,3194.05,2336.28,3004.06
402,328,863.409,2187.68,13714.8,4031.12,1798.3,2866.74,4006.67,3160.19,3124.45,2793.38,3901.33
403,328,645.205,1034.59,8602.11,1901.76,2336.28,1732.46,3147.02,2245.99,2603.39,2930.7,4270.02
404,328,442.05,1294.17,1978.88,2283.61,2419.05,1339.32,2650.42,1717.41,2215.89,2377.67,3094.35
405,328,1803.94,840.836,1630.88,2168.87,2975.84,2490.53,1935.62,2797.14,3258,3803.51,3677.48
406,328,2276.09,2618.44,1845.32,3457.4,4712.07,4631.18,5799.32,5270.74,6976.87,7458.42,8698.04
407,328,3976.57,5921.59,1561.28,7482.88,8634.09,7590.1,13365,8282.33,9450.47,9787.18,13707.3
408,328,4260.61,6344.83,4595.44,10424.9,9533.24,9032.87,12757.4,9525.71,9151.38,8818.43,10853.7
409,328,2065.41,6764.31,4533.37,9839.85,5065.71,6301.57,8365.09,6852.72,4407.33,4762.86,5996.83
410,328,496.601,2101.15,2266.68,3481.85,1439.01,1679.79,2281.73,2037.19,1348.72,1075.97,1474.75
411,328,528.579,648.967,2138.77,607.584,673.421,829.55,711.042,1282.89,1247.15,861.528,891.625
412,328,577.487,671.54,2985.25,769.355,1115.47,1241.5,933.008,1094.78,1132.4,799.453,912.316
413,328,515.412,1284.77,2308.07,2040.96,2244.11,2264.8,2022.14,2050.36,1431.49,1299.82,1358.13
414,328,220.085,1348.72,662.135,2351.33,1832.16,1576.33,2104.91,1555.64,942.413,1043.99,1264.08
415,328,430.764,556.795,588.773,1262.19,882.219,609.465,1089.14,568.082,379.975,474.028,744.902
416,328,227.609,588.773,263.349,586.892,583.13,364.927,472.147,285.922,321.662,332.948,291.565
417,328,95.9343,284.041,218.204,280.279,551.152,263.349,310.376,291.565,272.754,357.402,299.089
386,329,227.609,173.058,344.235,218.204,261.468,191.869,248.301,306.614,624.513,553.033,521.055
387,329,169.296,389.38,468.385,378.094,428.883,513.531,530.46,515.412,603.822,554.914,756.188
388,329,443.931,300.97,530.46,406.31,537.985,398.786,492.839,413.834,342.354,442.05,519.174
389,329,823.906,643.324,1092.9,876.576,1356.25,709.161,795.69,474.028,831.431,769.355,1068.44
390,329,855.884,664.016,1136.16,1028.94,985.678,660.254,838.955,727.972,991.321,925.484,1034.59
391,329,1154.97,671.54,554.914,1043.99,2025.91,1369.42,948.057,1217.05,1207.64,976.273,1106.07
392,329,1307.34,1299.82,1425.85,2548.84,2428.45,1696.72,1423.97,1698.6,1990.17,1945.02,1852.85
393,329,3423.54,2144.41,1978.88,2402.12,2885.55,2829.12,2592.11,3026.63,4717.71,3839.25,4070.62
394,329,4480.7,3660.55,1290.41,4742.16,5176.69,4394.17,4115.77,4401.69,3993.5,3237.31,4127.06
395,329,2985.25,6216.92,2752,4633.06,2161.34,2889.32,3923.9,2620.32,2546.96,2571.42,4330.21
396,329,8203.32,8470.43,3449.87,3353.94,3201.57,3212.86,5246.29,3224.14,5883.97,5449.44,9360.18
397,329,6339.19,18063.9,2451.03,4666.92,3316.32,6839.55,10174.7,7151.81,9900.04,7441.49,13645.2
398,329,8382.02,14986.4,7196.95,7025.78,2276.09,6986.27,11963.6,7023.9,5831.3,4783.55,9273.65
399,329,7953.14,3306.91,7800.78,2347.57,635.8,1442.78,3647.38,1760.68,2362.62,1894.23,2834.76
400,329,2973.96,3476.21,6275.23,1375.06,1702.36,3276.81,2325,4224.87,6352.36,3098.11,3517.59
401,329,2904.36,2084.22,7586.33,3088.71,3137.62,3937.07,3367.11,5283.91,5413.7,4394.17,4416.74
402,329,1333.67,2372.02,8972.68,2763.28,1282.89,3182.76,3182.76,4670.68,4412.98,3613.53,4134.58
403,329,598.179,1181.31,7595.74,916.079,827.668,1666.62,1884.83,2539.44,2473.6,2396.48,2973.96
404,329,690.351,739.258,2671.11,1121.11,1320.51,1320.51,1356.25,1416.44,1508.61,1911.16,2505.58
405,329,643.324,507.887,4629.3,1055.28,1864.14,1188.83,1632.76,1651.57,1708.01,2375.78,2552.6
406,329,1102.3,1715.53,3156.43,1138.04,2240.35,1470.99,1928.09,2061.65,2317.47,3233.55,3935.19
407,329,1482.28,2309.95,1519.9,1820.87,3118.81,2994.66,2977.73,3771.53,4533.37,5780.51,7136.76
408,329,2524.39,3997.26,1070.33,3303.15,5156,5022.44,6064.55,6365.52,6506.6,7855.33,9036.63
409,329,1792.65,6446.41,1309.22,7911.76,7266.55,6762.43,6655.21,5968.62,4159.03,4441.19,5537.85
410,329,1181.31,3579.67,1335.56,7522.38,3555.21,4059.34,3733.91,3312.55,2157.58,1809.58,1647.81
411,329,876.576,808.858,1307.34,2123.72,1518.02,1435.25,1551.88,1967.59,1753.15,1474.75,1563.16
412,329,968.748,682.826,816.382,620.751,656.492,857.766,948.057,1224.57,1405.16,1053.4,1382.58
413,329,423.24,765.593,571.844,673.421,1055.28,665.897,1096.66,727.972,705.399,577.487,833.312
414,329,218.204,624.513,838.955,795.69,569.963,554.914,808.858,671.54,694.113,504.125,472.147
415,329,323.543,314.138,1075.97,524.817,543.628,543.628,526.698,746.783,662.135,502.244,457.099
417,329,186.225,344.235,216.322,368.689,306.614,323.543,383.737,287.803,242.657,270.873,237.014
386,330,201.274,201.274,244.538,131.675,276.517,221.966,163.653,252.063,432.645,442.05,594.416
387,330,165.534,368.689,500.363,440.169,402.548,458.98,517.293,449.574,425.121,522.936,539.866
388,330,632.038,210.679,1010.13,398.786,237.014,231.371,295.327,284.041,334.83,255.825,351.759
389,330,468.385,554.914,1489.8,504.125,581.249,515.412,425.121,464.623,857.766,611.346,927.365
390,330,880.338,882.219,1732.46,504.125,436.407,716.686,771.237,665.897,780.642,786.285,917.96
391,330,1512.38,1265.96,458.98,1017.66,2003.33,1418.32,1249.03,1160.62,1296.05,1194.48,1098.54
392,330,995.083,1431.49,526.698,2610.92,2377.67,1792.65,1470.99,1610.19,1499.21,1649.69,1892.35
393,330,1770.08,1407.04,1273.48,1945.02,1798.3,1600.79,1982.64,2063.53,3869.35,3431.06,4512.67
394,330,3722.63,3989.74,1692.96,2804.67,3780.94,4049.93,4405.45,4317.04,4230.51,3231.67,4559.7
395,330,2554.49,4979.18,1463.47,4649.99,2443.5,3331.37,3874.99,2981.49,2294.9,1664.74,2454.79
396,330,2531.91,2074.81,1890.47,2056,1719.29,1529.31,2008.98,1751.27,2894.96,3214.74,4503.27
397,330,9360.18,5201.14,3182.76,3162.07,6756.78,5583,5063.83,6292.16,9807.87,8034.03,9625.41
398,330,3675.6,6638.28,5682.7,10932.7,8673.59,10622.4,8942.58,11926,9747.68,7560,8521.22
399,330,9546.4,6455.81,16263.7,4768.5,1329.91,2054.12,2481.12,3051.09,2782.09,2362.62,2659.83
400,330,2274.21,12273.9,8538.15,5297.08,4800.48,8654.78,6747.38,7622.07,9935.78,6273.35,7104.78
401,330,3154.55,3728.27,5246.29,7872.26,8009.57,7710.48,7855.33,9032.87,8479.84,7620.19,8351.93
402,330,1416.44,4294.47,3833.61,8261.64,7146.16,9311.27,6154.84,10590.4,8848.53,7458.42,6551.75
403,330,870.933,2016.5,4873.84,6598.78,5080.76,6309.09,4813.64,8096.1,5001.75,3989.74,3820.44
404,330,1055.28,703.518,1566.93,2795.26,1224.57,1950.66,1945.02,3280.58,2622.2,2266.68,1818.99
405,330,1143.69,737.377,2165.11,671.54,831.431,880.338,1070.33,1433.37,2170.75,1897.99,2136.89
406,330,428.883,865.29,1414.56,808.858,1376.94,1337.44,1215.17,1755.03,2420.93,2317.47,2844.17
407,330,645.205,1303.58,793.809,1805.82,3084.95,2129.37,2084.22,2272.33,2087.98,3224.14,3493.14
408,330,854.003,1961.95,718.567,5028.09,7471.59,4104.48,3432.94,3457.4,2631.61,3773.42,4888.89
409,330,585.011,3258,522.936,8295.5,7114.19,4849.38,5041.25,4277.54,2951.39,3013.47,3728.27
410,330,686.589,2223.42,648.967,5067.59,3271.17,2522.51,4145.87,2767.05,2198.96,2281.73,2219.66
411,330,509.769,1173.78,398.786,1958.19,1634.65,1422.08,1881.06,1890.47,1931.85,2084.22,2138.77
412,330,526.698,1202,400.667,1719.29,2293.02,1828.39,1580.09,1820.87,1647.81,1787.01,1802.06
414,330,214.441,502.244,765.593,1311.1,682.826,936.77,1092.9,1083.49,876.576,741.139,861.528
415,330,144.842,317.9,532.341,761.831,773.118,615.108,842.717,624.513,457.099,438.288,568.082
386,331,314.138,176.82,357.402,238.895,278.398,174.939,180.582,220.085,314.138,468.385,436.407
387,331,317.9,353.64,470.266,370.57,325.424,421.358,338.592,475.909,515.412,442.05,485.315
388,331,425.121,359.283,1217.05,378.094,263.349,257.706,225.728,361.164,489.077,383.737,372.451
389,331,442.05,712.924,720.448,575.606,558.676,667.778,522.936,765.593,980.035,966.867,840.836
390,331,417.596,579.368,1356.25,699.756,417.596,404.429,654.611,803.215,541.747,632.038,946.176
391,331,833.312,904.792,562.438,521.055,872.814,537.985,778.761,558.676,929.246,876.576,1079.73
392,331,976.273,1629,1429.61,1162.5,1645.93,1719.29,1676.03,1454.06,1087.26,1260.31,1499.21
393,331,895.387,1356.25,1935.62,1824.63,1581.98,1371.3,1412.68,1550,1758.8,2123.72,3156.43
394,331,1312.98,1508.61,2291.14,1333.67,1992.05,2071.05,2799.02,2356.97,2548.84,2866.74,3617.29
395,331,3090.59,3637.98,1171.9,3530.76,3705.7,2883.67,3666.2,2437.86,2556.37,2080.46,2629.73
396,331,4337.74,3205.33,867.171,3852.42,2349.45,2178.27,2069.17,1992.05,1978.88,1751.27,2277.97
397,331,11444.4,2593.99,2238.47,1683.55,3669.96,2321.23,2926.94,2791.5,7343.68,7366.25,9121.28
398,331,9858.66,12142.3,7029.54,8415.88,9738.27,11615.6,13214.5,11867.6,14711.8,11079.5,14871.7
399,331,2704.97,4992.35,13024.5,9459.87,1982.64,4911.46,7449.02,6235.73,4977.3,3282.46,4826.81
400,331,2599.63,10492.6,12684,5552.9,7770.68,7338.03,6096.53,5609.33,6847.08,6457.7,7078.45
401,331,2432.22,4429.91,6265.83,10193.5,8301.14,7482.88,10330.8,7682.27,6937.37,7742.46,9279.29
402,331,1326.15,4399.81,2678.64,10012.9,13585,9529.47,8760.12,9328.2,9501.26,10368.4,9655.51
403,331,1149.33,1749.39,3997.26,9713.82,9817.28,7198.83,9593.43,9514.43,6440.77,8122.44,7501.69
404,331,1053.4,827.668,1954.43,2943.87,2483.01,1696.72,2793.38,3092.47,2936.34,4900.17,4162.8
405,331,859.647,1597.02,951.819,1811.47,1813.35,1837.8,1602.67,2411.52,2328.76,3506.3,3444.23
406,331,327.305,1732.46,447.693,2437.86,1380.7,1585.74,1685.43,1653.46,1657.22,2362.62,2815.95
407,331,378.094,647.086,600.06,1348.72,1817.11,1275.36,1677.91,1551.88,1412.68,2116.2,2138.77
408,331,460.861,524.817,547.39,1613.95,3886.28,1299.82,1805.82,1422.08,1254.67,2146.29,1843.44
409,331,460.861,641.443,274.635,2563.89,3579.67,1282.89,2172.63,1597.02,1275.36,2059.77,2084.22
410,331,336.711,650.848,268.992,1501.09,1931.85,1111.71,1484.16,1309.22,1012.01,1717.41,2059.77
411,331,238.895,870.933,270.873,1465.35,1739.98,940.532,1209.52,991.321,746.783,1508.61,1788.89
412,331,506.006,635.8,225.728,1879.18,2277.97,1141.81,1401.39,957.462,739.258,1042.11,1407.04
413,331,553.033,637.681,395.024,1534.95,1168.14,940.532,1538.71,914.197,784.404,761.831,1053.4
414,331,259.587,395.024,338.592,517.293,492.839,528.579,833.312,679.064,699.756,874.695,816.382
415,331,116.626,359.283,253.944,470.266,368.689,329.186,413.834,427.002,351.759,451.456,549.271
384,332,169.296,152.366,188.106,171.177,126.031,159.891,201.274,248.301,178.701,289.684,263.349
386,332,351.759,199.393,378.094,323.543,268.992,253.944,133.556,223.847,310.376,408.191,357.402
387,332,605.703,304.732,317.9,274.635,436.407,475.909,427.002,664.016,980.035,707.28,611.346
388,332,558.676,400.667,699.756,620.751,626.395,797.571,622.632,1109.83,778.761,812.62,624.513
389,332,814.501,690.351,571.844,1017.66,1348.72,1040.23,774.999,1051.52,1177.55,1233.98,1130.52
390,332,438.288,684.708,931.127,1439.01,618.87,885.981,897.268,1478.52,1170.02,921.722,1034.59
391,332,428.883,361.164,741.139,402.548,442.05,496.601,571.844,665.897,835.193,739.258,904.792
392,332,458.98,882.219,827.668,750.545,942.413,711.042,1030.82,692.232,718.567,632.038,769.355
393,332,1134.28,1224.57,778.761,1606.43,1401.39,910.435,1012.01,790.047,865.29,1346.84,1322.39
394,332,1123,786.285,647.086,1196.36,1055.28,1124.88,1228.34,1380.7,1734.34,2274.21,2360.74
395,332,1982.64,1149.33,1000.73,1580.09,2052.24,1258.43,1689.2,1597.02,2546.96,2633.49,3639.86
396,332,2251.63,2883.67,1738.1,2031.55,2296.78,2074.81,2560.13,2496.17,3807.27,2597.75,3325.72
397,332,10552.8,2870.5,2165.11,2910.01,2776.45,2407.76,2099.27,2388.95,2926.94,2957.03,5003.63
398,332,23567.9,10090,4552.18,2930.7,5789.92,6090.89,7219.53,5981.79,12257,9403.44,15236.6
399,332,6371.17,17394.2,8457.27,12507.2,4085.67,12714.1,13301,12616.3,14224.6,7129.24,10041.1
400,332,2044.72,3261.77,10234.9,4394.17,5616.86,6465.22,4996.11,7862.85,8103.63,5496.47,5842.59
401,332,1796.42,3820.44,8630.32,7386.94,4830.57,4495.74,6662.73,4853.15,3470.56,4119.53,5716.56
402,332,1273.48,3468.68,2972.08,4792.95,7251.5,4480.7,5263.22,4159.03,4868.2,6164.25,6905.39
403,332,639.562,1617.72,3160.19,6435.12,6764.31,4602.97,6739.85,5697.75,3935.19,5534.09,6728.57
404,332,462.742,1051.52,1117.35,2251.63,2217.78,981.916,1566.93,1499.21,1335.56,3491.26,3750.84
405,332,363.045,1264.08,539.866,2279.85,4482.58,1709.89,1322.39,1497.33,1123,2458.55,2923.17
406,332,306.614,1136.16,410.072,2812.19,2230.94,1580.09,1213.29,1228.34,825.787,1282.89,1711.77
407,332,331.067,443.931,808.858,1578.21,1531.19,1151.21,1043.99,1237.74,908.554,1119.23,1335.56
408,332,240.776,351.759,711.042,880.338,884.1,596.298,603.822,822.025,690.351,1075.97,1297.93
409,332,331.067,393.143,233.252,581.249,985.678,368.689,592.535,455.218,359.283,831.431,1079.73
410,332,214.441,458.98,203.155,677.183,833.312,372.451,600.06,368.689,383.737,618.87,902.911
411,332,329.186,522.936,223.847,654.611,791.928,268.992,432.645,342.354,280.279,521.055,553.033
412,332,395.024,282.16,182.463,530.46,791.928,474.028,430.764,455.218,347.997,485.315,553.033
413,332,261.468,500.363,252.063,470.266,611.346,430.764,635.8,714.805,667.778,797.571,648.967
414,332,156.128,823.906,218.204,470.266,562.438,363.045,432.645,421.358,560.557,803.215,846.479
415,332,90.2911,502.244,229.49,778.761,641.443,411.953,278.398,300.97,231.371,436.407,571.844
385,333,146.723,240.776,246.419,154.247,253.944,334.83,310.376,300.97,349.878,267.111,212.56
386,333,167.415,118.507,359.283,308.495,263.349,227.609,244.538,263.349,252.063,370.57,327.305
387,333,406.31,325.424,421.358,306.614,684.708,483.434,353.64,611.346,1132.4,989.44,1057.16
388,333,278.398,658.373,434.526,820.144,1075.97,1121.11,1179.43,1431.49,974.392,857.766,897.268
389,333,1143.69,648.967,1196.36,880.338,1168.14,656.492,869.052,583.13,771.237,942.413,1047.75
390,333,741.139,1252.79,406.31,1484.16,833.312,1329.91,1277.24,1587.62,2125.6,1659.1,1860.37
391,333,987.559,692.232,872.814,677.183,378.094,814.501,1192.6,1115.47,1260.31,1138.04,1307.34
392,333,1145.57,458.98,474.028,359.283,731.734,733.615,632.038,1267.84,1181.31,1098.54,786.285
393,333,953.7,635.8,701.637,778.761,1732.46,1312.98,927.365,1420.2,786.285,790.047,645.205
394,333,1408.92,1170.02,522.936,1787.01,1343.08,1055.28,861.528,1162.5,1375.06,1773.84,1559.4
395,333,790.047,1224.57,618.87,1363.77,1598.91,1832.16,1506.73,1984.52,1937.5,2227.18,3250.48
396,333,1529.31,1444.66,1839.68,1145.57,1297.93,1010.13,1384.46,1952.55,3656.79,3871.23,5840.71
397,333,4183.49,1924.33,2575.18,1676.03,3826.09,2778.33,3226.03,3466.8,3955.88,3305.03,3617.29
398,333,10786,7618.31,4826.81,3995.38,4768.5,5063.83,3786.58,5353.51,10464.4,7390.7,9975.29
399,333,7678.51,26107.3,8444.1,13099.7,9100.59,17204.2,18884,15838.6,19307.2,13413.9,18560.5
400,333,2874.27,13814.5,10327,16771.6,7396.35,14612.1,17873.9,14717.5,12106.5,9279.29,12031.3
401,333,1079.73,2768.93,9568.98,7522.38,4014.19,5737.25,7183.79,6346.71,3519.47,3654.91,4811.76
402,333,1002.61,2285.49,3233.55,2394.6,3017.23,2513.1,2420.93,2385.19,2765.17,2768.93,2947.63
403,333,554.914,2089.86,1790.77,4629.3,3948.35,3965.28,4713.95,4159.03,2761.4,3004.06,3940.83
404,333,317.9,692.232,1218.93,1837.8,1062.8,726.091,1320.51,1019.54,667.778,1241.5,1527.42
405,333,336.711,679.064,558.676,1192.6,2014.62,970.629,861.528,1032.7,895.387,1205.76,1077.85
406,333,442.05,526.698,387.499,1017.66,970.629,946.176,1194.48,1130.52,744.902,1091.02,752.426
407,333,235.133,289.684,547.39,536.103,901.03,664.016,1034.59,919.841,985.678,1111.71,897.268
408,333,214.441,331.067,562.438,588.773,774.999,468.385,664.016,797.571,658.373,940.532,972.51
409,333,205.036,229.49,201.274,347.997,474.028,299.089,321.662,408.191,280.279,425.121,507.887
410,333,112.864,263.349,173.058,310.376,410.072,237.014,240.776,250.182,158.009,316.019,357.402
411,333,173.058,154.247,173.058,272.754,291.565,252.063,231.371,223.847,291.565,332.948,272.754
412,333,223.847,368.689,174.939,323.543,297.208,319.781,289.684,306.614,238.895,334.83,312.257
413,333,114.745,453.337,201.274,436.407,447.693,323.543,404.429,329.186,316.019,393.143,521.055
414,333,165.534,462.742,127.912,404.429,498.482,253.944,310.376,201.274,308.495,438.288,650.848
417,333,110.983,144.842,221.966,161.772,135.437,173.058,252.063,317.9,259.587,265.23,159.891
387,334,427.002,355.521,364.927,259.587,598.179,349.878,280.279,464.623,771.237,863.409,991.321
388,334,383.737,609.465,336.711,884.1,1062.8,1000.73,1145.57,1354.37,1183.19,1107.95,1030.82
389,334,611.346,355.521,850.241,791.928,357.402,466.504,701.637,594.416,502.244,417.596,635.8
390,334,799.453,1297.93,1316.75,773.118,1008.25,1303.58,1239.62,1081.61,1254.67,1200.12,1788.89
391,334,460.861,1211.41,727.972,1235.86,613.227,782.523,1305.46,1006.37,1025.18,1209.52,1640.29
392,334,539.866,814.501,765.593,712.924,1653.46,453.337,583.13,633.919,788.166,1303.58,895.387
393,334,398.786,1170.02,703.518,1410.8,1465.35,933.008,1375.06,981.916,511.65,673.421,635.8
394,334,558.676,998.845,667.778,1395.75,1267.84,688.47,673.421,624.513,855.884,1027.06,1183.19
395,334,788.166,1655.34,1642.17,1138.04,1019.54,1463.47,1747.51,1350.6,1431.49,1958.19,1999.57
396,334,1057.16,822.025,1326.15,882.219,1036.47,1309.22,1519.9,1717.41,1956.31,2742.59,3551.45
397,334,3974.69,1235.86,1138.04,963.105,2981.49,2392.71,2464.19,3034.16,3891.92,4213.58,4802.36
398,334,6666.49,3775.3,2642.9,4241.8,5934.76,5276.39,4160.92,6224.44,8667.95,7390.7,9527.59
399,334,6497.2,11566.7,4332.09,8547.56,8470.43,11062.5,13425.2,11260.1,12125.3,10851.9,16092.5
400,334,3972.81,11019.3,6098.41,12853.3,9179.6,11672,17275.7,11310.8,8649.14,8846.65,11160.4
401,334,1117.35,4533.37,6948.65,8711.21,4563.46,5560.43,8613.4,5718.44,3820.44,3626.69,4676.33
402,334,744.902,1647.81,3056.73,2825.36,2526.27,2212.13,1978.88,2247.87,2443.5,2170.75,2232.82
403,334,408.191,1632.76,1548.12,3666.2,3438.59,2800.91,3534.52,2793.38,1751.27,2308.07,2558.25
404,334,287.803,586.892,1384.46,1820.87,1153.09,682.826,1170.02,1034.59,776.88,805.096,993.202
405,334,295.327,408.191,346.116,981.916,908.554,1106.07,838.955,1111.71,884.1,701.637,673.421
406,334,310.376,323.543,381.856,406.31,434.526,539.866,1147.45,812.62,933.008,773.118,680.945
407,334,173.058,500.363,357.402,357.402,457.099,526.698,667.778,707.28,825.787,910.435,1066.56
408,334,148.604,440.169,206.917,571.844,545.509,427.002,541.747,481.553,517.293,714.805,993.202
409,334,116.626,231.371,263.349,359.283,257.706,235.133,310.376,338.592,295.327,440.169,395.024
410,334,127.912,171.177,242.657,193.75,201.274,178.701,229.49,191.869,238.895,250.182,248.301
412,334,148.604,141.08,163.653,189.988,221.966,184.344,199.393,216.322,152.366,259.587,205.036
416,334,97.8154,261.468,199.393,227.609,133.556,165.534,199.393,186.225,174.939,246.419,112.864
385,335,195.631,182.463,242.657,201.274,203.155,212.56,218.204,180.582,302.851,349.878,408.191
387,335,353.64,233.252,238.895,284.041,329.186,210.679,257.706,272.754,393.143,558.676,592.535
388,335,489.077,507.887,413.834,357.402,679.064,705.399,703.518,908.554,1284.77,1072.21,1281.01
390,335,458.98,485.315,1030.82,443.931,579.368,443.931,581.249,596.298,513.531,547.39,887.863
391,335,545.509,1124.88,1128.64,940.532,455.218,686.589,985.678,575.606,605.703,660.254,1102.3
392,335,496.601,496.601,537.985,368.689,590.654,316.019,483.434,368.689,560.557,560.557,690.351
393,335,496.601,665.897,1158.74,600.06,402.548,370.57,445.812,398.786,391.261,564.319,423.24
394,335,664.016,466.504,545.509,351.759,427.002,323.543,408.191,336.711,549.271,562.438,477.79
395,335,938.651,577.487,1728.7,722.329,1179.43,712.924,714.805,808.858,978.154,978.154,914.197
396,335,1066.56,1153.09,1873.54,2024.03,2642.9,2046.6,1350.6,1788.89,1277.24,1422.08,1423.97
397,335,3133.85,1252.79,831.431,2584.58,2998.42,2422.81,1869.78,2276.09,2684.28,2940.1,3088.71
398,335,4659.4,3856.18,1478.52,3209.1,4621.78,4512.67,4700.78,4683.85,5641.31,5848.23,7213.88
399,335,3372.75,7479.11,4460,6679.66,6927.96,7452.78,8737.55,7010.73,6995.68,7396.35,9896.28
400,335,2539.44,8679.23,4873.84,10105.1,8536.27,8129.96,9151.38,7275.96,6344.83,6378.69,7388.82
401,335,933.008,5739.13,4232.4,9525.71,5498.35,6160.49,6218.8,5788.04,4563.46,3835.49,4507.03
402,335,507.887,1518.02,1984.52,3957.76,2526.27,2522.51,2821.6,2940.1,2230.94,2276.09,2511.22
403,335,332.948,808.858,1826.51,2370.14,1843.44,1352.49,2112.44,1640.29,1070.33,1440.9,1623.36
404,335,259.587,374.332,628.276,980.035,1228.34,752.426,743.021,1173.78,987.559,1000.73,908.554
405,335,327.305,278.398,227.609,658.373,558.676,571.844,771.237,893.506,637.681,737.377,846.479
406,335,248.301,270.873,334.83,257.706,240.776,265.23,577.487,425.121,637.681,771.237,842.717
407,335,159.891,537.985,272.754,485.315,455.218,395.024,455.218,383.737,521.055,633.919,850.241
408,335,103.459,359.283,257.706,756.188,609.465,494.72,417.596,408.191,347.997,506.006,682.826
411,335,110.983,158.009,165.534,135.437,191.869,124.15,206.917,150.485,174.939,221.966,158.009
385,336,188.106,112.864,174.939,124.15,139.199,205.036,173.058,182.463,246.419,302.851,323.543
386,336,223.847,220.085,257.706,167.415,221.966,293.446,312.257,357.402,408.191,353.64,338.592
387,336,225.728,274.635,299.089,436.407,458.98,391.261,372.451,413.834,336.711,344.235,389.38
388,336,404.429,325.424,374.332,372.451,466.504,334.83,383.737,470.266,850.241,895.387,1047.75
389,336,577.487,622.632,547.39,780.642,1012.01,1314.86,1442.78,1544.35,1568.81,1107.95,1457.83
390,336,453.337,477.79,534.222,921.722,434.526,901.03,887.863,1096.66,981.916,583.13,784.404
391,336,607.584,767.474,972.51,722.329,455.218,453.337,498.482,432.645,528.579,411.953,679.064
392,336,844.598,686.589,1049.63,494.72,434.526,449.574,498.482,590.654,776.88,626.395,774.999
393,336,334.83,605.703,485.315,498.482,300.97,353.64,475.909,364.927,607.584,564.319,622.632
394,336,743.021,585.011,585.011,398.786,427.002,346.116,316.019,470.266,908.554,1030.82,893.506
395,336,765.593,618.87,833.312,455.218,675.302,763.712,575.606,1200.12,1551.88,1743.75,1232.1
396,336,780.642,914.197,616.989,974.392,1685.43,1070.33,1297.93,1344.96,1429.61,1472.87,1322.39
397,336,1847.21,1100.42,901.03,1653.46,2989.01,2048.48,1862.25,1847.21,2291.14,2163.22,2249.75
398,336,2159.46,3387.8,2313.71,3184.64,4642.47,3925.78,3600.36,3844.9,4563.46,3933.31,4704.54
399,336,1980.76,5641.31,3822.32,5831.3,6137.91,6043.86,6064.55,6085.24,6243.25,5176.69,6055.15
400,336,2296.78,4452.48,2206.49,7403.87,8094.22,6937.37,7580.69,7307.94,6531.06,5797.44,6333.54
401,336,1185.07,3271.17,2454.79,8271.04,6579.96,5836.94,6696.59,6452.05,4123.29,4732.76,5233.12
402,336,571.844,1160.62,1986.4,4189.13,2846.05,2157.58,3227.91,2454.79,1363.77,1945.02,2287.37
403,336,374.332,697.875,835.193,1437.13,1597.02,1036.47,1098.54,1322.39,1350.6,1277.24,1038.35
404,336,218.204,417.596,366.808,1158.74,1339.32,1100.42,1091.02,1271.6,966.867,1117.35,1139.93
405,336,180.582,372.451,284.041,671.54,278.398,455.218,575.606,483.434,430.764,624.513,611.346
406,336,99.6964,308.495,272.754,285.922,347.997,250.182,259.587,268.992,338.592,571.844,692.232
407,336,139.199,368.689,250.182,327.305,506.006,306.614,346.116,259.587,272.754,413.834,665.897
409,336,146.723,180.582,291.565,250.182,201.274,314.138,494.72,436.407,400.667,314.138,338.592
386,337,242.657,137.318,184.344,221.966,174.939,227.609,253.944,208.798,316.019,357.402,415.715
387,337,310.376,430.764,240.776,287.803,364.927,398.786,438.288,402.548,379.975,398.786,300.97
388,337,176.82,259.587,323.543,344.235,252.063,323.543,306.614,302.851,291.565,534.222,624.513
389,337,402.548,419.477,425.121,398.786,838.955,537.985,654.611,539.866,998.845,1094.78,1275.36
390,337,564.319,677.183,498.482,1038.35,842.717,1314.86,1617.72,1491.68,1510.49,1217.05,1597.02
392,337,711.042,756.188,914.197,551.152,665.897,543.628,647.086,534.222,600.06,564.319,846.479
393,337,600.06,1059.04,976.273,1085.37,447.693,726.091,750.545,620.751,733.615,688.47,1092.9
394,337,474.028,442.05,466.504,323.543,1030.82,415.715,300.97,430.764,682.826,1038.35,1352.49
395,337,547.39,848.36,462.742,1350.6,1800.18,1117.35,919.841,1091.02,863.409,1425.85,1623.36
396,337,812.62,1241.5,553.033,1790.77,1410.8,1047.75,808.858,848.36,910.435,1519.9,1470.99
397,337,1578.21,735.496,712.924,769.355,895.387,688.47,812.62,874.695,2072.93,1948.78,2434.1
398,337,2659.83,1960.07,966.867,1265.96,2526.27,2496.17,3022.87,3077.42,4454.36,4467.53,4687.61
399,337,1668.5,2597.75,1222.69,3092.47,4476.93,4452.48,5208.67,5460.73,5272.62,6104.06,6228.21
400,337,1254.67,2492.41,1775.73,4672.56,6642.04,4386.64,5771.11,5097.69,3468.68,5182.33,5961.09
401,337,532.341,2398.36,1376.94,5502.11,5060.06,2883.67,4550.3,2851.69,1918.69,2688.04,3594.71
402,337,425.121,1282.89,571.844,2603.39,1529.31,1028.94,1758.8,1314.86,1222.69,1452.18,1642.17
403,337,240.776,545.509,545.509,1222.69,1918.69,1168.14,1036.47,1561.28,1128.64,1352.49,1282.89
404,337,193.75,427.002,547.39,1128.64,795.69,664.016,1098.54,669.659,551.152,692.232,889.744
405,337,169.296,206.917,287.803,338.592,171.177,237.014,528.579,274.635,248.301,363.045,374.332
406,337,118.507,300.97,220.085,227.609,253.944,191.869,240.776,195.631,208.798,291.565,366.808
409,337,60.1941,161.772,270.873,210.679,233.252,191.869,314.138,347.997,453.337,336.711,314.138
410,337,133.556,109.102,199.393,150.485,242.657,167.415,216.322,240.776,255.825,361.164,334.83
386,338,176.82,159.891,242.657,154.247,199.393,139.199,156.128,210.679,284.041,383.737,321.662
387,338,252.063,259.587,229.49,231.371,316.019,270.873,297.208,346.116,415.715,329.186,378.094
388,338,267.111,378.094,250.182,368.689,368.689,372.451,487.196,677.183,438.288,428.883,440.169
389,338,221.966,218.204,300.97,357.402,391.261,368.689,381.856,517.293,415.715,594.416,692.232
390,338,449.574,385.618,308.495,530.46,803.215,566.2,682.826,658.373,995.083,1183.19,1331.79
391,338,443.931,703.518,447.693,1064.68,981.916,1215.17,1322.39,1335.56,1202,831.431,1190.71
392,338,346.116,440.169,447.693,814.501,319.781,558.676,613.227,701.637,677.183,440.169,547.39
393,338,464.623,690.351,714.805,682.826,530.46,442.05,609.465,453.337,393.143,489.077,754.307
394,338,872.814,791.928,908.554,626.395,415.715,432.645,615.108,536.103,600.06,664.016,985.678
395,338,470.266,686.589,771.237,530.46,1055.28,532.341,658.373,588.773,735.496,703.518,1064.68
396,338,395.024,605.703,953.7,996.964,1130.52,782.523,756.188,675.302,658.373,727.972,1030.82
397,338,996.964,705.399,1185.07,607.584,697.875,744.902,697.875,893.506,1194.48,1286.65,1958.19
398,338,1296.05,1706.13,1589.5,1038.35,2086.1,2238.47,2042.84,2119.96,2402.12,2975.84,3579.67
399,338,517.293,3350.18,1553.76,3856.18,4008.55,3357.7,4290.71,2772.69,1952.55,3128.21,4181.61
400,338,718.567,2065.41,776.88,3882.52,3385.92,1929.97,2977.73,1779.49,1422.08,2008.98,2851.69
401,338,596.298,1305.46,536.103,2672.99,2646.66,1634.65,1487.92,1815.23,1623.36,1837.8,1867.9
402,338,357.402,694.113,468.385,1975.12,2133.13,1350.6,1138.04,1486.04,1062.8,1380.7,1533.07
403,338,208.798,588.773,613.227,1463.47,1307.34,673.421,1051.52,750.545,583.13,835.193,1036.47
404,338,184.344,323.543,387.499,537.985,372.451,310.376,475.909,355.521,216.322,421.358,428.883
409,338,109.102,216.322,137.318,255.825,195.631,118.507,212.56,203.155,191.869,347.997,385.618
387,339,178.701,161.772,178.701,148.604,246.419,208.798,270.873,287.803,408.191,340.473,347.997
388,339,233.252,285.922,284.041,291.565,376.213,349.878,406.31,398.786,466.504,481.553,376.213
389,339,244.538,395.024,248.301,481.553,641.443,492.839,639.562,692.232,438.288,438.288,487.196
390,339,244.538,280.279,361.164,498.482,515.412,421.358,427.002,434.526,453.337,664.016,716.686
391,339,428.883,451.456,351.759,406.31,773.118,665.897,803.215,690.351,925.484,961.224,1312.98
392,339,588.773,692.232,502.244,1032.7,671.54,944.294,1153.09,1015.77,1198.24,808.858,1075.97
394,339,346.116,396.905,404.429,366.808,359.283,329.186,363.045,489.077,521.055,366.808,455.218
395,339,509.769,1004.49,643.324,703.518,498.482,430.764,601.941,430.764,515.412,395.024,524.817
396,339,626.395,571.844,684.708,605.703,539.866,568.082,677.183,613.227,733.615,472.147,654.611
397,339,620.751,519.174,677.183,575.606,1109.83,929.246,754.307,1124.88,1060.92,940.532,925.484
398,339,601.941,1175.67,801.334,1533.07,1777.61,1354.37,1414.56,1237.74,1083.49,1139.93,1331.79
399,339,660.254,1794.54,690.351,2689.92,1694.84,1470.99,1960.07,1269.72,1318.63,1309.22,1397.63
400,339,601.941,656.492,750.545,1621.48,2377.67,1798.3,1305.46,2031.55,1679.79,1826.51,1519.9
401,339,265.23,810.739,396.905,1811.47,2503.7,1926.21,1679.79,1719.29,1119.23,1617.72,1781.37
402,339,274.635,556.795,338.592,1439.01,1318.63,869.052,1290.41,750.545,457.099,829.55,998.845
403,339,267.111,372.451,332.948,583.13,556.795,308.495,547.39,425.121,306.614,408.191,372.451
404,339,169.296,255.825,267.111,338.592,331.067,317.9,231.371,317.9,304.732,331.067,221.966
405,339,176.82,274.635,221.966,268.992,220.085,214.441,265.23,268.992,201.274,278.398,182.463
407,339,71.4805,167.415,197.512,171.177,178.701,180.582,280.279,252.063,242.657,252.063,144.842
388,340,206.917,118.507,188.106,284.041,218.204,208.798,310.376,310.376,442.05,509.769,436.407
389,340,159.891,257.706,212.56,248.301,387.499,455.218,481.553,423.24,569.963,477.79,470.266
390,340,263.349,344.235,218.204,428.883,496.601,440.169,504.125,605.703,545.509,430.764,556.795
391,340,110.983,231.371,267.111,274.635,460.861,391.261,474.028,434.526,363.045,524.817,667.778
392,340,319.781,361.164,321.662,537.985,791.928,522.936,692.232,526.698,731.734,724.21,1070.33
393,340,432.645,837.074,368.689,1040.23,596.298,812.62,1012.01,752.426,1049.63,846.479,1237.74
394,340,376.213,767.474,506.006,893.506,336.711,639.562,948.057,961.224,1091.02,784.404,773.118
395,340,581.249,464.623,656.492,492.839,291.565,479.672,583.13,908.554,1117.35,688.47,697.875
396,340,532.341,658.373,605.703,466.504,553.033,944.294,761.831,1318.63,1653.46,1079.73,1117.35
397,340,487.196,727.972,585.011,784.404,916.079,1297.93,1435.25,1882.95,1826.51,1420.2,1405.16
398,340,609.465,588.773,457.099,991.321,1177.55,1533.07,1660.98,1830.28,1608.31,1309.22,1461.59
399,340,421.358,884.1,415.715,1269.72,1660.98,1446.54,1497.33,1619.6,1254.67,1294.17,1452.18
400,340,235.133,938.651,329.186,1519.9,1706.13,1243.38,1534.95,1162.5,857.766,1243.38,1437.13
401,340,274.635,468.385,253.944,1019.54,788.166,468.385,1224.57,650.848,498.482,675.302,917.96
402,340,317.9,310.376,223.847,387.499,532.341,331.067,458.98,363.045,359.283,453.337,411.953
403,340,221.966,355.521,227.609,387.499,470.266,314.138,299.089,406.31,361.164,317.9,227.609
406,340,109.102,161.772,182.463,188.106,176.82,105.34,276.517,171.177,205.036,268.992,221.966
384,341,88.41,127.912,174.939,135.437,116.626,60.1941,214.441,174.939,210.679,225.728,135.437
388,341,156.128,206.917,197.512,186.225,176.82,186.225,237.014,220.085,327.305,361.164,395.024
389,341,156.128,171.177,231.371,295.327,193.75,223.847,378.094,331.067,344.235,383.737,457.099
390,341,263.349,389.38,210.679,332.948,363.045,287.803,376.213,442.05,464.623,528.579,417.596
391,341,246.419,233.252,218.204,327.305,415.715,428.883,391.261,521.055,489.077,445.812,383.737
392,341,248.301,195.631,261.468,325.424,487.196,460.861,383.737,517.293,376.213,440.169,553.033
393,341,193.75,310.376,299.089,398.786,474.028,440.169,428.883,468.385,475.909,519.174,863.409
394,341,201.274,506.006,363.045,549.271,562.438,650.848,583.13,487.196,585.011,714.805,942.413
395,341,287.803,647.086,404.429,810.739,641.443,675.302,788.166,607.584,609.465,840.836,1179.43
396,341,272.754,799.453,364.927,840.836,703.518,647.086,904.792,645.205,695.994,1104.18,1446.54
397,341,159.891,575.606,381.856,852.122,1075.97,688.47,1077.85,705.399,720.448,1141.81,1444.66
398,341,240.776,714.805,329.186,1064.68,1143.69,633.919,1085.37,643.324,724.21,1028.94,1279.12
399,341,263.349,750.545,308.495,989.44,814.501,470.266,857.766,539.866,487.196,714.805,923.603
400,341,188.106,370.57,233.252,537.985,498.482,304.732,532.341,421.358,297.208,577.487,596.298
401,341,152.366,272.754,203.155,458.98,618.87,344.235,300.97,366.808,316.019,387.499,434.526
402,341,158.009,312.257,146.723,419.477,361.164,306.614,387.499,417.596,376.213,415.715,274.635
403,341,167.415,336.711,259.587,428.883,327.305,295.327,346.116,325.424,340.473,351.759,334.83
404,341,79.0047,238.895,291.565,327.305,331.067,263.349,440.169,395.024,280.279,261.468,235.133
405,341,52.6698,144.842,212.56,214.441,218.204,174.939,317.9,331.067,161.772,255.825,165.534
386,342,131.675,131.675,212.56,133.556,150.485,131.675,231.371,235.133,180.582,227.609,173.058
388,342,107.221,167.415,112.864,205.036,193.75,195.631,186.225,154.247,163.653,368.689,349.878
389,342,129.793,182.463,287.803,218.204,246.419,216.322,233.252,268.992,295.327,344.235,347.997
390,342,112.864,199.393,237.014,252.063,267.111,212.56,203.155,263.349,351.759,404.429,376.213
391,342,142.961,216.322,278.398,285.922,342.354,310.376,419.477,285.922,419.477,453.337,440.169
392,342,268.992,355.521,265.23,285.922,359.283,361.164,436.407,361.164,562.438,402.548,430.764
393,342,261.468,250.182,295.327,349.878,509.769,411.953,551.152,472.147,615.108,449.574,474.028
394,342,267.111,231.371,199.393,496.601,496.601,549.271,443.931,530.46,615.108,504.125,483.434
395,342,242.657,261.468,250.182,475.909,643.324,539.866,579.368,718.567,460.861,442.05,547.39
396,342,274.635,259.587,212.56,485.315,660.254,571.844,517.293,633.919,481.553,462.742,618.87
397,342,265.23,310.376,314.138,628.276,733.615,528.579,522.936,549.271,396.905,458.98,697.875
398,342,212.56,253.944,208.798,564.319,724.21,381.856,434.526,519.174,387.499,547.39,553.033
401,342,133.556,280.279,210.679,263.349,310.376,278.398,314.138,259.587,297.208,312.257,363.045
402,342,118.507,235.133,150.485,267.111,282.16,205.036,268.992,265.23,223.847,297.208,270.873
403,342,150.485,189.988,268.992,280.279,255.825,240.776,265.23,284.041,206.917,291.565,317.9
404,342,156.128,197.512,223.847,263.349,205.036,259.587,229.49,259.587,188.106,252.063,184.344
405,342,95.9343,148.604,195.631,214.441,118.507,189.988,195.631,178.701,142.961,278.398,238.895
390,343,137.318,124.15,263.349,171.177,242.657,165.534,235.133,208.798,259.587,270.873,323.543
391,343,124.15,212.56,227.609,208.798,205.036,227.609,174.939,235.133,253.944,310.376,308.495
392,343,112.864,193.75,246.419,263.349,314.138,323.543,314.138,248.301,308.495,351.759,396.905
393,343,118.507,310.376,176.82,253.944,329.186,223.847,376.213,342.354,425.121,436.407,462.742
394,343,124.15,361.164,208.798,349.878,319.781,272.754,396.905,537.985,415.715,598.179,564.319
395,343,141.08,364.927,197.512,381.856,545.509,487.196,596.298,504.125,490.958,566.2,423.24
396,343,118.507,374.332,167.415,532.341,466.504,470.266,588.773,569.963,359.283,389.38,451.456
397,343,126.031,306.614,220.085,445.812,419.477,395.024,442.05,438.288,340.473,387.499,349.878
398,343,169.296,291.565,165.534,319.781,395.024,363.045,393.143,351.759,304.732,396.905,344.235
400,343,167.415,220.085,203.155,158.009,289.684,216.322,287.803,156.128,233.252,221.966,229.49
392,344,109.102,252.063,167.415,203.155,252.063,220.085,259.587,210.679,191.869,325.424,270.873
393,344,133.556,167.415,178.701,268.992,267.111,235.133,227.609,227.609,285.922,366.808,372.451
394,344,169.296,253.944,159.891,193.75,287.803,201.274,191.869,225.728,300.97,363.045,430.764
395,344,129.793,227.609,227.609,276.517,285.922,188.106,346.116,248.301,355.521,419.477,415.715
396,344,97.8154,233.252,203.155,272.754,265.23,186.225,349.878,227.609,272.754,381.856,406.31
397,344,159.891,229.49,233.252,299.089,238.895,197.512,300.97,246.419,312.257,327.305,334.83
398,344,82.7668,289.684,144.842,178.701,203.155,158.009,293.446,250.182,127.912,272.754,300.97
413,344,69.5994,133.556,135.437,110.983,80.8858,16.9296,65.8373,94.0532,56.4319,191.869,69.5994
389,345,82.7668,101.577,150.485,139.199,171.177,148.604,214.441,161.772,223.847,265.23,167.415
394,345,154.247,184.344,188.106,148.604,193.75,218.204,278.398,144.842,120.388,248.301,246.419
