139,548,379.916,364.042,382.033,349.227,358.751,380.974,387.324,343.935,316.42,291.022,486.801
140,546,369.333,325.945,369.333,389.44,452.936,344.993,406.373,327.003,331.236,467.752,650.831
140,548,330.178,342.877,422.247,361.926,422.247,364.042,369.333,278.323,269.857,346.052,621.2
140,549,377.8,402.14,322.77,336.527,373.567,287.847,341.819,296.313,314.304,386.266,594.743
140,551,357.693,347.11,349.227,383.091,370.392,346.052,325.945,304.779,317.479,420.13,557.704
140,552,335.469,307.954,348.168,356.634,388.382,324.886,302.663,274.09,288.906,423.305,525.956
140,555,386.266,357.693,396.848,356.634,394.732,380.974,302.663,303.721,279.381,379.916,415.897
140,562,373.567,296.313,376.741,375.683,437.062,293.139,275.148,317.479,309.013,350.285,337.586
141,543,341.819,317.479,456.111,430.713,410.606,350.285,250.808,387.324,287.847,460.344,546.063
141,544,332.294,383.091,413.78,407.431,444.47,401.081,333.353,369.333,373.567,530.189,603.209
141,545,323.828,359.809,458.228,464.577,432.829,414.839,416.955,392.615,302.663,615.909,636.016
141,546,336.527,354.518,400.023,457.169,429.654,447.645,355.576,330.178,333.353,627.549,679.404
141,547,355.576,376.741,409.547,403.198,393.674,400.023,349.227,347.11,362.984,577.811,814.862
141,548,352.401,366.159,373.567,390.499,383.091,341.819,353.46,305.838,328.061,502.675,880.474
141,549,352.401,348.168,346.052,349.227,376.741,335.469,390.499,289.964,294.197,465.635,1105.88
141,550,358.751,357.693,391.557,373.567,361.926,368.275,430.713,278.323,252.925,447.645,1113.29
141,551,392.615,335.469,327.003,378.858,386.266,373.567,510.082,309.013,299.488,438.121,993.708
141,552,349.227,364.042,327.003,370.392,380.974,343.935,458.228,370.392,331.236,375.683,887.882
141,553,378.858,375.683,342.877,353.46,401.081,371.45,447.645,325.945,411.664,386.266,745.017
141,554,374.625,359.809,367.217,318.537,385.207,412.722,416.955,303.721,377.8,338.644,592.627
142,541,394.732,379.916,372.508,392.615,427.538,334.411,269.857,344.993,343.935,387.324,468.81
142,544,322.77,336.527,347.11,415.897,414.839,424.363,312.187,374.625,300.546,551.355,782.056
142,545,350.285,307.954,357.693,404.256,402.14,440.237,294.197,358.751,344.993,578.869,1061.44
142,546,325.945,358.751,330.178,394.732,425.421,410.606,320.653,382.033,429.654,585.219,1313.3
142,547,377.8,379.916,357.693,356.634,380.974,394.732,321.712,412.722,448.703,657.181,1358.81
142,548,337.586,397.907,366.159,346.052,389.44,430.713,414.839,391.557,358.751,673.055,1443.47
142,549,383.091,430.713,429.654,400.023,404.256,393.674,483.626,377.8,351.343,725.968,1624.43
142,550,382.033,396.848,415.897,388.382,457.169,412.722,587.335,405.314,392.615,667.763,1493.21
142,551,385.207,409.547,484.684,429.654,458.228,412.722,568.287,311.129,291.022,664.589,1379.97
142,552,336.527,401.081,557.704,412.722,488.917,408.489,573.578,324.886,311.129,518.548,1343.99
142,553,392.615,366.159,458.228,447.645,452.936,384.149,704.803,396.848,335.469,507.966,1170.44
142,554,348.168,398.965,413.78,324.886,428.596,397.907,711.152,351.343,353.46,430.713,1044.5
142,555,465.635,299.488,380.974,348.168,442.354,348.168,564.054,384.149,365.1,384.149,813.804
142,556,414.839,371.45,299.488,375.683,328.061,327.003,486.801,301.605,318.537,383.091,637.074
142,557,407.431,371.45,348.168,386.266,367.217,333.353,426.48,295.255,369.333,314.304,600.035
142,558,386.266,324.886,330.178,350.285,372.508,303.721,396.848,284.673,321.712,309.013,551.355
142,559,446.587,357.693,367.217,341.819,374.625,332.294,440.237,270.915,303.721,343.935,428.596
143,542,318.537,335.469,415.897,368.275,400.023,355.576,291.022,410.606,402.14,505.849,593.685
143,543,329.12,351.343,362.984,385.207,426.48,385.207,295.255,353.46,343.935,553.471,1044.5
143,544,344.993,311.129,358.751,451.878,382.033,416.955,282.556,327.003,400.023,682.579,1599.03
143,545,319.595,348.168,395.79,374.625,376.741,382.033,331.236,431.771,461.402,706.919,1989.53
143,546,304.779,347.11,347.11,380.974,390.499,364.042,346.052,498.441,518.548,819.095,1733.43
143,547,370.392,376.741,393.674,342.877,413.78,459.286,413.78,548.18,493.15,1078.37,1627.61
143,548,377.8,402.14,479.393,374.625,498.441,681.521,555.588,534.422,478.334,1163.03,1776.82
143,549,354.518,403.198,557.704,462.461,507.966,720.677,710.094,546.063,494.208,1233.93,1615.97
143,550,371.45,366.159,589.452,500.558,575.695,725.968,715.385,582.044,440.237,1149.27,1500.62
143,551,410.606,372.508,702.686,495.267,522.781,725.968,796.871,489.975,447.645,1074.14,1383.15
143,552,382.033,370.392,745.017,507.966,513.257,684.696,906.931,511.141,409.547,972.543,1124.93
143,553,410.606,347.11,647.656,481.509,568.287,607.442,1041.33,442.354,353.46,754.541,1052.97
143,554,439.179,372.508,602.151,541.83,647.656,615.909,1006.41,459.286,388.382,589.452,1042.39
143,555,466.694,373.567,524.898,467.752,522.781,701.628,842.377,445.528,304.779,517.49,1012.76
143,556,484.684,442.354,493.15,421.188,477.276,574.636,802.163,388.382,341.819,481.509,854.018
143,557,552.413,390.499,455.053,383.091,397.907,468.81,738.667,350.285,295.255,483.626,837.085
143,558,433.887,370.392,406.373,371.45,425.421,371.45,598.976,333.353,318.537,338.644,720.677
143,559,460.344,344.993,406.373,378.858,400.023,291.022,470.927,280.439,329.12,321.712,615.909
143,560,436.004,325.945,357.693,346.052,337.586,337.586,402.14,268.799,287.847,300.546,527.015
144,541,348.168,354.518,369.333,401.081,368.275,297.372,306.896,289.964,322.77,548.18,715.385
144,542,313.246,323.828,348.168,369.333,383.091,331.236,343.935,372.508,352.401,542.888,1009.58
144,543,387.324,366.159,366.159,405.314,379.916,351.343,347.11,349.227,384.149,811.687,1738.72
144,544,351.343,377.8,377.8,446.587,395.79,424.363,328.061,446.587,439.179,1223.35,2402.26
144,545,325.945,349.227,545.005,483.626,533.364,441.295,382.033,534.422,509.024,1476.28,2104.88
144,546,404.256,375.683,615.909,515.374,628.608,709.036,538.655,650.831,543.947,1433.95,1936.62
144,547,364.042,392.615,736.55,632.841,913.28,891.057,668.822,700.57,537.597,1447.7,2325
144,548,386.266,335.469,885.765,813.804,1021.22,905.872,886.824,743.958,574.636,1486.86,2650.95
144,549,374.625,370.392,1043.45,881.532,1131.28,971.485,1048.74,811.687,610.617,1388.44,2540.89
144,550,423.305,398.965,1131.28,846.61,1151.39,998.999,1276.26,907.989,601.093,1326,2378.97
144,551,468.81,367.217,917.513,839.202,991.592,1025.46,1483.68,809.571,580.986,1171.5,2147.21
144,552,546.063,420.13,861.425,716.443,974.659,961.96,1460.4,722.793,520.665,1106.94,1862.54
144,553,594.743,436.004,793.697,706.919,897.406,747.133,1446.64,644.482,500.558,971.485,1487.92
144,554,633.899,475.16,851.901,806.396,952.436,803.221,1520.72,597.918,461.402,916.455,1308.01
144,555,685.754,609.559,935.504,723.851,802.163,723.851,1452.99,485.742,347.11,723.851,1077.31
144,556,674.113,604.268,699.511,575.695,624.375,704.803,1103.77,501.616,344.993,676.23,1100.59
144,557,601.093,567.229,561.937,507.966,507.966,630.724,992.65,434.946,342.877,621.2,1009.58
144,558,557.704,404.256,489.975,429.654,438.121,587.335,921.746,410.606,334.411,496.325,1099.53
144,559,545.005,450.82,412.722,386.266,429.654,511.141,895.29,387.324,285.731,453.994,827.561
144,560,505.849,391.557,408.489,353.46,403.198,448.703,689.987,343.935,340.76,372.508,621.2
144,561,478.334,413.78,340.76,355.576,379.916,396.848,511.141,388.382,329.12,375.683,467.752
144,562,442.354,370.392,430.713,408.489,383.091,366.159,375.683,356.634,336.527,388.382,432.829
145,539,349.227,304.779,403.198,403.198,402.14,322.77,273.032,332.294,270.915,486.801,570.403
145,540,298.43,337.586,430.713,374.625,372.508,372.508,358.751,330.178,292.08,609.559,706.919
145,541,359.809,313.246,368.275,424.363,391.557,366.159,338.644,353.46,301.605,641.307,883.649
145,542,351.343,335.469,378.858,377.8,378.858,408.489,335.469,376.741,338.644,899.523,1461.46
145,543,333.353,353.46,452.936,448.703,450.82,424.363,342.877,451.878,367.217,1625.49,2054.09
145,544,356.634,336.527,560.879,501.616,607.442,579.928,362.984,587.335,457.169,2146.16,1814.92
145,545,407.431,411.664,710.094,568.287,833.911,882.591,564.054,668.822,501.616,2031.86,1974.72
145,546,359.809,357.693,861.425,821.211,1112.23,1127.05,692.103,847.668,622.258,1814.92,2591.68
145,547,393.674,374.625,1224.41,1183.14,1355.63,1154.56,939.737,954.552,679.404,1861.48,3172.67
145,548,426.48,401.081,1538.71,1329.18,1304.84,1219.12,1265.68,1031.81,678.346,1748.25,3113.41
145,549,450.82,422.247,1891.11,1404.31,1442.41,1403.26,1692.16,1177.85,912.222,1820.21,2822.39
145,550,645.54,471.985,1982.12,1509.08,1602.21,1503.79,2095.36,1252.98,938.679,1597.98,2528.19
145,551,704.803,619.083,1869.95,1587.39,1649.83,1568.34,2388.5,1159.86,937.62,1391.61,2455.17
145,552,808.512,580.986,1862.54,1469.93,1572.58,1387.38,2374.74,1080.49,976.776,1131.28,2174.73
145,553,896.348,667.763,1527.07,1145.04,1272.03,1210.65,2112.29,978.892,812.745,922.805,2075.25
145,554,966.193,718.56,1436.06,1065.67,1103.77,1072.02,1999.06,905.872,746.075,1005.35,2056.2
145,555,1019.11,748.191,1295.31,919.63,1074.14,1045.56,1976.83,800.046,572.52,974.659,1926.04
145,556,830.736,774.648,1196.89,728.084,834.969,834.969,1744.02,628.608,492.092,942.912,1536.6
145,557,783.114,658.239,844.493,628.608,697.395,671.996,1409.61,548.18,415.897,795.813,1232.88
145,558,697.395,652.948,748.191,629.666,629.666,558.762,1314.36,469.868,344.993,711.152,1204.3
145,559,709.036,631.782,605.326,587.335,566.17,592.627,1291.08,471.985,344.993,519.607,1002.17
145,560,640.249,521.723,461.402,412.722,473.043,630.724,1308.01,440.237,351.343,442.354,808.512
145,561,592.627,497.383,443.412,364.042,383.091,556.646,1193.72,403.198,304.779,379.916,569.345
145,562,575.695,451.878,458.228,375.683,384.149,409.547,814.862,384.149,357.693,332.294,427.538
145,563,517.49,400.023,434.946,396.848,403.198,383.091,468.81,374.625,314.304,452.936,371.45
145,564,470.927,400.023,444.47,477.276,449.761,372.508,457.169,314.304,295.255,453.994,382.033
146,540,301.605,365.1,289.964,351.343,394.732,387.324,302.663,311.129,307.954,689.987,734.434
146,541,373.567,352.401,339.702,394.732,336.527,400.023,401.081,371.45,355.576,937.62,1055.09
146,542,372.508,368.275,395.79,376.741,431.771,411.664,369.333,457.169,439.179,1535.54,1705.92
146,543,339.702,366.159,605.326,420.13,545.005,641.307,331.236,724.91,433.887,1949.32,1661.47
146,544,408.489,437.062,745.017,637.074,848.726,1001.12,499.5,921.746,602.151,1963.08,1954.61
146,545,374.625,442.354,1091.07,958.785,1081.54,1192.66,623.316,1184.2,777.823,1955.67,2494.32
146,546,410.606,340.76,1617.02,1420.19,1313.3,1296.37,898.465,1486.86,1068.84,2380.03,2857.31
146,547,529.131,402.14,2253.04,1750.37,1555.65,1581.04,1219.12,1691.1,1251.92,2767.36,2637.19
146,548,609.559,460.344,2349.34,1811.74,1882.65,1844.55,1794.81,1735.55,1283.67,2720.79,2487.97
146,549,828.619,594.743,2175.79,1931.33,2018.11,1927.1,2332.41,1829.74,1356.69,2532.42,2293.25
146,550,881.532,807.454,2051.97,1863.6,2015.99,1880.53,2730.32,1736.61,1317.54,2406.49,2326.06
146,551,859.309,784.172,2112.29,1869.95,1957.78,1763.06,2694.34,1729.2,1279.44,2124.99,2296.43
146,552,1024.4,933.387,1993.77,1846.67,2041.39,1867.83,2516.55,1533.42,1173.61,1874.18,2129.22
146,553,1187.37,1215.94,1906.99,1788.46,1965.19,1736.61,2616.02,1363.04,1119.64,1592.68,1956.73
146,554,1300.6,1381.03,1644.54,1549.3,1931.33,1555.65,2575.81,1181.02,1036.04,1369.39,2085.83
146,555,1288.96,1209.59,1550.35,1454.05,1754.6,1327.06,2300.66,1083.66,916.455,1044.5,2451.99
146,556,1094.24,1024.4,1500.62,1260.39,1501.67,1281.56,2032.92,959.844,692.103,1024.4,2456.23
146,557,1081.54,1031.81,1305.9,1022.28,1214.88,1371.51,1838.2,941.853,565.112,1021.22,1854.08
146,558,1118.58,1051.91,1072.02,832.852,943.97,1229.7,1602.21,704.803,460.344,901.639,1388.44
146,559,1087.89,998.999,1127.05,772.531,857.192,782.056,1452.99,565.112,485.742,678.346,1150.33
146,560,938.679,881.532,1030.75,678.346,752.424,604.268,1241.34,452.936,390.499,506.908,937.62
146,561,758.774,611.676,597.918,572.52,578.869,629.666,1443.47,515.374,403.198,321.712,704.803
146,562,680.463,578.869,487.859,405.314,471.985,565.112,1576.81,496.325,375.683,368.275,491.034
146,563,605.326,456.111,450.82,377.8,391.557,411.664,925.979,418.014,413.78,385.207,387.324
146,564,552.413,469.868,427.538,384.149,354.518,354.518,463.519,297.372,324.886,400.023,310.071
146,565,506.908,402.14,365.1,429.654,407.431,350.285,465.635,283.614,328.061,352.401,337.586
146,566,427.538,405.314,366.159,376.741,418.014,341.819,410.606,337.586,319.595,311.129,335.469
147,538,341.819,317.479,419.072,407.431,368.275,364.042,305.838,391.557,333.353,524.898,649.773
147,540,353.46,309.013,303.721,357.693,383.091,462.461,340.76,385.207,355.576,836.027,904.814
147,541,367.217,303.721,359.809,408.489,397.907,421.188,332.294,476.218,529.131,1258.27,1482.63
147,542,329.12,346.052,494.208,458.228,443.412,607.442,341.819,800.046,554.529,1637.13,1716.5
147,543,322.77,410.606,709.036,582.044,812.745,927.038,378.858,974.659,720.677,1718.62,1922.86
147,544,372.508,335.469,1084.72,1019.11,1376.8,1164.09,567.229,1277.32,1009.58,1874.18,2560.99
147,545,411.664,383.091,1956.73,1560.94,1596.92,1443.47,767.24,1682.64,1583.16,2365.22,2892.23
147,546,466.694,405.314,2342.99,1823.39,2040.33,1821.27,1027.57,2151.45,1981.07,2730.32,2486.92
147,547,585.219,384.149,2373.68,2296.43,2602.27,2299.6,1467.81,2319.71,1902.76,2773.71,2028.69
147,548,882.591,624.375,2708.09,3070.02,3100.71,2533.48,2077.37,2315.48,1714.38,2499.62,1873.12
147,549,1024.4,816.978,2908.1,3235.11,2687.99,2474.22,2287.96,2140.86,1685.81,2172.61,2129.22
147,550,1223.35,1040.27,2745.13,2828.73,2480.57,2235.05,2203.3,2147.21,1665.7,2049.85,2330.29
147,551,1581.04,1484.74,2530.3,2665.76,2427.65,2089.01,2598.03,2129.22,1574.69,2027.63,2308.07
147,552,1794.81,1922.86,2602.27,2606.5,2451.99,2042.45,2881.65,1978.95,1465.69,1972.6,2448.82
147,553,1594.8,1935.56,2564.17,2463.63,2257.27,2077.37,2974.77,1733.43,1147.16,1946.14,2081.6
147,554,1430.77,1754.6,2323.94,2042.45,1921.8,1897.46,2796.99,1436.06,982.067,2194.84,1593.74
147,555,1422.3,1668.88,2018.11,1782.11,1892.17,1682.64,2619.2,1335.53,972.543,1839.26,1588.45
147,556,1226.53,1605.38,2045.62,1927.1,1859.37,1503.79,2354.63,1212.77,876.241,1329.18,2357.81
147,557,1352.46,1519.66,1950.38,1891.11,2044.56,1635.02,2210.71,1304.84,886.824,1145.04,2534.54
147,558,1175.73,1401.14,1831.85,1566.23,1699.57,1768.36,2337.7,1323.89,795.813,1110.12,1905.93
147,559,1238.17,1254.04,1447.7,1165.15,1161.97,1818.09,2274.21,1043.45,598.976,877.299,1247.69
147,560,1138.69,1208.54,1419.13,988.417,946.086,1029.69,1738.72,652.948,479.393,616.967,1132.34
147,561,885.765,903.756,1028.63,872.008,939.737,666.705,1365.16,441.295,391.557,412.722,952.436
147,562,815.92,804.279,697.395,600.035,675.171,709.036,1449.82,463.519,405.314,350.285,682.579
147,563,782.056,783.114,489.975,414.839,422.247,564.054,1502.73,396.848,402.14,332.294,452.936
147,564,746.075,590.51,349.227,380.974,396.848,424.363,888.94,394.732,358.751,328.061,322.77
147,565,715.385,506.908,361.926,367.217,335.469,361.926,481.509,319.595,374.625,284.673,297.372
147,566,575.695,453.994,416.955,370.392,366.159,331.236,449.761,302.663,314.304,339.702,294.197
147,567,496.325,497.383,356.634,398.965,373.567,377.8,382.033,365.1,307.954,312.187,292.08
148,538,312.187,319.595,317.479,378.858,397.907,376.741,332.294,356.634,313.246,622.258,671.996
148,539,335.469,298.43,321.712,426.48,346.052,453.994,286.789,416.955,306.896,695.278,783.114
148,540,350.285,347.11,358.751,422.247,441.295,517.49,324.886,387.324,405.314,903.756,1236.05
148,541,323.828,365.1,539.714,436.004,564.054,510.082,313.246,628.608,626.491,1440.29,1846.67
148,542,334.411,357.693,806.396,615.909,747.133,788.405,331.236,893.173,748.191,1653.01,1981.07
148,543,343.935,362.984,1073.08,961.96,1242.4,1075.19,460.344,1098.48,916.455,1930.27,2458.34
148,544,410.606,341.819,1978.95,1641.36,1575.75,1360.93,652.948,1539.77,1495.32,2512.31,2941.97
148,545,445.528,357.693,2492.21,1944.03,2046.68,1953.55,902.698,2113.35,2015.99,2589.57,2728.2
148,546,545.005,442.354,2511.26,2696.45,2476.33,2305.95,1206.42,2388.5,2021.28,2501.73,2239.28
148,547,865.658,532.306,3161.03,3472.16,2731.37,2330.29,2105.94,2389.56,1912.28,2174.73,1775.76
148,548,1018.05,815.92,3664.76,3445.7,2432.94,2266.8,2403.31,2432.94,2403.31,2040.33,2024.46
148,549,1422.3,1199.01,3165.26,3029.8,2423.42,2094.3,2389.56,2585.33,2666.82,2142.98,2249.87
148,550,1655.12,1789.52,2595.92,2766.3,2435.06,2187.43,2755.71,2584.28,2673.17,2236.11,2248.81
148,551,1700.63,2018.11,2463.63,2785.35,2368.39,2225.53,2950.43,2457.28,2500.67,2116.52,2220.23
148,552,1630.78,2193.78,2325,2732.43,2279.5,2210.71,2602.27,2286.9,2360.98,1823.39,2295.37
148,553,1628.67,2058.32,2339.82,2484.8,2176.85,2075.25,2352.52,2200.13,2132.4,1547.18,2508.08
148,554,1534.48,1898.52,2174.73,2314.42,2206.48,1797.99,2437.18,2039.27,1792.7,1705.92,2289.02
148,555,1483.68,1850.9,2082.66,2172.61,2209.65,1863.6,2620.26,1914.4,1408.55,2228.7,1782.11
148,556,1442.41,1935.56,2285.85,1989.53,1956.73,1865.72,2599.09,1560.94,1122.82,2228.7,1615.97
148,557,1432.89,1739.78,2493.27,1971.54,1742.96,1559.88,2018.11,1267.8,951.378,1374.68,2260.45
148,558,1372.57,1528.13,2593.8,2271.03,2141.92,1424.42,1793.75,1469.93,1095.3,1105.88,2335.58
148,559,1182.08,1323.89,2085.83,1867.83,2078.43,1789.52,2517.61,1649.83,928.096,1024.4,1467.81
148,560,1146.1,1282.61,1566.23,1170.44,1303.78,1803.28,2973.72,1229.7,669.88,875.183,1151.39
148,561,1179.96,1221.23,1504.85,948.203,1005.35,1010.64,2205.42,691.045,410.606,547.122,1008.52
148,562,1283.67,1085.78,1265.68,915.397,900.581,758.774,1480.51,458.228,358.751,398.965,819.095
148,563,1221.23,1015.93,682.579,576.753,641.307,712.21,1465.69,452.936,350.285,319.595,504.791
148,564,975.718,1040.27,420.13,416.955,438.121,519.607,1321.77,348.168,349.227,313.246,413.78
148,565,839.202,664.589,306.896,356.634,372.508,357.693,688.929,252.925,332.294,310.071,368.275
148,566,737.609,534.422,320.653,364.042,371.45,354.518,455.053,306.896,353.46,317.479,344.993
148,567,666.705,468.81,391.557,431.771,375.683,372.508,456.111,323.828,271.973,319.595,255.041
148,568,458.228,383.091,334.411,391.557,415.897,317.479,296.313,342.877,329.12,350.285,266.682
149,538,353.46,293.139,302.663,318.537,347.11,293.139,320.653,327.003,320.653,694.22,659.297
149,539,316.42,321.712,349.227,391.557,384.149,368.275,307.954,374.625,369.333,745.017,868.833
149,540,338.644,314.304,452.936,492.092,479.393,451.878,249.75,569.345,494.208,1290.02,1572.58
149,541,351.343,302.663,765.124,588.394,689.987,667.763,264.566,765.124,654.006,1717.56,1900.64
149,542,418.014,324.886,1080.49,934.445,1141.86,973.601,304.779,968.31,768.298,2026.57,2095.36
149,543,386.266,370.392,1895.35,1621.26,1490.03,1255.1,458.228,1246.63,1228.64,2622.37,2661.53
149,544,420.13,376.741,2350.4,1789.52,1702.74,1595.86,845.551,1829.74,1604.33,2770.53,2732.43
149,545,605.326,366.159,2262.56,2334.53,2389.56,2005.41,1227.58,2130.28,1749.31,2464.69,2513.37
149,546,878.358,561.937,2832.97,2973.72,2425.54,2013.87,1916.51,2024.46,2035.04,2028.69,2069.96
149,547,1078.37,839.202,3147.27,2959.96,2049.85,1995.88,2685.87,2320.77,2519.72,1886.88,1841.38
149,548,1350.34,1355.63,2413.9,2577.93,2182.14,1848.78,2484.8,2625.55,3071.08,1977.89,2009.64
149,549,1767.3,2192.72,1955.67,2790.64,2349.34,2097.48,2699.63,2552.53,2749.37,2204.36,1639.25
149,550,1597.98,2170.5,1952.49,2972.66,2297.49,2098.53,2836.14,2338.76,2497.5,2389.56,1334.47
149,551,1732.38,2418.13,2122.87,2888,2235.05,1865.72,2090.07,2239.28,2280.55,2309.13,1098.48
149,552,2035.04,2963.13,2032.92,2793.81,2105.94,1876.3,1575.75,2152.51,2154.62,2447.76,1291.08
149,553,1906.99,3062.61,1957.78,2505.96,2090.07,1982.12,1731.32,2014.93,1918.63,1978.95,1764.12
149,554,1579.99,2550.41,1830.79,2296.43,2074.19,1823.39,1946.14,1915.45,2062.55,1476.28,2497.5
149,555,1480.51,2443.53,2038.21,2503.85,2282.67,1855.13,2218.12,2208.59,2220.23,1632.9,2577.93
149,556,1460.4,2311.24,2094.3,2806.51,2639.31,2162.03,2551.47,2342.99,2066.79,2305.95,1829.74
149,557,1457.23,2152.51,2218.12,2328.18,2327.12,2442.47,2656.24,1806.45,1401.14,2072.08,1650.89
149,558,1336.59,1948.26,2701.74,2167.32,2047.74,1940.85,1913.34,1348.23,1032.86,1287.91,2126.05
149,559,1424.42,1838.2,2697.51,2502.79,2355.69,1446.64,1499.56,1406.43,1151.39,1050.85,1549.3
149,560,1584.22,1820.21,2227.64,1982.12,2167.32,1799.05,2641.42,1484.74,1023.34,851.901,1100.59
149,561,1553.53,1847.73,1459.34,1049.8,1215.94,1723.91,3425.59,1006.41,700.57,771.473,1077.31
149,562,1367.27,1630.78,1363.04,884.707,877.299,872.008,2217.06,574.636,419.072,523.84,884.707
149,563,1393.73,1350.34,903.756,692.103,811.687,767.24,1386.32,441.295,332.294,389.44,694.22
149,564,1476.28,1244.52,601.093,433.887,494.208,646.598,1409.61,421.188,292.08,351.343,459.286
149,565,1106.94,1104.83,444.47,378.858,378.858,400.023,1081.54,295.255,314.304,315.362,400.023
149,566,797.93,771.473,390.499,410.606,319.595,364.042,518.548,276.206,297.372,298.43,331.236
149,567,647.656,476.218,355.576,395.79,416.955,347.11,511.141,288.906,330.178,327.003,283.614
149,568,541.83,459.286,377.8,373.567,396.848,378.858,403.198,376.741,327.003,368.275,292.08
150,538,331.236,332.294,300.546,336.527,318.537,328.061,292.08,342.877,276.206,753.483,682.579
150,539,348.168,332.294,383.091,385.207,412.722,356.634,244.459,410.606,440.237,1050.85,1102.71
150,540,329.12,274.09,651.889,548.18,572.52,487.859,320.653,568.287,573.578,1577.87,1704.86
150,541,365.1,334.411,984.184,702.686,912.222,885.765,300.546,886.824,671.996,1890.06,1958.84
150,542,418.014,348.168,1409.61,1367.27,1456.17,1185.25,366.159,1067.79,927.038,2469.98,2451.99
150,543,416.955,337.586,2296.43,1762.01,1449.82,1429.71,628.608,1657.24,1441.35,2692.22,2539.83
150,544,537.597,388.382,2064.67,1871.01,1861.48,1940.85,1050.85,2273.15,1729.2,2677.4,2623.43
150,545,811.687,642.365,2556.76,2832.97,2349.34,2332.41,1474.16,2302.78,2136.63,2333.47,2475.28
150,546,1001.12,939.737,2858.37,2764.18,1960.96,2002.23,2207.53,2346.17,2595.92,1764.12,2001.17
150,547,1218.06,1263.56,2127.11,2383.21,1968.37,1940.85,2487.97,2495.38,2709.15,1912.28,1750.37
150,548,1560.94,2022.34,1910.16,2671.05,2204.36,2134.51,2475.28,2280.55,2737.72,1932.39,1257.22
150,549,1432.89,2130.28,1996.94,2586.39,1787.4,1632.9,2958.9,1926.04,2325,1772.59,790.522
150,550,1656.18,2327.12,1822.33,2059.38,1329.18,1265.68,2264.68,1794.81,2464.69,1483.68,930.212
150,551,1996.94,2988.53,1657.24,1879.47,1202.19,1096.36,1429.71,2099.59,2546.18,1571.52,1353.52
150,552,1795.87,2917.63,1679.46,2017.05,1517.55,1389.5,1400.08,2388.5,2618.14,1910.16,1290.02
150,553,1357.75,2441.41,1777.88,2290.08,1711.21,1646.66,1573.64,2416.01,2259.39,2327.12,1018.05
150,554,1254.04,2014.93,1681.58,2095.36,1688.99,1594.8,1612.79,1968.37,1712.27,2248.81,1529.19
150,555,1278.38,1840.32,1836.08,2172.61,1708.04,1339.76,1200.07,1561.99,1610.67,1548.24,2526.07
150,556,1207.48,1835.03,2229.76,2575.81,2095.36,1390.56,1279.44,2000.12,2111.23,1604.33,2339.82
150,557,1121.76,1676.29,2280.55,3004.41,2780.05,2279.5,1901.7,2707.03,2263.62,2235.05,1624.43
150,558,1167.26,1658.3,2165.2,2571.58,2493.27,2831.91,2496.44,2259.39,1556.7,1603.27,1908.05
150,559,1187.37,1583.16,2584.28,2296.43,2105.94,2248.81,2099.59,1498.5,1137.63,977.834,1748.25
150,560,1295.31,1632.9,2555.7,2493.27,2392.73,1463.58,1393.73,1299.55,1044.5,1025.46,1093.18
150,561,1650.89,2062.55,1999.06,1844.55,1904.87,1774.71,2798.05,1404.31,847.668,768.298,1247.69
150,562,1775.76,2254.1,1374.68,1046.62,1095.3,1425.48,2814.98,813.804,589.452,698.453,862.484
150,563,1323.89,1850.9,1156.68,805.337,855.076,753.483,1433.95,538.655,390.499,441.295,606.384
150,564,1419.13,1396.91,669.88,553.471,547.122,704.803,1420.19,471.985,341.819,397.907,512.199
150,565,1399.02,1281.56,644.482,419.072,478.334,551.355,1420.19,368.275,278.323,334.411,368.275
150,566,1026.51,1028.63,455.053,422.247,412.722,402.14,615.909,297.372,260.332,286.789,358.751
150,567,693.162,614.85,413.78,429.654,430.713,299.488,533.364,285.731,283.614,330.178,263.507
150,568,663.53,486.801,347.11,395.79,368.275,342.877,422.247,364.042,279.381,309.013,253.983
150,569,512.199,400.023,378.858,396.848,351.343,358.751,305.838,327.003,288.906,357.693,273.032
150,570,489.975,401.081,370.392,378.858,317.479,357.693,276.206,317.479,303.721,313.246,275.148
151,537,338.644,354.518,401.081,378.858,361.926,334.411,293.139,292.08,280.439,557.704,539.714
151,538,329.12,329.12,447.645,347.11,416.955,376.741,275.148,349.227,318.537,797.93,789.464
151,539,358.751,332.294,529.131,503.733,523.84,425.421,300.546,457.169,470.927,1331.29,1205.36
151,540,367.217,370.392,950.319,640.249,634.957,615.909,356.634,730.201,580.986,1841.38,1835.03
151,541,342.877,355.576,1125.99,882.591,1049.8,1094.24,327.003,1161.97,751.366,2096.42,2187.43
151,542,459.286,348.168,1762.01,1560.94,1410.66,1405.37,480.451,1481.57,1363.04,2432.94,2752.54
151,543,494.208,384.149,2231.87,1780,1787.4,1708.04,778.881,2255.16,1892.17,2595.92,2583.22
151,544,655.064,547.122,2292.2,2635.07,2532.42,2267.86,1267.8,2573.69,2156.74,2684.81,2468.93
151,545,970.426,919.63,2824.5,3003.35,2298.55,2107,1559.88,2502.79,2740.9,2224.47,2191.66
151,546,1092.13,1174.67,2078.43,2356.75,1911.22,1795.87,2362.04,2672.11,2913.4,1697.45,1861.48
151,547,1605.38,1701.69,1803.28,2691.16,2089.01,1966.25,2399.08,2177.9,2624.49,1732.38,1413.84
151,548,1605.38,2240.34,1974.72,2265.74,1487.92,1505.91,2637.19,1486.86,2389.56,1293.2,709.036
151,549,1603.27,2262.56,1342.93,1247.69,816.978,733.376,2864.72,1221.23,2225.53,952.436,649.773
151,550,1835.03,2789.58,865.658,1112.23,922.805,775.706,1977.89,1322.83,2327.12,995.825,1247.69
151,551,1384.21,2663.65,859.309,1374.68,1091.07,943.97,1282.61,1475.22,2453.05,918.572,2318.65
151,552,1191.6,2059.38,1142.92,1510.14,1245.57,989.475,1361.98,1548.24,2687.99,986.3,2599.09
151,553,1244.52,1767.3,1302.72,1837.14,1414.9,1114.35,1286.85,1985.3,2663.65,1647.71,1516.49
151,554,1302.72,1916.51,1187.37,1702.74,1413.84,1405.37,1004.29,2284.79,2502.79,2395.91,1029.69
151,555,1258.27,1968.37,1029.69,1412.78,1098.48,1545.06,863.542,1937.68,1825.5,2273.15,1878.42
151,556,1204.3,1839.26,1430.77,1668.88,1143.98,1159.86,804.279,1277.32,1480.51,1426.54,2435.06
151,557,1194.78,1660.41,2235.05,2583.22,2004.35,1158.8,875.183,2056.2,2139.81,1921.8,1856.19
151,558,1142.92,1639.25,2435.06,3121.87,2622.37,2182.14,1705.92,2927.15,2594.86,1638.19,1782.11
151,559,1262.51,1677.35,2007.52,2340.88,2156.74,2757.83,2495.38,2195.89,1485.8,1054.03,1923.92
151,560,1225.47,1807.51,2463.63,2168.38,1982.12,1890.06,1832.91,1220.18,990.533,1092.13,1224.41
151,561,1254.04,1575.75,2317.59,2160.97,2336.64,1506.97,1587.39,1277.32,993.708,861.425,1195.84
151,562,1617.02,1902.76,1733.43,1354.58,1503.79,1817.04,2382.15,1173.61,815.92,622.258,955.611
151,563,1540.83,2002.23,1405.37,970.426,1004.29,1033.92,1576.81,667.763,558.762,512.199,603.209
151,564,1145.04,1714.38,891.057,584.161,771.473,809.571,1321.77,549.238,366.159,450.82,407.431
151,565,1306.95,1293.2,689.987,452.936,442.354,604.268,1551.41,421.188,332.294,395.79,436.004
151,566,1138.69,1128.11,496.325,430.713,463.519,463.519,774.648,293.139,337.586,307.954,365.1
151,567,842.377,832.852,379.916,387.324,400.023,364.042,553.471,306.896,310.071,298.43,314.304
151,568,651.889,603.209,374.625,366.159,385.207,300.546,481.509,327.003,260.332,306.896,255.041
151,569,580.986,510.082,356.634,374.625,355.576,395.79,328.061,335.469,360.867,367.217,268.799
151,570,477.276,443.412,372.508,355.576,382.033,337.586,242.342,312.187,320.653,265.624,289.964
151,572,423.305,409.547,339.702,316.42,369.333,359.809,267.74,295.255,270.915,257.158,287.847
152,536,374.625,303.721,353.46,355.576,422.247,359.809,268.799,339.702,342.877,425.421,406.373
152,537,353.46,279.381,366.159,355.576,390.499,347.11,270.915,348.168,317.479,607.442,589.452
152,538,344.993,310.071,424.363,375.683,495.267,397.907,292.08,397.907,295.255,867.775,863.542
152,539,328.061,314.304,628.608,512.199,664.589,494.208,311.129,484.684,533.364,1417.01,1270.97
152,540,321.712,372.508,1015.93,733.376,820.153,844.493,311.129,979.951,746.075,1939.79,1861.48
152,541,447.645,388.382,1389.5,1102.71,1366.22,1259.33,388.382,1506.97,1066.73,2284.79,2167.32
152,542,485.742,378.858,2077.37,1716.5,1661.47,1621.26,594.743,1839.26,1782.11,2598.03,2967.37
152,543,629.666,457.169,2116.52,2155.68,2188.49,1824.44,912.222,2607.56,2087.95,2323.94,2465.75
152,544,860.367,675.171,2852.02,3132.46,2630.84,2344.05,1340.82,2473.16,2738.78,2538.77,2213.88
152,545,1032.86,1128.11,2334.53,2560.99,1922.86,2018.11,1859.37,2418.13,2859.42,1807.51,1897.46
152,546,1188.43,1302.72,1731.32,2451.99,2081.6,1958.84,2492.21,2467.87,2889.06,1522.84,1595.86
152,547,1635.02,2174.73,1846.67,2553.59,1692.16,1790.58,2458.34,1681.58,2359.92,1150.33,1106.94
152,548,1423.36,2129.22,1286.85,1265.68,821.211,897.406,2456.23,1094.24,1926.04,709.036,612.734
152,549,1523.9,2471.04,716.443,996.883,949.261,775.706,2325,1030.75,1991.65,843.435,776.764
152,550,1278.38,2246.69,699.511,1390.56,1145.04,951.378,1602.21,1185.25,2138.75,1515.43,2139.81
152,551,997.941,1728.14,1100.59,1301.66,1048.74,894.232,1228.64,1062.5,1967.31,1963.08,3024.51
152,552,1111.18,1853.02,1181.02,1085.78,851.901,626.491,1129.17,884.707,1626.55,1406.43,3235.11
152,553,1051.91,1765.18,1263.56,1077.31,842.377,488.917,757.716,940.795,1801.16,1061.44,2238.22
152,554,899.523,1425.48,992.65,1366.22,1130.22,660.356,791.58,1366.22,2339.82,1902.76,892.115
152,555,918.572,1205.36,867.775,1632.9,1342.93,1222.29,1376.8,2146.16,2552.53,2444.59,1332.35
152,556,921.746,1259.33,725.968,1290.02,1122.82,1693.22,1382.09,2095.36,2073.14,1795.87,2176.85
152,557,930.212,1273.09,1149.27,1609.62,1386.32,1229.7,832.852,1257.22,1566.23,1583.16,1669.94
152,558,868.833,1293.2,1967.31,2557.82,2027.63,1146.1,829.678,2089.01,2413.9,1757.77,1827.62
152,559,1076.25,1338.7,1999.06,2424.48,2182.14,2014.93,1978.95,2640.36,2022.34,1146.1,2087.95
152,560,1396.91,1785.29,1978.95,2001.17,1887.94,1988.47,2444.59,1492.15,1090.01,1156.68,1376.8
152,561,1175.73,2104.88,2390.61,2212.83,2086.89,1405.37,1599.03,1193.72,1086.84,886.824,1229.7
152,562,1105.88,1814.92,1990.59,1712.27,1698.51,1855.13,1952.49,1261.45,937.62,601.093,919.63
152,563,1487.92,1817.04,1539.77,1136.57,1299.55,1317.54,1642.42,735.492,613.792,440.237,578.869
152,564,1665.7,2019.16,1259.33,860.367,919.63,833.911,1268.86,629.666,473.043,443.412,488.917
152,565,1172.55,1510.14,752.424,511.141,571.462,763.007,1472.04,475.16,358.751,349.227,416.955
152,566,1215.94,1272.03,585.219,407.431,421.188,476.218,938.679,349.227,316.42,269.857,375.683
152,567,1045.56,1048.74,455.053,398.965,393.674,380.974,516.432,270.915,322.77,296.313,285.731
152,568,892.115,694.22,346.052,375.683,368.275,355.576,497.383,244.459,270.915,296.313,267.74
152,569,655.064,501.616,297.372,357.693,361.926,380.974,337.586,329.12,288.906,252.925,255.041
152,570,484.684,390.499,352.401,358.751,378.858,330.178,265.624,317.479,327.003,288.906,288.906
152,571,465.635,379.916,374.625,351.343,390.499,301.605,276.206,284.673,252.925,322.77,271.973
153,537,330.178,306.896,362.984,355.576,375.683,348.168,258.216,394.732,349.227,699.511,737.609
153,538,333.353,323.828,428.596,415.897,530.189,474.101,261.391,438.121,386.266,903.756,906.931
153,539,357.693,394.732,738.667,604.268,663.53,570.403,340.76,651.889,558.762,1531.31,1343.99
153,540,416.955,384.149,1076.25,802.163,868.833,955.611,320.653,1098.48,833.911,1866.77,1785.29
153,541,382.033,357.693,1765.18,1505.91,1593.74,1304.84,387.324,1614.91,1476.28,2535.6,1975.78
153,542,577.811,411.664,2481.62,2076.31,1853.02,1875.24,537.597,2129.22,1965.19,2577.93,2533.48
153,543,703.744,532.306,2285.85,2381.09,2216,1985.3,1010.64,2538.77,2444.59,2344.05,2366.27
153,544,989.475,888.94,2890.11,3131.4,2238.22,2286.9,1355.63,2254.1,2690.1,2227.64,2134.51
153,545,1148.21,1188.43,2076.31,2295.37,1741.9,1753.54,1982.12,2244.57,2698.57,1568.34,1607.5
153,546,1379.97,1656.18,1640.31,2454.11,1833.97,1860.42,2623.43,1969.43,2771.59,1375.74,1535.54
153,547,1389.5,2065.73,1496.38,1776.82,1097.42,1240.28,2442.47,1346.11,1970.48,797.93,1084.72
153,548,1333.41,2320.77,905.872,978.892,851.901,772.531,2532.42,957.727,1768.36,627.549,558.762
153,549,1406.43,2406.49,813.804,1254.04,1146.1,823.328,1949.32,1016.99,1810.69,1153.51,713.269
153,550,1032.86,1886.88,1438.18,1464.63,1150.33,992.65,1430.77,998.999,1385.27,2229.76,1980.01
153,551,1092.13,1659.36,1685.81,1247.69,859.309,875.183,1059.32,776.764,1120.7,2961.02,2532.42
153,552,1005.35,1655.12,1304.84,951.378,812.745,783.114,963.019,774.648,1076.25,2574.75,2353.58
153,553,666.705,1079.43,986.3,704.803,575.695,731.259,654.006,702.686,1061.44,1060.38,1638.19
153,554,673.055,674.113,977.834,759.832,555.588,468.81,1704.86,751.366,1452.99,1129.17,786.289
153,555,867.775,902.698,1249.81,1407.49,1038.16,519.607,3674.29,1244.52,2304.89,2009.64,1258.27
153,556,1121.76,1145.04,965.135,1694.28,1308.01,1165.15,2783.23,2193.78,2559.94,1806.45,1638.19
153,557,1112.23,1172.55,764.065,1302.72,1039.21,1572.58,1313.3,1832.91,1703.8,1540.83,1475.22
153,558,820.153,1034.98,1316.48,1912.28,1532.36,1169.38,627.549,1259.33,1649.83,1950.38,1911.22
153,559,586.277,886.824,1824.44,2202.24,1945.09,1376.8,1091.07,2111.23,2192.72,1292.14,2314.42
153,560,872.008,899.523,1629.72,1992.71,1875.24,1774.71,2038.21,1600.09,1184.2,1131.28,1329.18
153,561,1272.03,1687.93,2044.56,2029.75,1968.37,1314.36,1673.11,1166.2,1000.06,898.465,1225.47
153,562,1029.69,1881.59,1965.19,1719.68,1778.94,1656.18,2019.16,1379.97,961.96,607.442,1072.02
153,563,1072.02,1455.11,1746.13,1283.67,1303.78,1483.68,1932.39,837.085,652.948,441.295,547.122
153,564,1560.94,1869.95,1443.47,1034.98,1095.3,897.406,1431.83,557.704,467.752,474.101,430.713
153,565,1337.64,1772.59,814.862,583.102,639.19,842.377,1395.85,552.413,432.829,376.741,469.868
153,566,1313.3,1402.2,596.86,426.48,467.752,511.141,948.203,396.848,344.993,387.324,360.867
153,567,1041.33,1207.48,436.004,402.14,408.489,400.023,535.481,268.799,309.013,310.071,306.896
153,568,907.989,856.134,377.8,340.76,393.674,331.236,494.208,339.702,298.43,275.148,296.313
153,569,813.804,642.365,349.227,354.518,377.8,311.129,353.46,322.77,282.556,304.779,341.819
153,570,556.646,449.761,360.867,388.382,351.343,321.712,278.323,291.022,260.332,258.216,287.847
153,571,459.286,397.907,351.343,348.168,365.1,354.518,281.498,257.158,227.526,310.071,281.498
154,537,337.586,361.926,390.499,368.275,372.508,329.12,271.973,357.693,284.673,758.774,768.298
154,538,334.411,392.615,433.887,420.13,482.568,418.014,342.877,513.257,400.023,1072.02,873.066
154,539,371.45,374.625,771.473,520.665,604.268,614.85,320.653,755.599,665.647,1561.99,1337.64
154,540,410.606,372.508,1178.9,877.299,976.776,920.688,331.236,1290.02,992.65,1994.82,2015.99
154,541,391.557,380.974,1974.72,1610.67,1561.99,1354.58,412.722,1565.17,1597.98,2350.4,1769.41
154,542,657.181,451.878,2641.42,2328.18,1972.6,1776.82,603.209,2214.94,2008.58,2414.95,2212.83
154,543,783.114,625.433,2377.92,2704.92,2266.8,2157.8,916.455,2351.46,2439.29,2328.18,2334.53
154,544,1076.25,993.708,2436.12,2810.74,1861.48,2084.78,1342.93,2295.37,2431.89,1953.55,2063.61
154,545,1358.81,1532.36,1626.55,2057.26,1694.28,1723.91,1942.97,2164.15,2682.69,1401.14,1475.22
154,546,1461.46,2112.29,1446.64,2068.9,1566.23,1610.67,2394.85,1920.75,2502.79,1331.29,1384.21
154,547,1197.95,2198.01,1151.39,1208.54,793.697,1021.22,2299.6,1191.6,1751.42,788.405,1260.39
154,548,1490.03,2504.91,953.494,1068.84,870.95,805.337,2564.17,913.28,1646.66,605.326,657.181
154,549,1206.42,2289.02,1351.4,1297.43,1074.14,883.649,1708.04,984.184,1027.57,1643.48,553.471
154,550,990.533,1595.86,1559.88,1204.3,950.319,958.785,1197.95,910.105,792.638,2916.57,896.348
154,551,1034.98,1407.49,1304.84,1637.13,1659.36,1010.64,1048.74,985.242,1172.55,2822.39,1219.12
154,552,787.347,1092.13,1597.98,2483.74,2291.14,1547.18,1005.35,1556.7,1965.19,2434,1116.47
154,554,973.601,1118.58,704.803,845.551,697.395,896.348,2153.56,955.611,1091.07,1013.82,782.056
154,555,1109.06,1422.3,1000.06,763.007,691.045,513.257,4554.76,679.404,1422.3,1619.14,1355.63
154,556,868.833,1326,1276.26,1452.99,1066.73,650.831,2930.33,1463.58,2313.36,1618.08,1657.24
154,557,973.601,1153.51,830.736,1194.78,927.038,1199.01,1061.44,2024.46,2235.05,1559.88,1279.44
154,558,1061.44,1262.51,947.145,1519.66,1336.59,1231.82,566.17,1319.65,1399.02,2182.14,1815.98
154,559,844.493,1096.36,1567.29,1937.68,1673.11,1353.52,822.27,1681.58,2011.76,1476.28,2164.15
154,560,552.413,833.911,1604.33,2108.06,2040.33,1663.59,1650.89,1605.38,1422.3,1186.31,1278.38
154,561,812.745,918.572,2001.17,2089.01,1959.9,1412.78,1633.96,1213.83,1019.11,1070.96,1273.09
154,562,1066.73,1563.05,1862.54,1593.74,1701.69,1343.99,2056.2,1487.92,1015.93,608.501,1087.89
154,563,949.261,1350.34,1569.4,1227.58,1226.53,1375.74,1965.19,919.63,612.734,430.713,501.616
154,564,1304.84,1479.45,1526.01,1099.53,1113.29,843.435,1432.89,541.83,482.568,453.994,444.47
154,565,1264.62,1705.92,963.019,683.637,780.997,852.959,1413.84,586.277,427.538,353.46,389.44
154,566,1329.18,1583.16,646.598,479.393,419.072,564.054,960.902,390.499,422.247,338.644,314.304
154,567,1208.54,1214.88,480.451,456.111,370.392,373.567,568.287,346.052,353.46,310.071,277.265
154,568,899.523,960.902,388.382,376.741,352.401,391.557,590.51,268.799,291.022,310.071,293.139
154,569,751.366,703.744,377.8,352.401,370.392,359.809,358.751,300.546,251.866,359.809,298.43
154,570,646.598,588.394,350.285,327.003,356.634,316.42,270.915,310.071,287.847,295.255,262.449
155,537,368.275,337.586,357.693,332.294,359.809,386.266,316.42,388.382,332.294,846.61,749.25
155,538,366.159,387.324,449.761,414.839,527.015,465.635,338.644,530.189,492.092,1042.39,925.979
155,539,312.187,348.168,918.572,676.23,769.357,644.482,342.877,862.484,797.93,1628.67,1326
155,540,385.207,335.469,1409.61,1016.99,1106.94,993.708,334.411,1194.78,1003.23,1838.2,2059.38
155,541,436.004,351.343,1897.46,1636.07,1485.8,1327.06,441.295,1662.53,1718.62,2172.61,1894.29
155,542,622.258,466.694,2320.77,2358.87,1959.9,1712.27,659.297,2305.95,2132.4,2218.12,2006.47
155,543,934.445,652.948,2512.31,2745.13,2390.61,2165.2,1056.15,2421.3,2482.68,2207.53,2500.67
155,544,1133.4,1176.79,2063.61,2428.71,1893.23,1962.02,1513.31,2354.63,2413.9,1671,2160.97
155,545,1377.86,1701.69,1473.1,1987.42,1596.92,1651.95,1784.23,2033.98,2607.56,1246.63,1463.58
155,546,1538.71,2351.46,1231.82,1853.02,1377.86,1467.81,2292.2,1584.22,2137.69,1195.84,1074.14
155,547,1379.97,2304.89,1066.73,1032.86,795.813,875.183,2219.18,1099.53,1730.26,804.279,1244.52
155,548,1393.73,2307.01,1055.09,1175.73,1023.34,765.124,2358.87,895.29,1385.27,519.607,970.426
155,549,1078.37,1826.56,1569.4,1268.86,992.65,915.397,1596.92,984.184,673.055,936.562,680.463
155,550,995.825,1327.06,1085.78,896.348,738.667,755.599,1006.41,794.755,677.288,1673.11,506.908
155,551,932.329,1245.57,1430.77,1996.94,2193.78,947.145,913.28,2247.75,1667.82,1632.9,506.908
155,554,1029.69,1535.54,1802.22,1385.27,1040.27,1456.17,840.26,1232.88,1839.26,986.3,1275.21
155,555,979.951,1395.85,748.191,623.316,691.045,597.918,1408.55,633.899,1007.47,1625.49,1683.7
155,556,808.512,1081.54,1075.19,995.825,848.726,449.761,987.359,937.62,1767.3,1554.59,1605.38
155,557,577.811,683.637,929.154,1100.59,794.755,782.056,559.821,1813.86,2225.53,1502.73,1141.86
155,558,654.006,638.132,916.455,1487.92,1328.12,1052.97,534.422,1459.34,1469.93,2063.61,1815.98
155,559,1020.16,1061.44,1423.36,1915.45,1711.21,1401.14,978.892,1695.34,1833.97,1197.95,1841.38
155,560,788.405,1184.2,1446.64,1955.67,2023.4,1731.32,1378.92,1791.64,1678.4,1092.13,1050.85
155,561,596.86,794.755,2078.43,2285.85,2134.51,1678.4,1519.66,1179.96,1076.25,1047.68,1242.4
155,562,934.445,1012.76,1880.53,1777.88,1664.65,1520.72,2095.36,1355.63,1101.65,675.171,1004.29
155,563,818.037,1376.8,1429.71,1190.54,1211.71,1444.53,1983.18,1063.55,645.54,502.675,641.307
155,564,1223.35,1336.59,1496.38,1114.35,1125.99,855.076,1435,519.607,425.421,368.275,476.218
155,565,1142.92,1510.14,1033.92,723.851,819.095,819.095,1321.77,615.909,415.897,355.576,378.858
155,566,1151.39,1472.04,622.258,510.082,594.743,595.802,1049.8,445.528,416.955,339.702,295.255
155,567,1342.93,1263.56,522.781,419.072,416.955,380.974,590.51,315.362,300.546,297.372,279.381
155,568,963.019,1151.39,377.8,374.625,438.121,357.693,566.17,298.43,305.838,337.586,295.255
155,569,757.716,707.977,339.702,380.974,370.392,294.197,338.644,288.906,229.643,275.148,242.342
155,570,656.123,595.802,336.527,416.955,369.333,310.071,338.644,316.42,311.129,251.866,263.507
155,571,476.218,468.81,342.877,384.149,341.819,318.537,232.818,262.449,274.09,313.246,295.255
156,537,341.819,361.926,361.926,360.867,385.207,369.333,347.11,395.79,405.314,785.231,650.831
156,538,367.217,372.508,442.354,438.121,512.199,537.597,298.43,568.287,609.559,1030.75,872.008
156,539,357.693,340.76,966.193,741.842,803.221,684.696,302.663,884.707,851.901,1676.29,1210.65
156,540,352.401,364.042,1466.75,1179.96,1292.14,1069.9,299.488,1278.38,1052.97,1980.01,2183.19
156,541,389.44,354.518,2059.38,1913.34,1661.47,1506.97,402.14,1675.23,1661.47,1830.79,2135.57
156,542,623.316,422.247,2176.85,2097.48,1773.65,1686.87,632.841,2145.1,2062.55,2301.72,2030.81
156,543,966.193,776.764,2233.99,2532.42,1978.95,2076.31,1055.09,2302.78,2478.45,2104.88,2645.66
156,544,1156.68,1199.01,1976.83,2345.11,1751.42,1880.53,1643.48,2235.05,2539.83,1714.38,2459.4
156,545,1255.1,1614.91,1495.32,2007.52,1532.36,1717.56,1846.67,1955.67,2534.54,1101.65,1975.78
156,546,1551.41,2267.86,1129.17,1606.44,1129.17,1331.29,2461.52,1372.57,1882.65,1148.21,1158.8
156,547,1354.58,2204.36,863.542,839.202,717.502,743.958,2206.48,921.746,1536.6,1025.46,955.611
156,548,1229.7,2187.43,949.261,905.872,947.145,716.443,2381.09,990.533,1182.08,681.521,1223.35
156,549,876.241,1551.41,1602.21,1274.15,981.009,914.338,1799.05,1024.4,556.646,497.383,1134.46
156,550,906.931,1353.52,922.805,912.222,660.356,917.513,899.523,683.637,743.958,677.288,925.979
156,551,885.765,1177.85,932.329,1165.15,1383.15,767.24,691.045,2199.07,2310.19,681.521,733.376
156,553,1036.04,1330.24,3217.12,2821.33,2257.27,3022.4,873.066,2216,2912.34,941.853,1227.58
156,554,827.561,1251.92,2047.74,1227.58,993.708,1379.97,702.686,960.902,1793.75,1459.34,1699.57
156,555,1153.51,1313.3,725.968,750.308,706.919,585.219,538.655,502.675,896.348,1669.94,1785.29
156,556,2146.16,2260.45,1015.93,1011.7,875.183,484.684,427.538,798.988,1463.58,1189.49,1191.6
156,557,1657.24,2547.24,844.493,815.92,741.842,683.637,605.326,1547.18,2017.05,1550.35,1120.7
156,558,669.88,1142.92,1034.98,1624.43,1386.32,941.853,907.989,1400.08,1415.95,1950.38,1792.7
156,559,763.007,699.511,1518.61,1938.74,1706.98,1396.91,1259.33,1811.74,1984.24,1118.58,1334.47
156,560,837.085,1039.21,1334.47,1830.79,1883.71,1710.15,1229.7,1920.75,1762.01,1078.37,1067.79
156,561,571.462,840.26,2050.91,2347.23,2168.38,1872.07,1316.48,1309.07,1099.53,1013.82,1184.2
156,562,889.998,868.833,1912.28,1977.89,1919.69,1588.45,1883.71,1372.57,1120.7,645.54,765.124
156,563,850.843,1223.35,1637.13,1376.8,1381.03,1510.14,1867.83,1084.72,822.27,468.81,652.948
156,564,1087.89,1161.97,1366.22,927.038,1024.4,941.853,1285.79,601.093,430.713,385.207,537.597
156,565,1163.03,1558.82,941.853,771.473,783.114,780.997,1270.97,583.102,387.324,352.401,364.042
156,566,963.019,1254.04,856.134,604.268,577.811,666.705,941.853,414.839,407.431,360.867,318.537
156,567,1291.08,1153.51,553.471,465.635,464.577,421.188,605.326,321.712,318.537,284.673,261.391
156,568,1007.47,1200.07,422.247,410.606,353.46,422.247,452.936,319.595,319.595,312.187,275.148
156,569,793.697,750.308,346.052,378.858,340.76,348.168,354.518,304.779,286.789,294.197,279.381
156,570,727.026,624.375,320.653,383.091,372.508,352.401,338.644,274.09,271.973,323.828,296.313
156,571,504.791,497.383,302.663,339.702,350.285,293.139,288.906,311.129,256.099,283.614,220.119
156,572,463.519,388.382,316.42,393.674,415.897,358.751,283.614,285.731,275.148,273.032,265.624
157,537,374.625,315.362,395.79,393.674,383.091,338.644,312.187,436.004,419.072,832.852,549.238
157,538,329.12,313.246,500.558,449.761,497.383,461.402,281.498,590.51,567.229,977.834,718.56
157,539,350.285,355.576,909.047,592.627,788.405,721.735,294.197,920.688,834.969,1586.33,982.067
157,540,377.8,404.256,1455.11,1135.52,1300.6,1169.38,276.206,1345.05,1102.71,1958.84,1764.12
157,541,486.801,334.411,2201.19,1986.36,1975.78,1721.79,324.886,1583.16,1646.66,1772.59,2141.92
157,542,540.772,473.043,2572.64,2342.99,1806.45,1739.78,494.208,2044.56,1860.42,2229.76,2130.28
157,543,885.765,859.309,2086.89,2444.59,1867.83,1883.71,832.852,2111.23,2271.03,2357.81,2464.69
157,544,1184.2,1324.94,1886.88,2355.69,1807.51,1931.33,1546.12,2168.38,2436.12,1975.78,2694.34
157,545,1348.23,1651.95,1387.38,2031.86,1468.87,1665.7,1904.87,1912.28,2305.95,1194.78,2367.33
157,546,1475.22,2216,1172.55,1703.8,1279.44,1417.01,2564.17,1261.45,1566.23,970.426,1691.1
157,547,1313.3,2229.76,864.6,860.367,597.918,711.152,2291.14,749.25,1319.65,1139.75,1109.06
157,548,1130.22,1847.73,634.957,714.327,649.773,573.578,2344.05,866.717,1228.64,1024.4,1011.7
157,549,881.532,1456.17,1080.49,928.096,802.163,713.269,2450.94,1051.91,621.2,743.958,1243.46
157,550,798.988,1181.02,913.28,1013.82,812.745,854.018,1399.02,858.251,564.054,575.695,1284.73
157,551,784.172,1040.27,571.462,671.996,569.345,682.579,686.812,821.211,1174.67,510.082,1127.05
157,552,827.561,1044.5,907.989,738.667,675.171,605.326,482.568,1090.01,1539.77,776.764,1172.55
157,553,901.639,1313.3,1337.64,906.931,839.202,818.037,697.395,839.202,1549.3,1316.48,1354.58
157,554,615.909,939.737,950.319,833.911,771.473,712.21,725.968,528.073,1042.39,1696.39,1560.94
157,555,1082.6,912.222,938.679,1059.32,910.105,580.986,756.657,517.49,916.455,1498.5,1230.76
157,556,2560.99,2409.66,1102.71,1080.49,847.668,628.608,630.724,903.756,1397.96,1052.97,954.552
157,557,2371.57,3529.3,669.88,678.346,589.452,761.949,836.027,1393.73,1785.29,1544,1559.88
157,558,791.58,1809.63,816.978,1428.65,1312.25,829.678,1160.91,1322.83,1403.26,1545.06,1553.53
157,559,650.831,651.889,1433.95,1839.26,1526.01,1276.26,1127.05,1785.29,1976.83,909.047,1038.16
157,560,824.386,870.95,1364.1,1769.41,1661.47,1727.08,934.445,1851.96,1709.09,1066.73,1230.76
157,561,795.813,802.163,2003.29,2108.06,1976.83,1632.9,1276.26,1283.67,996.883,981.009,1141.86
157,562,888.94,866.717,1839.26,1763.06,1849.84,1513.31,1677.35,1333.41,1148.21,621.2,756.657
157,563,816.978,1256.16,1801.16,1544,1542.95,1485.8,1538.71,1050.85,777.823,499.5,681.521
157,564,1065.67,1155.62,1230.76,894.232,932.329,915.397,1208.54,589.452,402.14,434.946,548.18
157,565,1260.39,1626.55,986.3,681.521,790.522,780.997,1287.91,591.569,418.014,321.712,365.1
157,566,1049.8,1302.72,876.241,677.288,618.025,580.986,864.6,344.993,386.266,299.488,293.139
157,567,1043.45,1215.94,553.471,458.228,469.868,492.092,677.288,313.246,302.663,293.139,299.488
157,568,952.436,1160.91,456.111,388.382,392.615,342.877,477.276,292.08,276.206,319.595,279.381
157,569,801.104,816.978,335.469,406.373,383.091,357.693,320.653,306.896,285.731,288.906,297.372
157,570,661.414,647.656,372.508,368.275,356.634,324.886,393.674,274.09,288.906,302.663,285.731
157,571,507.966,504.791,357.693,355.576,389.44,315.362,275.148,284.673,270.915,293.139,251.866
157,572,449.761,469.868,331.236,376.741,391.557,342.877,245.517,270.915,221.177,323.828,314.304
158,537,350.285,348.168,368.275,386.266,413.78,328.061,284.673,383.091,434.946,707.977,427.538
158,538,328.061,357.693,488.917,415.897,505.849,433.887,296.313,545.005,621.2,861.425,654.006
158,539,378.858,378.858,914.338,609.559,751.366,625.433,323.828,888.94,858.251,1323.89,791.58
158,540,382.033,375.683,1456.17,934.445,1128.11,1123.87,296.313,1407.49,1156.68,2035.04,1269.91
158,541,406.373,334.411,2309.13,1820.21,1781.06,1587.39,297.372,1752.48,1684.75,2039.27,1881.59
158,542,714.327,469.868,2484.8,2266.8,1905.93,2128.17,503.733,2028.69,1893.23,2266.8,2228.7
158,543,851.901,782.056,2333.47,2469.98,2062.55,2039.27,704.803,2198.01,2024.46,2473.16,2083.72
158,544,1258.27,1264.62,2158.85,2897.52,2041.39,2068.9,1158.8,2091.13,2299.6,2407.55,2459.4
158,545,1530.25,1924.98,1282.61,1793.75,1389.5,1539.77,1722.85,2170.5,2262.56,1863.6,2370.51
158,546,1578.93,2381.09,1163.03,1710.15,1372.57,1517.55,2573.69,1449.82,1568.34,1021.22,2092.18
158,547,1135.52,2067.84,1009.58,1275.21,800.046,981.009,2895.41,692.103,1121.76,981.009,1548.24
158,548,1026.51,1726.03,685.754,629.666,527.015,473.043,2168.38,594.743,1276.26,1125.99,1335.53
158,549,842.377,1410.66,696.336,659.297,649.773,504.791,2517.61,747.133,958.785,1112.23,1352.46
158,550,860.367,1186.31,1058.26,953.494,844.493,642.365,2156.74,902.698,623.316,920.688,1229.7
158,551,626.491,938.679,828.619,986.3,764.065,716.443,1147.16,710.094,555.588,907.989,1278.38
158,552,539.714,741.842,587.335,872.008,740.783,731.259,656.123,540.772,626.491,1112.23,1328.12
158,553,811.687,1095.3,624.375,976.776,862.484,693.162,632.841,470.927,663.53,1490.03,1338.7
158,554,660.356,922.805,921.746,995.825,1021.22,683.637,727.026,487.859,655.064,1486.86,1110.12
158,555,618.025,637.074,1335.53,1185.25,983.126,695.278,763.007,764.065,1257.22,972.543,1105.88
158,556,1085.78,1395.85,936.562,865.658,684.696,850.843,806.396,1186.31,1672.05,1044.5,1485.8
158,557,1082.6,1995.88,498.441,577.811,520.665,705.861,872.008,1150.33,1513.31,1654.06,1764.12
158,558,714.327,1086.84,832.852,1237.11,1084.72,722.793,902.698,1075.19,1330.24,1236.05,1267.8
158,559,745.017,797.93,1234.99,1581.04,1354.58,1146.1,790.522,1739.78,1920.75,905.872,1051.91
158,560,709.036,887.882,1199.01,1566.23,1468.87,1464.63,1060.38,1715.44,1496.38,1154.56,1346.11
158,561,674.113,703.744,1653.01,1836.08,1683.7,1578.93,1374.68,1136.57,965.135,756.657,1018.05
158,562,889.998,915.397,1645.6,1626.55,1640.31,1353.52,1568.34,1268.86,1055.09,610.617,756.657
158,563,885.765,1254.04,1734.49,1568.34,1534.48,1440.29,1301.66,994.766,706.919,535.481,743.958
158,564,975.718,1199.01,1332.35,991.592,969.368,968.31,1296.37,683.637,483.626,400.023,682.579
158,565,1213.83,1594.8,929.154,742.9,740.783,725.968,1224.41,533.364,422.247,322.77,395.79
158,566,1064.61,1456.17,911.164,627.549,631.782,575.695,826.503,354.518,328.061,307.954,348.168
158,567,1047.68,1291.08,532.306,463.519,439.179,473.043,714.327,322.77,287.847,334.411,339.702
158,568,899.523,971.485,517.49,445.528,405.314,404.256,525.956,321.712,300.546,286.789,269.857
158,569,930.212,810.629,415.897,385.207,370.392,367.217,351.343,284.673,205.303,282.556,287.847
158,570,693.162,727.026,324.886,362.984,334.411,299.488,353.46,285.731,235.992,302.663,293.139
158,571,650.831,507.966,298.43,364.042,368.275,338.644,279.381,324.886,286.789,284.673,287.847
159,538,335.469,333.353,497.383,370.392,522.781,393.674,310.071,434.946,543.947,701.628,564.054
159,539,342.877,430.713,880.474,644.482,710.094,602.151,292.08,749.25,741.842,989.475,819.095
159,540,378.858,400.023,1323.89,848.726,928.096,1031.81,350.285,1156.68,1106.94,1768.36,856.134
159,541,437.062,386.266,2024.46,1564.11,1599.03,1417.01,336.527,1745.07,1700.63,2149.33,1473.1
159,542,686.812,493.15,2320.77,2010.7,1858.31,1892.17,384.149,2128.17,1766.24,2341.93,2103.83
159,543,956.669,769.357,2325,2413.9,2354.63,2222.35,596.86,2538.77,2081.6,2346.17,1934.5
159,544,1248.75,1285.79,2656.24,3234.05,2289.02,2442.47,963.019,2160.97,2438.24,2407.55,1806.45
159,545,1503.79,1950.38,1579.99,2151.45,1373.62,1658.3,1304.84,2256.21,2409.66,2121.82,2165.2
159,546,1435,2340.88,1028.63,1582.1,1393.73,1480.51,2282.67,1866.77,1980.01,1584.22,2326.06
159,547,1324.94,2107,1214.88,1703.8,1293.2,1354.58,3133.51,1088.95,1090.01,1240.28,1917.57
159,548,1189.49,1844.55,1085.78,1007.47,713.269,738.667,2404.37,559.821,1061.44,1161.97,1572.58
159,549,827.561,1351.4,616.967,539.714,532.306,457.169,2073.14,513.257,1202.19,1093.18,1472.04
159,550,857.192,1154.56,827.561,751.366,758.774,483.626,2376.86,634.957,1005.35,1066.73,1459.34
159,551,780.997,1098.48,1217,1063.55,867.775,593.685,1871.01,641.307,680.463,1001.12,1474.16
159,552,609.559,748.191,1214.88,1135.52,1050.85,719.618,1166.2,609.559,570.403,1183.14,1373.62
159,553,550.296,741.842,1158.8,1263.56,1023.34,813.804,895.29,573.578,663.53,1154.56,1433.95
159,554,822.27,956.669,1131.28,978.892,904.814,840.26,841.318,745.017,1068.84,1022.28,1643.48
159,555,671.996,652.948,932.329,707.977,622.258,776.764,826.503,1026.51,1620.2,1003.23,1905.93
159,556,523.84,532.306,517.49,524.898,463.519,694.22,878.358,1175.73,1719.68,1579.99,1928.15
159,557,575.695,557.704,469.868,685.754,660.356,514.315,758.774,935.504,1211.71,1452.99,1389.5
159,558,789.464,738.667,818.037,1095.3,966.193,795.813,856.134,1137.63,1237.11,959.844,1025.46
159,559,825.444,1045.56,918.572,1168.32,1105.88,1033.92,1347.17,1705.92,1878.42,1065.67,1369.39
159,560,553.471,880.474,1161.97,1545.06,1479.45,1330.24,1456.17,1493.21,1114.35,1183.14,1354.58
159,561,530.189,561.937,1498.5,1682.64,1488.97,1269.91,1332.35,1072.02,952.436,785.231,894.232
159,562,789.464,889.998,1504.85,1549.3,1479.45,1355.63,1432.89,1291.08,1060.38,649.773,704.803
159,563,693.162,1097.42,1693.22,1662.53,1551.41,1308.01,1333.41,877.299,713.269,655.064,831.794
159,564,831.794,1047.68,1437.12,1039.21,1083.66,1060.38,1468.87,808.512,502.675,415.897,636.016
159,565,1046.62,1479.45,1088.95,774.648,786.289,795.813,1028.63,517.49,374.625,322.77,395.79
159,566,1034.98,1249.81,922.805,517.49,570.403,592.627,866.717,359.809,300.546,265.624,313.246
159,567,976.776,1225.47,519.607,459.286,441.295,469.868,779.939,385.207,337.586,252.925,297.372
159,568,858.251,905.872,501.616,382.033,413.78,452.936,484.684,334.411,333.353,274.09,259.274
159,569,925.979,904.814,322.77,382.033,370.392,337.586,304.779,262.449,335.469,304.779,292.08
159,570,738.667,663.53,338.644,332.294,354.518,294.197,302.663,264.566,259.274,317.479,282.556
159,571,644.482,522.781,376.741,412.722,403.198,321.712,305.838,294.197,249.75,303.721,294.197
159,572,475.16,439.179,369.333,384.149,385.207,319.595,262.449,302.663,282.556,307.954,296.313
159,573,415.897,328.061,354.518,378.858,407.431,342.877,316.42,300.546,278.323,303.721,279.381
160,538,377.8,360.867,430.713,370.392,398.965,344.993,301.605,382.033,493.15,638.132,549.238
160,539,346.052,358.751,667.763,496.325,585.219,556.646,300.546,621.2,676.23,782.056,718.56
160,540,302.663,347.11,1193.72,809.571,883.649,816.978,340.76,1029.69,879.416,1262.51,917.513
160,541,467.752,377.8,1813.86,1255.1,1439.24,1193.72,320.653,1379.97,1479.45,2039.27,1080.49
160,542,605.326,426.48,2529.25,2043.5,1650.89,1518.61,330.178,2142.98,2160.97,2227.64,1825.5
160,543,933.387,768.298,2236.11,2123.93,2196.95,2094.3,603.209,2897.52,2358.87,1916.51,2274.21
160,544,1150.33,1294.25,2722.91,3212.88,2641.42,2674.23,922.805,2475.28,2407.55,2030.81,1884.76
160,545,1499.56,1756.72,2309.13,2738.78,1776.82,1998,1040.27,2059.38,2665.76,2165.2,1745.07
160,546,1387.38,2116.52,1169.38,1711.21,1267.8,1407.49,1550.35,2182.14,2485.86,1899.58,2059.38
160,547,1240.28,2204.36,1146.1,1601.15,1388.44,1558.82,2309.13,1646.66,1615.97,1458.29,2239.28
160,548,1400.08,2227.64,1138.69,1505.91,1147.16,1243.46,2578.98,955.611,1007.47,1359.87,2074.19
160,549,978.892,1558.82,935.504,952.436,651.889,686.812,1981.07,616.967,991.592,1247.69,1900.64
160,550,806.396,1068.84,538.655,531.248,502.675,465.635,1867.83,621.2,1127.05,1215.94,1771.53
160,551,896.348,1075.19,626.491,586.277,517.49,519.607,1968.37,695.278,1058.26,1258.27,1681.58
160,552,730.201,936.562,854.018,645.54,611.676,586.277,1677.35,603.209,930.212,1243.46,1720.73
160,553,509.024,603.209,882.591,682.579,573.578,659.297,1363.04,712.21,1015.93,1208.54,2095.36
160,554,605.326,789.464,689.987,524.898,548.18,567.229,1185.25,822.27,1348.23,1376.8,2332.41
160,555,851.901,1016.99,497.383,551.355,481.509,495.267,1240.28,906.931,1399.02,1642.42,2119.7
160,556,809.571,1034.98,436.004,748.191,709.036,494.208,1363.04,764.065,1176.79,1549.3,1367.27
160,557,750.308,975.718,642.365,1046.62,858.251,748.191,1462.52,921.746,983.126,1137.63,1010.64
160,558,791.58,1057.2,707.977,963.019,868.833,849.784,1847.73,1269.91,1483.68,1091.07,1407.49
160,559,596.86,968.31,736.55,1225.47,1097.42,1041.33,1796.93,1390.56,1546.12,1267.8,1428.65
160,561,503.733,485.742,1329.18,1480.51,1421.25,1220.18,1384.21,1237.11,1058.26,713.269,675.171
160,562,626.491,771.473,1582.1,1731.32,1558.82,1423.36,1474.16,1182.08,948.203,775.706,633.899
160,563,639.19,807.454,1864.66,1590.57,1547.18,1232.88,1550.35,810.629,629.666,671.996,703.744
160,564,728.084,976.776,1382.09,1004.29,1034.98,1153.51,1450.88,881.532,577.811,475.16,534.422
160,565,887.882,1182.08,1183.14,792.638,753.483,842.377,892.115,554.529,428.596,318.537,356.634
160,566,1094.24,1177.85,770.415,538.655,553.471,541.83,888.94,368.275,298.43,333.353,329.12
160,567,1085.78,1295.31,540.772,431.771,457.169,474.101,685.754,389.44,336.527,317.479,269.857
160,568,912.222,1059.32,506.908,403.198,390.499,374.625,410.606,316.42,299.488,291.022,237.051
160,569,927.038,947.145,432.829,378.858,312.187,314.304,348.168,262.449,265.624,260.332,277.265
160,570,678.346,717.502,373.567,342.877,364.042,359.809,301.605,289.964,266.682,325.945,268.799
160,571,682.579,514.315,344.993,349.227,394.732,406.373,302.663,306.896,312.187,346.052,305.838
160,572,479.393,480.451,348.168,342.877,380.974,315.362,241.284,304.779,271.973,296.313,255.041
160,573,502.675,383.091,350.285,353.46,302.663,333.353,315.362,314.304,252.925,269.857,285.731
161,538,405.314,378.858,393.674,393.674,415.897,415.897,295.255,371.45,403.198,625.433,464.577
161,539,371.45,372.508,598.976,446.587,493.15,428.596,328.061,585.219,506.908,801.104,667.763
161,540,380.974,384.149,1058.26,636.016,697.395,673.055,305.838,905.872,674.113,1000.06,873.066
161,541,441.295,400.023,1302.72,1024.4,1256.16,1114.35,370.392,1173.61,1046.62,1578.93,1056.15
161,542,572.52,519.607,2313.36,1875.24,1599.03,1302.72,332.294,1597.98,1818.09,2142.98,1341.88
161,543,957.727,621.2,2332.41,2010.7,1549.3,1659.36,447.645,2574.75,2550.41,1891.11,2056.2
161,544,1143.98,1210.65,2259.39,2492.21,2428.71,2355.69,936.562,2831.91,2341.93,1674.17,2325
161,545,1272.03,1690.04,2505.96,3060.49,2142.98,2364.16,1155.62,2093.24,2463.63,2023.4,1917.57
161,546,1526.01,2208.59,1649.83,2154.62,1423.36,1693.22,1522.84,2044.56,2558.88,2120.76,1742.96
161,547,1191.6,2028.69,966.193,1324.94,1143.98,1309.07,1912.28,2028.69,2200.13,1860.42,1744.02
161,548,1479.45,2344.05,1081.54,1428.65,1225.47,1356.69,2267.86,1490.03,1660.41,1588.45,1971.54
161,549,1259.33,2053.03,993.708,1410.66,1097.42,1163.03,2313.36,922.805,1164.09,1429.71,2050.91
161,550,796.871,1261.45,800.046,958.785,728.084,733.376,2099.59,748.191,1081.54,1386.32,1966.25
161,551,815.92,1063.55,633.899,774.648,630.724,518.548,1827.62,734.434,1103.77,1498.5,1905.93
161,552,953.494,1102.71,689.987,833.911,651.889,571.462,1584.22,745.017,1078.37,1687.93,1796.93
161,553,652.948,858.251,733.376,932.329,671.996,593.685,1535.54,694.22,1090.01,1913.34,1876.3
161,554,477.276,594.743,741.842,960.902,776.764,661.414,1491.09,757.716,1123.87,1939.79,1814.92
161,555,535.481,689.987,836.027,1120.7,901.639,700.57,1682.64,837.085,1059.32,1687.93,1423.36
161,556,602.151,958.785,834.969,1231.82,1003.23,989.475,1793.75,1063.55,1065.67,1134.46,1077.31
161,557,537.597,881.532,776.764,1079.43,859.309,992.65,1991.65,1280.5,1383.15,1086.84,1423.36
161,558,518.548,693.162,567.229,1005.35,934.445,971.485,1960.96,1318.59,1666.76,1371.51,1477.33
161,561,560.879,557.704,1415.95,1481.57,1339.76,1452.99,1436.06,1532.36,1154.56,649.773,585.219
161,562,558.762,721.735,1565.17,1589.51,1538.71,1381.03,1687.93,1091.07,887.882,754.541,607.442
161,563,661.414,731.259,1765.18,1319.65,1444.53,1192.66,1610.67,847.668,616.967,613.792,527.015
161,564,801.104,1007.47,1146.1,978.892,992.65,1139.75,938.679,905.872,700.57,341.819,461.402
161,565,848.726,1129.17,1078.37,780.997,749.25,832.852,699.511,582.044,499.5,322.77,322.77
161,566,1150.33,1359.87,790.522,567.229,523.84,478.334,770.415,344.993,320.653,301.605,351.343
161,567,1032.86,1457.23,547.122,375.683,398.965,455.053,564.054,354.518,322.77,306.896,282.556
161,568,965.135,1048.74,436.004,430.713,357.693,371.45,367.217,298.43,286.789,283.614,307.954
161,569,876.241,979.951,386.266,342.877,339.702,321.712,327.003,302.663,314.304,282.556,306.896
161,570,739.725,669.88,352.401,373.567,338.644,329.12,287.847,267.74,251.866,273.032,287.847
161,571,710.094,512.199,329.12,357.693,379.916,325.945,285.731,324.886,276.206,321.712,251.866
161,572,520.665,493.15,344.993,352.401,361.926,337.586,279.381,301.605,311.129,295.255,263.507
161,574,419.072,343.935,338.644,298.43,344.993,347.11,309.013,299.488,287.847,286.789,324.886
162,539,341.819,418.014,494.208,437.062,479.393,483.626,318.537,440.237,503.733,843.435,587.335
162,540,383.091,396.848,934.445,615.909,582.044,517.49,342.877,821.211,625.433,995.825,815.92
162,541,414.839,387.324,1233.93,830.736,953.494,1009.58,409.547,1076.25,827.561,1263.56,1055.09
162,542,560.879,401.081,1869.95,1556.7,1625.49,1518.61,389.44,1196.89,1338.7,1912.28,1137.63
162,543,780.997,568.287,2431.89,2318.65,1609.62,1433.95,329.12,1797.99,2248.81,2090.07,1363.04
162,544,1091.07,1044.5,2189.54,2235.05,1790.58,1739.78,622.258,2370.51,2290.08,1796.93,1833.97
162,545,1188.43,1436.06,2153.56,2435.06,2189.54,2256.21,1119.64,2245.63,1903.81,1716.5,2009.64
162,546,1564.11,2062.55,2341.93,2787.46,1926.04,1967.31,1459.34,1824.44,2276.32,1857.25,1987.42
162,547,1463.58,2195.89,1296.37,2045.62,1415.95,1452.99,1887.94,1812.8,2194.84,1910.16,1677.35
162,548,1296.37,1962.02,870.95,1410.66,1153.51,1232.88,2094.3,1857.25,1837.14,1912.28,1623.37
162,549,1294.25,2238.22,816.978,1195.84,943.97,1064.61,2241.4,1430.77,1561.99,1855.13,1555.65
162,550,976.776,1604.33,773.59,1092.13,899.523,1096.36,2375.8,1137.63,1361.98,1781.06,1607.5
162,551,610.617,884.707,704.803,1110.12,946.086,1012.76,2479.51,956.669,1372.57,1787.4,1372.57
162,552,739.725,942.912,880.474,1200.07,1080.49,1041.33,2097.48,1081.54,1336.59,2012.81,1314.36
162,553,768.298,930.212,1014.87,1320.71,1209.59,1104.83,1700.63,1116.47,1318.59,2018.11,1292.14
162,554,612.734,765.124,1227.58,1482.63,1312.25,1163.03,1524.96,1172.55,1265.68,1722.85,1355.63
162,555,580.986,649.773,1262.51,1557.76,1243.46,1305.9,1363.04,1476.28,1389.5,1148.21,1285.79
162,556,550.296,660.356,997.941,1248.75,1101.65,1257.22,1558.82,1547.18,1750.37,1142.92,1365.16
162,557,561.937,593.685,641.307,1065.67,927.038,1157.74,1643.48,1273.09,1692.16,1323.89,1414.9
162,558,676.23,572.52,919.63,1648.77,1355.63,1056.15,1802.22,1167.26,1326,1285.79,1197.95
162,559,686.812,600.035,1619.14,2237.17,1917.57,1192.66,1532.36,1189.49,1037.1,882.591,814.862
162,560,645.54,765.124,1604.33,1655.12,1499.56,1594.8,1392.67,1571.52,1225.47,662.472,657.181
162,562,542.888,598.976,1738.72,1463.58,1409.61,1076.25,1699.57,906.931,701.628,576.753,527.015
162,563,790.522,920.688,1663.59,1241.34,1236.05,1027.57,993.708,826.503,666.705,485.742,412.722
162,564,823.328,1256.16,1251.92,957.727,1013.82,1038.16,772.531,766.182,827.561,403.198,316.42
162,565,854.018,1127.05,1090.01,687.87,673.055,729.143,863.542,436.004,492.092,310.071,317.479
162,566,1130.22,1284.73,651.889,391.557,442.354,479.393,613.792,378.858,369.333,337.586,282.556
162,567,1060.38,1317.54,477.276,386.266,340.76,414.839,411.664,323.828,255.041,332.294,291.022
162,568,942.912,1010.64,376.741,357.693,387.324,346.052,392.615,270.915,297.372,303.721,322.77
162,569,925.979,938.679,329.12,383.091,356.634,306.896,312.187,268.799,276.206,287.847,320.653
162,570,707.977,647.656,358.751,362.984,342.877,344.993,289.964,298.43,237.051,323.828,226.468
162,571,620.142,504.791,349.227,384.149,413.78,311.129,260.332,307.954,292.08,348.168,244.459
162,572,506.908,397.907,343.935,383.091,337.586,315.362,306.896,314.304,260.332,259.274,238.109
163,539,336.527,350.285,465.635,401.081,441.295,452.936,309.013,339.702,473.043,741.842,429.654
163,540,446.587,407.431,800.046,557.704,612.734,528.073,302.663,614.85,684.696,927.038,497.383
163,541,414.839,324.886,1106.94,732.317,673.055,660.356,358.751,1104.83,840.26,1167.26,798.988
163,542,528.073,390.499,1415.95,1050.85,1284.73,1419.13,407.431,1265.68,1058.26,1340.82,913.28
163,543,630.724,468.81,2527.13,2217.06,2068.9,1771.53,324.886,1538.71,1718.62,1887.94,1009.58
163,544,1061.44,949.261,2948.32,2875.3,2188.49,1932.39,448.703,2044.56,2276.32,2080.54,974.659
163,545,1135.52,1272.03,2169.44,2236.11,2077.37,2240.34,680.463,2228.7,1916.51,1906.99,1273.09
163,546,1301.66,1586.33,2214.94,2531.36,2260.45,2116.52,1095.3,2152.51,1899.58,1717.56,1478.39
163,547,1706.98,2402.26,2272.09,2912.34,2123.93,1970.48,1202.19,1919.69,2228.7,1700.63,1753.54
163,548,1244.52,1990.59,1473.1,2312.3,1812.8,1764.12,1556.7,1692.16,2254.1,1648.77,1738.72
163,549,1215.94,1945.09,1025.46,1767.3,1297.43,1389.5,1714.38,1528.13,1924.98,1702.74,1659.36
163,550,1183.14,1977.89,820.153,1411.72,1091.07,1070.96,1797.99,1433.95,1613.85,1514.37,1635.02
163,551,790.522,1213.83,804.279,1223.35,996.883,988.417,1850.9,1366.22,1554.59,1357.75,1739.78
163,552,522.781,752.424,775.706,1102.71,870.95,968.31,1926.04,1311.19,1550.35,1400.08,1777.88
163,553,586.277,802.163,852.959,1051.91,1049.8,1069.9,2018.11,1503.79,1632.9,1497.44,1618.08
163,554,632.841,788.405,816.978,1156.68,1061.44,1231.82,1966.25,1777.88,1952.49,1200.07,1432.89
163,555,636.016,772.531,923.863,1254.04,1116.47,1371.51,1747.19,1700.63,2133.46,1137.63,1183.14
163,556,695.278,777.823,795.813,1314.36,1137.63,1309.07,1659.36,1480.51,1919.69,1323.89,1111.18
163,557,820.153,896.348,1041.33,1571.52,1429.71,1072.02,1602.21,1169.38,1265.68,1383.15,960.902
163,558,843.435,906.931,1444.53,1920.75,1756.72,1232.88,1783.17,1225.47,1105.88,1027.57,882.591
163,559,754.541,1123.87,1568.34,1754.6,1685.81,1574.69,1635.02,1468.87,1324.94,676.23,746.075
163,561,499.5,604.268,1585.28,1482.63,1319.65,1174.67,1532.36,1019.11,940.795,517.49,553.471
163,562,820.153,707.977,1686.87,1297.43,1224.41,1005.35,1281.56,700.57,546.063,496.325,416.955
163,563,946.086,1293.2,1384.21,957.727,1037.1,1043.45,916.455,811.687,664.589,483.626,394.732
163,564,780.997,1292.14,1110.12,763.007,766.182,772.531,903.756,666.705,647.656,335.469,332.294
163,565,919.63,1021.22,820.153,519.607,591.569,598.976,645.54,423.305,414.839,316.42,324.886
163,566,1117.52,1313.3,600.035,353.46,418.014,500.558,410.606,329.12,302.663,311.129,343.935
163,567,1025.46,1299.55,451.878,388.382,387.324,430.713,398.965,305.838,338.644,306.896,295.255
163,568,983.126,981.009,353.46,364.042,330.178,331.236,329.12,358.751,334.411,270.915,300.546
163,569,822.27,901.639,336.527,340.76,359.809,337.586,329.12,310.071,277.265,306.896,265.624
163,570,645.54,618.025,339.702,388.382,348.168,318.537,240.226,281.498,251.866,312.187,248.692
163,571,491.034,467.752,316.42,360.867,398.965,336.527,262.449,280.439,354.518,305.838,294.197
163,572,465.635,402.14,392.615,318.537,371.45,288.906,266.682,315.362,292.08,278.323,261.391
164,541,375.683,440.237,1026.51,619.083,660.356,560.879,305.838,950.319,905.872,1027.57,545.005
164,542,468.81,403.198,1207.48,782.056,942.912,952.436,407.431,1268.86,1019.11,939.737,692.103
164,543,571.462,450.82,1855.13,1363.04,1578.93,1647.71,361.926,1604.33,1437.12,1113.29,802.163
164,544,789.464,699.511,3153.62,2448.82,2260.45,1914.4,392.615,1902.76,1891.11,1401.14,821.211
164,545,1141.86,1149.27,3043.56,2749.37,2126.05,2013.87,447.645,2218.12,2090.07,1657.24,882.591
164,546,1120.7,1286.85,2060.44,2127.11,1906.99,2142.98,725.968,2187.43,1938.74,1721.79,974.659
164,547,1556.7,2112.29,2040.33,2200.13,1967.31,1936.62,907.989,2257.27,1984.24,1813.86,1025.46
164,548,1661.47,2644.6,2116.52,2408.6,1951.44,1839.26,919.63,2148.27,2100.65,1697.45,1124.93
164,549,1143.98,1854.08,1674.17,2200.13,1818.09,1906.99,1173.61,1717.56,1880.53,1663.59,1161.97
164,550,1116.47,1918.63,1430.77,1905.93,1716.5,1673.11,1563.05,1566.23,1838.2,1493.21,1311.19
164,551,1084.72,1828.68,1156.68,1850.9,1577.87,1475.22,1569.4,1345.05,1801.16,1505.91,1627.61
164,552,854.018,1153.51,1054.03,1842.43,1472.04,1378.92,1421.25,1286.85,1791.64,1463.58,1642.42
164,553,716.443,856.134,1121.76,1811.74,1504.85,1277.32,1329.18,1376.8,1760.95,1392.67,1493.21
164,557,627.549,790.522,1320.71,1655.12,1622.32,1378.92,1601.15,1248.75,1130.22,976.776,692.103
164,558,622.258,924.921,1257.22,1441.35,1571.52,1465.69,1553.53,1526.01,1316.48,774.648,691.045
164,560,574.636,666.705,1661.47,1668.88,1547.18,1355.63,1045.56,1051.91,1075.19,633.899,671.996
164,561,829.678,783.114,1496.38,1232.88,1174.67,1042.39,1030.75,710.094,627.549,483.626,462.461
164,562,869.891,1135.52,1248.75,977.834,967.252,1033.92,1098.48,846.61,531.248,388.382,320.653
164,563,939.737,1319.65,1272.03,760.89,713.269,840.26,984.184,691.045,539.714,355.576,270.915
164,564,943.97,1139.75,1014.87,630.724,694.22,554.529,732.317,487.859,455.053,316.42,330.178
164,565,1033.92,1262.51,688.929,455.053,504.791,495.267,429.654,430.713,357.693,354.518,301.605
164,566,988.417,1339.76,504.791,406.373,375.683,444.47,348.168,303.721,325.945,330.178,266.682
164,567,985.242,1037.1,378.858,357.693,382.033,355.576,369.333,309.013,307.954,297.372,269.857
164,568,910.105,1012.76,360.867,352.401,331.236,320.653,320.653,309.013,327.003,300.546,313.246
164,569,751.366,780.997,337.586,336.527,359.809,296.313,311.129,287.847,320.653,293.139,328.061
164,570,590.51,539.714,375.683,411.664,391.557,319.595,293.139,305.838,280.439,297.372,289.964
164,571,475.16,409.547,311.129,361.926,354.518,372.508,317.479,303.721,306.896,296.313,253.983
165,540,388.382,356.634,386.266,351.343,437.062,379.916,279.381,393.674,496.325,511.141,328.061
165,541,385.207,446.587,702.686,550.296,530.189,507.966,289.964,651.889,787.347,734.434,401.081
165,542,374.625,397.907,1175.73,698.453,706.919,664.589,380.974,1013.82,932.329,758.774,468.81
165,543,543.947,390.499,1498.5,984.184,1026.51,1069.9,382.033,1249.81,1109.06,754.541,588.394
165,544,624.375,514.315,1985.3,1215.94,1442.41,1482.63,347.11,1451.94,1430.77,909.047,667.763
165,545,1029.69,950.319,2531.36,1720.73,1625.49,1533.42,355.576,1686.87,1771.53,985.242,714.327
165,546,1140.81,1330.24,2459.4,2055.15,1741.9,1608.56,373.567,1887.94,2057.26,1158.8,919.63
165,547,1338.7,1758.83,2208.59,2135.57,1786.35,1710.15,550.296,1791.64,1989.53,1267.8,877.299
165,548,1899.58,2709.15,1807.51,2060.44,1613.85,1715.44,797.93,1871.01,1923.92,1206.42,884.707
165,549,1594.8,2477.39,1547.18,1661.47,1425.48,1593.74,996.883,1902.76,1801.16,1433.95,915.397
165,550,1100.59,1848.78,1422.3,1721.79,1475.22,1604.33,1111.18,1861.48,1751.42,1575.75,839.202
165,551,1091.07,1803.28,1515.43,1740.84,1573.64,1640.31,1401.14,1682.64,1564.11,1611.73,888.94
165,552,1064.61,1626.55,1692.16,1939.79,1843.49,1674.17,1481.57,1659.36,1394.79,1732.38,920.688
165,553,917.513,1369.39,1835.03,1965.19,1849.84,1684.75,1361.98,1329.18,1364.1,1341.88,905.872
165,554,864.6,1166.2,1831.85,2075.25,1939.79,1664.65,1173.61,1431.83,1417.01,1078.37,673.055
165,555,711.152,1016.99,1733.43,1922.86,1671,1777.88,1262.51,1539.77,1499.56,757.716,601.093
165,556,661.414,785.231,1479.45,1570.46,1503.79,1662.53,1327.06,1421.25,1222.29,839.202,622.258
165,557,705.861,783.114,1220.18,1540.83,1264.62,1450.88,1401.14,1462.52,1319.65,713.269,701.628
165,558,811.687,832.852,1563.05,1964.13,1750.37,1308.01,1084.72,1519.66,1407.49,766.182,793.697
165,559,840.26,985.242,1996.94,2021.28,1786.35,1386.32,821.211,1138.69,1167.26,697.395,639.19
165,560,825.444,1081.54,1944.03,1483.68,1364.1,1352.46,931.271,894.232,766.182,480.451,416.955
165,561,759.832,1141.86,1222.29,931.271,924.921,1072.02,1137.63,896.348,604.268,342.877,328.061
165,562,699.511,1060.38,1070.96,823.328,756.657,889.998,1009.58,752.424,547.122,316.42,295.255
165,563,947.145,1091.07,1039.21,700.57,633.899,643.423,709.036,478.334,439.179,302.663,318.537
165,564,1088.95,1230.76,822.27,547.122,579.928,509.024,459.286,385.207,333.353,339.702,268.799
165,565,882.591,1264.62,598.976,428.596,397.907,502.675,344.993,400.023,370.392,305.838,259.274
165,566,991.592,1023.34,443.412,374.625,386.266,433.887,352.401,367.217,291.022,315.362,303.721
165,567,952.436,1038.16,376.741,352.401,371.45,404.256,286.789,324.886,287.847,297.372,282.556
165,568,807.454,824.386,388.382,333.353,367.217,313.246,341.819,273.032,312.187,280.439,285.731
165,569,656.123,578.869,368.275,389.44,419.072,281.498,231.759,289.964,274.09,294.197,318.537
165,570,547.122,521.723,350.285,387.324,374.625,337.586,288.906,263.507,261.391,304.779,309.013
165,572,421.188,416.955,351.343,332.294,348.168,341.819,293.139,284.673,228.585,313.246,274.09
166,539,425.421,401.081,341.819,384.149,347.11,364.042,301.605,387.324,338.644,392.615,427.538
166,542,390.499,395.79,792.638,600.035,573.578,530.189,338.644,654.006,763.007,556.646,379.916
166,543,505.849,336.527,1448.76,867.775,833.911,667.763,331.236,941.853,826.503,643.423,387.324
166,544,477.276,418.014,1613.85,1067.79,1009.58,988.417,376.741,1008.52,882.591,798.988,450.82
166,545,767.24,630.724,1692.16,1186.31,1125.99,1214.88,368.275,1129.17,1057.2,814.862,553.471
166,546,1237.11,1185.25,1838.2,1333.41,1265.68,1329.18,377.8,1257.22,1324.94,920.688,661.414
166,547,1278.38,1459.34,2067.84,1836.08,1698.51,1485.8,361.926,1558.82,1574.69,1008.52,763.007
166,548,1391.61,1878.42,2235.05,2180.02,1883.71,1569.4,535.481,1546.12,1699.57,903.756,913.28
166,549,1493.21,2327.12,2044.56,2254.1,1853.02,1541.89,702.686,1475.22,1704.86,849.784,883.649
166,550,1322.83,2110.17,1787.4,2129.22,1638.19,1487.92,814.862,1469.93,1668.88,1069.9,752.424
166,551,1217,1915.45,1655.12,1911.22,1403.26,1358.81,958.785,1456.17,1595.86,1127.05,700.57
166,552,1034.98,1607.5,1518.61,1656.18,1401.14,1365.16,1078.37,1549.3,1506.97,1149.27,668.822
166,553,824.386,1397.96,1506.97,1646.66,1477.33,1448.76,1097.42,1710.15,1554.59,773.59,589.452
166,554,765.124,1247.69,1581.04,1778.94,1683.7,1657.24,992.65,1766.24,1486.86,669.88,659.297
166,555,834.969,1209.59,1640.31,1722.85,1477.33,1594.8,909.047,1447.7,1401.14,604.268,699.511
166,556,860.367,1330.24,1337.64,1569.4,1328.12,1265.68,911.164,1257.22,1181.02,698.453,693.162
166,557,991.592,1529.19,1465.69,1633.96,1426.54,1012.76,917.513,1119.64,1202.19,796.871,685.754
166,558,972.543,1572.58,2131.34,2006.47,1788.46,1236.05,869.891,1024.4,1090.01,792.638,569.345
166,559,868.833,1461.46,2174.73,1674.17,1522.84,1368.33,856.134,1009.58,833.911,507.966,432.829
166,560,753.483,1184.2,1512.26,1134.46,1117.52,1302.72,877.299,1056.15,717.502,337.586,391.557
166,561,787.347,992.65,1185.25,974.659,873.066,954.552,829.678,823.328,681.521,302.663,320.653
166,562,1077.31,1106.94,1212.77,789.464,793.697,656.123,650.831,504.791,501.616,294.197,340.76
166,563,1228.64,1429.71,883.649,527.015,625.433,503.733,477.276,349.227,356.634,298.43,305.838
166,564,986.3,1420.19,665.647,405.314,500.558,548.18,400.023,333.353,332.294,298.43,304.779
166,565,848.726,991.592,571.462,410.606,370.392,437.062,391.557,392.615,335.469,329.12,274.09
166,566,963.019,987.359,448.703,378.858,406.373,373.567,317.479,320.653,342.877,297.372,295.255
166,567,824.386,889.998,403.198,428.596,331.236,285.731,299.488,323.828,331.236,307.954,324.886
166,568,668.822,661.414,333.353,350.285,350.285,347.11,265.624,335.469,243.4,343.935,300.546
166,569,622.258,612.734,355.576,377.8,359.809,335.469,293.139,320.653,327.003,288.906,275.148
166,570,576.753,474.101,338.644,361.926,333.353,313.246,276.206,263.507,306.896,248.692,244.459
167,543,362.984,344.993,923.863,519.607,622.258,539.714,266.682,637.074,697.395,504.791,337.586
167,544,511.141,352.401,1389.5,840.26,816.978,687.87,352.401,818.037,725.968,593.685,317.479
167,545,507.966,439.179,1696.39,1051.91,1066.73,879.416,293.139,965.135,764.065,662.472,354.518
167,546,927.038,735.492,1641.36,1227.58,1147.16,1047.68,315.362,984.184,898.465,787.347,448.703
167,547,1316.48,1341.88,1804.34,1357.75,1270.97,1240.28,324.886,1141.86,1039.21,942.912,478.334
167,548,1345.05,1592.68,1991.65,1459.34,1441.35,1452.99,385.207,1364.1,1199.01,884.707,525.956
167,549,1199.01,1540.83,2131.34,1622.32,1610.67,1613.85,471.985,1331.29,1196.89,840.26,626.491
167,550,1238.17,1793.75,2210.71,1878.42,1716.5,1541.89,535.481,1248.75,1264.62,686.812,688.929
167,551,1210.65,1838.2,2051.97,1835.03,1688.99,1425.48,515.374,1222.29,1274.15,677.288,586.277
167,552,1147.16,1773.65,1930.27,1823.39,1608.56,1303.78,616.967,1298.49,1527.07,659.297,579.928
167,553,1141.86,1572.58,1916.51,1850.9,1618.08,1318.59,696.336,1462.52,1570.46,567.229,448.703
167,554,1115.41,1424.42,2047.74,1824.44,1658.3,1481.57,748.191,1395.85,1459.34,625.433,529.131
167,555,1000.06,1336.59,1796.93,1620.2,1474.16,1358.81,748.191,1094.24,1148.21,706.919,549.238
167,556,931.271,1272.03,1632.9,1400.08,1386.32,1175.73,627.549,777.823,891.057,734.434,500.558
167,557,795.813,1113.29,1627.61,1412.78,1339.76,1090.01,583.102,864.6,769.357,688.929,469.868
167,558,826.503,1275.21,1768.36,1320.71,1333.41,1275.21,595.802,1072.02,704.803,562.995,387.324
167,559,913.28,1260.39,1550.35,1153.51,1063.55,1250.87,578.869,1133.4,807.454,379.916,338.644
167,560,929.154,1150.33,1499.56,991.592,899.523,960.902,528.073,834.969,789.464,344.993,367.217
167,561,1092.13,1224.41,1438.18,870.95,824.386,771.473,465.635,500.558,551.355,343.935,323.828
167,562,1276.26,1686.87,1078.37,606.384,650.831,564.054,382.033,442.354,343.935,333.353,281.498
167,563,1159.86,1765.18,735.492,457.169,455.053,552.413,388.382,408.489,324.886,309.013,331.236
167,564,1055.09,1148.21,556.646,398.965,427.538,468.81,354.518,375.683,320.653,269.857,260.332
167,565,983.126,1019.11,533.364,389.44,426.48,366.159,360.867,317.479,305.838,244.459,286.789
167,566,960.902,1028.63,398.965,403.198,354.518,347.11,340.76,294.197,289.964,315.362,295.255
167,567,849.784,818.037,350.285,412.722,390.499,359.809,313.246,293.139,330.178,354.518,297.372
167,568,749.25,594.743,373.567,355.576,362.984,333.353,297.372,274.09,263.507,302.663,334.411
167,569,601.093,510.082,329.12,366.159,391.557,305.838,348.168,318.537,303.721,276.206,278.323
167,570,503.733,466.694,349.227,340.76,352.401,339.702,336.527,306.896,325.945,305.838,301.605
168,543,387.324,331.236,483.626,370.392,410.606,418.014,283.614,403.198,440.237,391.557,298.43
168,544,416.955,358.751,699.511,452.936,543.947,543.947,305.838,501.616,564.054,405.314,344.993
168,545,603.209,439.179,1023.34,525.956,718.56,693.162,329.12,620.142,604.268,459.286,370.392
168,546,668.822,473.043,1308.01,786.289,819.095,829.678,289.964,830.736,737.609,498.441,327.003
168,547,947.145,782.056,1473.1,1006.41,965.135,991.592,304.779,964.077,878.358,622.258,332.294
168,548,1201.13,1369.39,1644.54,1160.91,963.019,995.825,302.663,1157.74,969.368,693.162,360.867
168,549,1342.93,1514.37,1555.65,1068.84,995.825,1099.53,355.576,1163.03,1047.68,739.725,390.499
168,550,1188.43,1539.77,1476.28,984.184,993.708,1137.63,443.412,1184.2,896.348,714.327,403.198
168,551,1217,1624.43,1473.1,1067.79,1050.85,1121.76,386.266,1045.56,829.678,644.482,416.955
168,552,1228.64,1687.93,1561.99,1165.15,1073.08,1202.19,425.421,953.494,945.028,543.947,348.168
168,553,1241.34,1823.39,1709.09,1151.39,1122.82,1217,407.431,925.979,946.086,572.52,355.576
168,554,1267.8,1865.72,1679.46,1182.08,1077.31,1093.18,436.004,913.28,866.717,570.403,332.294
168,555,1290.02,1738.72,1334.47,1004.29,1021.22,1042.39,437.062,834.969,699.511,536.539,364.042
168,556,1146.1,1628.67,1094.24,916.455,846.61,886.824,436.004,882.591,590.51,514.315,284.673
168,557,1092.13,1586.33,1096.36,893.173,934.445,967.252,407.431,891.057,725.968,464.577,389.44
168,558,1083.66,1491.09,1376.8,977.834,872.008,879.416,448.703,942.912,788.405,349.227,361.926
168,559,1082.6,1370.45,1508.02,931.271,807.454,797.93,476.218,763.007,790.522,324.886,282.556
168,560,1031.81,1311.19,1354.58,772.531,725.968,666.705,431.771,590.51,546.063,343.935,334.411
168,561,1014.87,1419.13,974.659,532.306,637.074,612.734,372.508,458.228,388.382,282.556,298.43
168,562,1119.64,1436.06,639.19,469.868,413.78,534.422,361.926,382.033,324.886,286.789,283.614
168,563,1166.2,1200.07,575.695,419.072,374.625,453.994,357.693,333.353,283.614,293.139,314.304
168,564,1228.64,1171.5,524.898,402.14,409.547,356.634,314.304,355.576,318.537,301.605,231.759
168,565,1067.79,1143.98,423.305,371.45,390.499,346.052,309.013,329.12,309.013,283.614,300.546
168,566,818.037,958.785,370.392,365.1,365.1,339.702,289.964,277.265,284.673,354.518,312.187
168,567,752.424,709.036,355.576,436.004,403.198,344.993,276.206,251.866,271.973,284.673,338.644
168,568,636.016,589.452,353.46,421.188,356.634,342.877,305.838,324.886,332.294,298.43,262.449
168,569,518.548,477.276,361.926,448.703,343.935,321.712,353.46,302.663,317.479,262.449,324.886
168,570,421.188,450.82,400.023,354.518,387.324,348.168,273.032,269.857,334.411,281.498,304.779
169,545,462.461,348.168,701.628,448.703,471.985,456.111,325.945,479.393,440.237,357.693,364.042
169,546,630.724,458.228,792.638,480.451,507.966,595.802,347.11,541.83,558.762,352.401,350.285
169,547,740.783,531.248,967.252,577.811,663.53,688.929,299.488,651.889,644.482,325.945,379.916
169,548,924.921,785.231,1401.14,727.026,809.571,753.483,243.4,674.113,795.813,407.431,380.974
169,549,915.397,1022.28,1617.02,923.863,870.95,815.92,280.439,790.522,832.852,476.218,278.323
169,550,954.552,1187.37,1508.02,897.406,860.367,741.842,338.644,958.785,838.144,462.461,328.061
169,551,1240.28,1422.3,1339.76,911.164,852.959,798.988,338.644,920.688,802.163,374.625,350.285
169,552,1223.35,1482.63,1313.3,964.077,953.494,807.454,360.867,899.523,742.9,410.606,307.954
169,553,1091.07,1404.31,1509.08,985.242,967.252,888.94,331.236,793.697,670.938,351.343,285.731
169,554,956.669,1334.47,1426.54,994.766,917.513,849.784,344.993,756.657,631.782,341.819,310.071
169,555,947.145,1342.93,1310.13,1022.28,888.94,819.095,366.159,661.414,611.676,383.091,358.751
169,556,990.533,1401.14,1226.53,880.474,839.202,733.376,294.197,665.647,688.929,367.217,337.586
169,557,1106.94,1532.36,1174.67,898.465,878.358,697.395,323.828,674.113,695.278,340.76,343.935
169,558,1006.41,1429.71,1292.14,750.308,705.861,673.055,385.207,509.024,710.094,353.46,352.401
169,559,857.192,1223.35,1005.35,546.063,614.85,555.588,394.732,513.257,461.402,307.954,277.265
169,560,796.871,1018.05,743.958,462.461,579.928,595.802,343.935,427.538,439.179,327.003,331.236
169,561,937.62,965.135,551.355,480.451,412.722,465.635,390.499,404.256,356.634,312.187,322.77
169,562,1184.2,1098.48,564.054,400.023,384.149,451.878,352.401,425.421,349.227,286.789,330.178
169,563,1256.16,1213.83,522.781,389.44,371.45,402.14,306.896,311.129,238.109,282.556,298.43
169,564,1048.74,1191.6,430.713,349.227,330.178,336.527,300.546,298.43,292.08,316.42,255.041
169,565,770.415,843.435,327.003,355.576,376.741,352.401,243.4,306.896,269.857,304.779,243.4
169,566,724.91,634.957,359.809,398.965,394.732,340.76,317.479,301.605,296.313,293.139,281.498
169,567,684.696,587.335,431.771,418.014,396.848,384.149,325.945,333.353,301.605,255.041,313.246
169,568,545.005,549.238,405.314,395.79,407.431,380.974,350.285,343.935,315.362,293.139,310.071
169,569,483.626,420.13,411.664,379.916,349.227,358.751,302.663,276.206,266.682,244.459,298.43
169,570,461.402,355.576,364.042,389.44,364.042,317.479,271.973,303.721,282.556,287.847,341.819
170,545,384.149,413.78,522.781,414.839,444.47,375.683,313.246,350.285,325.945,370.392,283.614
170,546,456.111,385.207,728.084,431.771,395.79,374.625,329.12,425.421,405.314,375.683,395.79
170,547,600.035,427.538,668.822,415.897,474.101,429.654,307.954,501.616,433.887,342.877,351.343
170,548,707.977,507.966,707.977,388.382,470.927,588.394,273.032,423.305,464.577,321.712,351.343
170,549,849.784,644.482,876.241,547.122,605.326,616.967,259.274,452.936,559.821,353.46,360.867
170,550,777.823,746.075,1074.14,584.161,681.521,589.452,270.915,458.228,626.491,348.168,338.644
170,551,904.814,895.29,1022.28,493.15,530.189,561.937,312.187,509.024,665.647,320.653,346.052
170,552,1129.17,1181.02,954.552,510.082,594.743,633.899,276.206,528.073,589.452,323.828,300.546
170,553,1310.13,1269.91,973.601,530.189,630.724,668.822,322.77,505.849,545.005,323.828,298.43
170,554,1116.47,1238.17,1109.06,656.123,651.889,667.763,317.479,476.218,484.684,324.886,313.246
170,555,1046.62,1130.22,1082.6,677.288,711.152,584.161,273.032,512.199,497.383,328.061,332.294
170,556,1014.87,1154.56,1118.58,701.628,713.269,576.753,284.673,455.053,476.218,350.285,339.702
170,557,1103.77,1229.7,921.746,538.655,638.132,621.2,289.964,479.393,444.47,346.052,313.246
170,558,1141.86,1280.5,787.347,478.334,507.966,632.841,302.663,418.014,420.13,333.353,307.954
170,559,1004.29,1146.1,637.074,461.402,380.974,519.607,309.013,432.829,367.217,335.469,302.663
170,560,975.718,994.766,576.753,412.722,351.343,408.489,307.954,414.839,318.537,284.673,335.469
170,561,989.475,1006.41,501.616,388.382,365.1,402.14,313.246,379.916,314.304,305.838,323.828
170,562,925.979,989.475,451.878,410.606,346.052,343.935,255.041,372.508,319.595,288.906,309.013
170,563,788.405,900.581,393.674,410.606,353.46,291.022,291.022,305.838,273.032,314.304,269.857
170,564,721.735,739.725,312.187,361.926,374.625,362.984,317.479,283.614,322.77,298.43,250.808
170,565,752.424,626.491,372.508,386.266,342.877,356.634,286.789,287.847,296.313,302.663,281.498
170,566,705.861,555.588,392.615,386.266,378.858,347.11,294.197,329.12,273.032,300.546,305.838
170,567,532.306,568.287,424.363,402.14,422.247,313.246,292.08,309.013,303.721,296.313,264.566
170,568,459.286,434.946,385.207,376.741,413.78,343.935,246.575,275.148,303.721,342.877,263.507
171,547,478.334,365.1,498.441,367.217,339.702,323.828,337.586,376.741,303.721,384.149,346.052
171,548,538.655,386.266,523.84,349.227,353.46,367.217,334.411,373.567,369.333,359.809,335.469
171,549,586.277,573.578,465.635,382.033,327.003,422.247,332.294,442.354,311.129,365.1,294.197
171,550,767.24,710.094,547.122,334.411,436.004,456.111,319.595,494.208,341.819,386.266,289.964
171,551,791.58,725.968,600.035,405.314,354.518,456.111,280.439,392.615,350.285,283.614,281.498
171,552,814.862,738.667,642.365,407.431,387.324,473.043,286.789,416.955,341.819,299.488,244.459
171,553,827.561,874.125,602.151,447.645,384.149,420.13,302.663,368.275,372.508,330.178,304.779
171,554,881.532,1201.13,607.442,455.053,402.14,403.198,316.42,377.8,318.537,325.945,274.09
171,555,831.794,1006.41,698.453,433.887,465.635,477.276,286.789,422.247,320.653,336.527,301.605
171,556,821.211,911.164,720.677,445.528,460.344,489.975,298.43,449.761,358.751,306.896,293.139
171,557,767.24,1025.46,629.666,436.004,468.81,500.558,278.323,426.48,352.401,382.033,282.556
171,558,843.435,1055.09,592.627,411.664,462.461,412.722,269.857,397.907,311.129,300.546,245.517
171,559,905.872,959.844,576.753,418.014,427.538,353.46,286.789,372.508,336.527,328.061,293.139
171,560,837.085,1012.76,537.597,337.586,342.877,379.916,265.624,337.586,263.507,335.469,273.032
171,561,768.298,863.542,389.44,404.256,358.751,343.935,271.973,328.061,350.285,318.537,283.614
171,562,694.22,736.55,384.149,387.324,335.469,328.061,288.906,274.09,374.625,296.313,337.586
171,563,721.735,562.995,313.246,376.741,351.343,352.401,305.838,266.682,314.304,298.43,321.712
171,564,687.87,619.083,325.945,449.761,351.343,280.439,343.935,275.148,299.488,269.857,266.682
171,565,532.306,565.112,347.11,409.547,389.44,348.168,382.033,331.236,256.099,300.546,257.158
171,566,549.238,463.519,347.11,398.965,365.1,300.546,309.013,316.42,307.954,300.546,313.246
171,568,432.829,380.974,340.76,359.809,406.373,311.129,270.915,306.896,289.964,278.323,304.779
172,548,467.752,376.741,407.431,350.285,368.275,370.392,351.343,338.644,342.877,349.227,293.139
172,549,436.004,362.984,413.78,359.809,334.411,311.129,328.061,387.324,333.353,334.411,239.167
172,550,570.403,517.49,489.975,344.993,360.867,383.091,299.488,347.11,402.14,316.42,276.206
172,551,585.219,553.471,500.558,433.887,366.159,330.178,278.323,394.732,354.518,285.731,258.216
172,552,709.036,554.529,548.18,373.567,410.606,343.935,277.265,304.779,337.586,273.032,271.973
172,553,621.2,537.597,611.676,441.295,440.237,348.168,243.4,306.896,349.227,339.702,232.818
172,554,647.656,557.704,574.636,416.955,406.373,352.401,310.071,316.42,318.537,338.644,255.041
172,555,686.812,569.345,538.655,437.062,429.654,365.1,248.692,349.227,374.625,305.838,266.682
172,556,728.084,580.986,531.248,413.78,386.266,383.091,261.391,389.44,379.916,284.673,237.051
172,557,724.91,584.161,483.626,366.159,372.508,370.392,276.206,393.674,375.683,291.022,264.566
172,558,671.996,611.676,468.81,402.14,385.207,372.508,320.653,324.886,367.217,332.294,277.265
172,559,747.133,733.376,422.247,409.547,383.091,378.858,241.284,350.285,347.11,328.061,226.468
172,560,751.366,644.482,395.79,395.79,367.217,336.527,257.158,299.488,297.372,338.644,304.779
172,561,670.938,582.044,375.683,371.45,387.324,352.401,314.304,302.663,295.255,344.993,359.809
172,562,713.269,615.909,359.809,398.965,389.44,343.935,292.08,315.362,303.721,278.323,307.954
172,563,597.918,644.482,346.052,361.926,400.023,317.479,257.158,278.323,322.77,240.226,310.071
172,564,568.287,491.034,375.683,398.965,382.033,343.935,311.129,310.071,251.866,267.74,293.139
172,565,481.509,380.974,415.897,362.984,373.567,312.187,303.721,320.653,264.566,311.129,306.896
173,553,499.5,438.121,393.674,366.159,349.227,312.187,358.751,265.624,289.964,306.896,312.187
173,554,468.81,453.994,385.207,336.527,317.479,371.45,327.003,300.546,287.847,267.74,278.323
173,555,601.093,481.509,359.809,373.567,377.8,389.44,327.003,317.479,305.838,330.178,296.313
173,556,621.2,517.49,387.324,372.508,379.916,327.003,360.867,329.12,336.527,340.76,285.731
173,557,670.938,619.083,351.343,321.712,368.275,380.974,293.139,294.197,344.993,291.022,296.313
173,558,622.258,542.888,357.693,384.149,346.052,379.916,301.605,320.653,320.653,310.071,280.439
173,559,642.365,537.597,317.479,365.1,397.907,331.236,270.915,334.411,298.43,361.926,331.236
173,560,565.112,545.005,336.527,440.237,387.324,355.576,311.129,330.178,260.332,380.974,385.207
173,561,538.655,505.849,346.052,355.576,358.751,357.693,260.332,314.304,335.469,373.567,382.033
173,562,523.84,505.849,387.324,393.674,378.858,347.11,340.76,329.12,293.139,331.236,361.926
173,563,455.053,471.985,382.033,369.333,377.8,346.052,268.799,367.217,297.372,321.712,260.332
173,566,436.004,284.673,377.8,389.44,390.499,299.488,267.74,260.332,304.779,287.847,258.216
174,554,452.936,365.1,331.236,361.926,333.353,340.76,297.372,292.08,275.148,309.013,281.498
174,555,446.587,393.674,369.333,344.993,339.702,253.983,284.673,314.304,229.643,313.246,297.372
174,556,481.509,362.984,366.159,400.023,370.392,317.479,313.246,251.866,292.08,301.605,317.479
174,557,485.742,424.363,339.702,389.44,369.333,358.751,258.216,298.43,268.799,312.187,304.779
174,558,516.432,426.48,330.178,337.586,375.683,319.595,261.391,316.42,346.052,343.935,270.915
174,559,488.917,400.023,372.508,392.615,388.382,352.401,277.265,376.741,296.313,383.091,269.857
174,562,479.393,395.79,355.576,372.508,361.926,322.77,273.032,324.886,331.236,271.973,262.449
174,563,433.887,367.217,370.392,365.1,394.732,331.236,271.973,284.673,312.187,277.265,211.652
174,566,385.207,351.343,419.072,359.809,397.907,352.401,307.954,257.158,270.915,310.071,283.614
175,558,414.839,444.47,394.732,365.1,375.683,318.537,289.964,338.644,286.789,330.178,316.42
175,559,459.286,367.217,391.557,387.324,356.634,333.353,288.906,292.08,303.721,301.605,295.255
