461,62,153.739,307.477,384.347,230.608,230.608,76.8693,76.8693,461.216,538.085,461.216,384.347
462,62,307.477,230.608,461.216,384.347,384.347,76.8693,76.8693,461.216,461.216,307.477,384.347
464,62,230.608,307.477,461.216,384.347,384.347,153.739,76.8693,153.739,153.739,153.739,153.739
485,62,230.608,153.739,153.739,153.739,153.739,153.739,76.8693,230.608,230.608,230.608,153.739
460,63,153.739,307.477,384.347,153.739,153.739,153.739,153.739,307.477,461.216,461.216,307.477
461,63,153.739,384.347,461.216,153.739,307.477,153.739,153.739,538.085,614.955,614.955,538.085
462,63,230.608,307.477,384.347,230.608,307.477,153.739,153.739,384.347,307.477,307.477,384.347
463,63,230.608,307.477,307.477,230.608,384.347,230.608,230.608,153.739,153.739,230.608,230.608
464,63,153.739,307.477,461.216,461.216,461.216,153.739,76.8693,153.739,230.608,230.608,230.608
465,63,230.608,230.608,307.477,461.216,461.216,153.739,153.739,307.477,230.608,153.739,307.477
467,63,230.608,230.608,230.608,307.477,230.608,230.608,230.608,230.608,230.608,230.608,76.8693
468,63,230.608,230.608,307.477,307.477,307.477,153.739,153.739,230.608,230.608,230.608,153.739
473,63,384.347,153.739,307.477,230.608,153.739,153.739,153.739,153.739,153.739,153.739,76.8693
460,64,76.8693,230.608,461.216,230.608,153.739,230.608,153.739,307.477,384.347,461.216,307.477
461,64,76.8693,230.608,384.347,230.608,153.739,230.608,230.608,307.477,230.608,307.477,307.477
463,64,153.739,307.477,307.477,384.347,384.347,538.085,461.216,153.739,230.608,384.347,153.739
464,64,153.739,153.739,230.608,307.477,307.477,230.608,230.608,153.739,307.477,384.347,384.347
465,64,153.739,153.739,230.608,230.608,153.739,307.477,230.608,230.608,230.608,230.608,384.347
473,64,384.347,153.739,384.347,230.608,153.739,230.608,230.608,230.608,76.8693,76.8693,153.739
485,64,384.347,230.608,230.608,307.477,153.739,153.739,153.739,76.8693,76.8693,76.8693,153.739
487,64,230.608,153.739,230.608,153.739,153.739,153.739,153.739,76.8693,230.608,307.477,230.608
463,65,153.739,153.739,384.347,538.085,384.347,461.216,307.477,230.608,230.608,307.477,307.477
464,65,153.739,76.8693,307.477,307.477,153.739,230.608,153.739,153.739,153.739,230.608,384.347
466,65,153.739,153.739,384.347,307.477,230.608,384.347,307.477,153.739,76.8693,153.739,76.8693
473,65,384.347,153.739,307.477,153.739,153.739,384.347,307.477,153.739,153.739,153.739,153.739
474,65,307.477,153.739,230.608,153.739,153.739,307.477,230.608,153.739,76.8693,76.8693,76.8693
481,65,307.477,230.608,153.739,153.739,153.739,76.8693,76.8693,230.608,153.739,153.739,153.739
482,65,461.216,230.608,153.739,230.608,153.739,76.8693,76.8693,153.739,153.739,76.8693,153.739
483,65,461.216,307.477,153.739,153.739,153.739,76.8693,76.8693,153.739,76.8693,76.8693,76.8693
486,65,384.347,153.739,307.477,153.739,76.8693,153.739,153.739,153.739,153.739,153.739,76.8693
462,66,153.739,76.8693,384.347,384.347,461.216,307.477,230.608,230.608,307.477,307.477,230.608
472,66,384.347,230.608,384.347,230.608,230.608,153.739,153.739,153.739,230.608,307.477,307.477
473,66,538.085,230.608,230.608,230.608,153.739,384.347,384.347,76.8693,153.739,153.739,230.608
474,66,384.347,230.608,230.608,153.739,153.739,307.477,230.608,76.8693,76.8693,76.8693,76.8693
481,66,384.347,384.347,230.608,153.739,153.739,76.8693,76.8693,230.608,153.739,153.739,153.739
482,66,461.216,384.347,153.739,230.608,230.608,153.739,153.739,153.739,76.8693,76.8693,76.8693
484,66,461.216,384.347,230.608,153.739,230.608,76.8693,76.8693,153.739,76.8693,76.8693,76.8693
485,66,614.955,230.608,230.608,153.739,230.608,153.739,76.8693,76.8693,76.8693,153.739,76.8693
487,66,384.347,230.608,307.477,307.477,230.608,153.739,76.8693,230.608,153.739,153.739,153.739
460,67,76.8693,76.8693,307.477,307.477,307.477,384.347,307.477,307.477,384.347,384.347,307.477
461,67,76.8693,153.739,384.347,153.739,230.608,307.477,230.608,230.608,230.608,307.477,307.477
471,67,307.477,384.347,922.432,230.608,153.739,153.739,76.8693,153.739,76.8693,153.739,153.739
472,67,384.347,307.477,461.216,230.608,153.739,153.739,153.739,153.739,76.8693,153.739,230.608
473,67,614.955,230.608,230.608,153.739,153.739,307.477,307.477,76.8693,76.8693,76.8693,230.608
474,67,461.216,153.739,307.477,153.739,153.739,307.477,230.608,76.8693,76.8693,76.8693,76.8693
476,67,461.216,307.477,230.608,76.8693,76.8693,153.739,153.739,230.608,153.739,153.739,76.8693
477,67,461.216,230.608,307.477,76.8693,76.8693,153.739,76.8693,230.608,153.739,76.8693,76.8693
478,67,384.347,153.739,230.608,153.739,76.8693,76.8693,76.8693,153.739,153.739,153.739,153.739
479,67,384.347,153.739,230.608,153.739,76.8693,153.739,153.739,153.739,153.739,153.739,153.739
480,67,461.216,230.608,307.477,230.608,153.739,230.608,230.608,153.739,230.608,153.739,153.739
481,67,691.824,307.477,230.608,230.608,153.739,76.8693,153.739,230.608,153.739,76.8693,153.739
482,67,999.301,384.347,230.608,230.608,230.608,153.739,230.608,230.608,153.739,76.8693,76.8693
483,67,999.301,307.477,230.608,153.739,153.739,153.739,76.8693,153.739,153.739,153.739,76.8693
484,67,691.824,307.477,307.477,153.739,230.608,76.8693,153.739,153.739,76.8693,76.8693,76.8693
485,67,1076.17,307.477,307.477,230.608,230.608,153.739,153.739,76.8693,153.739,153.739,76.8693
486,67,922.432,307.477,230.608,153.739,307.477,153.739,76.8693,153.739,153.739,230.608,153.739
487,67,691.824,230.608,230.608,307.477,230.608,230.608,153.739,230.608,153.739,153.739,153.739
488,67,461.216,307.477,153.739,230.608,153.739,153.739,153.739,76.8693,153.739,153.739,76.8693
462,68,153.739,76.8693,230.608,230.608,307.477,461.216,384.347,76.8693,76.8693,153.739,153.739
472,68,614.955,230.608,614.955,230.608,153.739,76.8693,153.739,76.8693,76.8693,76.8693,76.8693
473,68,1383.65,230.608,384.347,153.739,153.739,153.739,153.739,76.8693,76.8693,76.8693,76.8693
474,68,1229.91,230.608,461.216,153.739,153.739,76.8693,76.8693,76.8693,76.8693,76.8693,76.8693
475,68,538.085,384.347,384.347,230.608,153.739,76.8693,76.8693,153.739,230.608,230.608,153.739
476,68,538.085,384.347,230.608,230.608,76.8693,76.8693,76.8693,307.477,384.347,384.347,307.477
477,68,538.085,691.824,384.347,153.739,76.8693,153.739,76.8693,384.347,153.739,153.739,153.739
478,68,691.824,768.693,384.347,230.608,76.8693,153.739,76.8693,153.739,153.739,153.739,153.739
479,68,614.955,614.955,384.347,384.347,230.608,153.739,153.739,76.8693,153.739,153.739,153.739
480,68,768.693,922.432,461.216,384.347,153.739,230.608,307.477,153.739,230.608,153.739,153.739
481,68,1153.04,691.824,230.608,307.477,153.739,153.739,153.739,153.739,230.608,230.608,230.608
482,68,1844.86,922.432,614.955,307.477,153.739,153.739,230.608,307.477,307.477,230.608,153.739
483,68,1998.6,999.301,614.955,153.739,153.739,153.739,153.739,230.608,230.608,230.608,153.739
484,68,1076.17,845.563,461.216,153.739,153.739,153.739,230.608,153.739,153.739,153.739,76.8693
485,68,1229.91,768.693,461.216,230.608,230.608,307.477,230.608,153.739,153.739,230.608,76.8693
486,68,1306.78,691.824,230.608,307.477,230.608,230.608,153.739,230.608,230.608,230.608,153.739
487,68,922.432,461.216,153.739,230.608,230.608,307.477,153.739,307.477,153.739,153.739,153.739
488,68,768.693,461.216,230.608,230.608,153.739,153.739,153.739,153.739,230.608,230.608,76.8693
462,69,153.739,76.8693,230.608,307.477,230.608,307.477,230.608,153.739,76.8693,153.739,153.739
466,69,384.347,153.739,461.216,153.739,153.739,307.477,230.608,230.608,307.477,230.608,230.608
467,69,384.347,153.739,538.085,153.739,153.739,230.608,230.608,461.216,307.477,230.608,230.608
471,69,461.216,538.085,1229.91,461.216,461.216,153.739,153.739,153.739,76.8693,153.739,76.8693
472,69,614.955,538.085,614.955,230.608,230.608,153.739,153.739,153.739,153.739,230.608,76.8693
473,69,1460.52,384.347,614.955,153.739,153.739,76.8693,76.8693,230.608,230.608,230.608,153.739
474,69,1614.26,614.955,768.693,153.739,153.739,76.8693,76.8693,307.477,153.739,153.739,153.739
475,69,922.432,1153.04,768.693,230.608,230.608,76.8693,76.8693,230.608,230.608,307.477,153.739
476,69,922.432,1306.78,384.347,153.739,153.739,76.8693,76.8693,230.608,384.347,461.216,307.477
477,69,538.085,1076.17,538.085,230.608,153.739,230.608,230.608,230.608,230.608,307.477,307.477
478,69,691.824,614.955,845.563,307.477,230.608,230.608,230.608,153.739,153.739,76.8693,230.608
479,69,922.432,691.824,1076.17,461.216,384.347,153.739,153.739,153.739,153.739,153.739,153.739
480,69,1153.04,1614.26,1383.65,384.347,230.608,230.608,230.608,307.477,153.739,153.739,153.739
481,69,1076.17,1614.26,768.693,230.608,230.608,230.608,153.739,230.608,230.608,230.608,230.608
482,69,1460.52,1537.39,1076.17,307.477,230.608,153.739,230.608,230.608,307.477,384.347,230.608
483,69,1844.86,1921.73,1383.65,307.477,153.739,153.739,230.608,384.347,307.477,307.477,230.608
484,69,1614.26,1844.86,999.301,230.608,230.608,307.477,307.477,307.477,230.608,153.739,153.739
485,69,1076.17,1229.91,768.693,307.477,307.477,384.347,230.608,230.608,307.477,307.477,230.608
486,69,999.301,1076.17,384.347,614.955,230.608,230.608,153.739,384.347,461.216,307.477,230.608
487,69,768.693,691.824,230.608,230.608,153.739,307.477,230.608,461.216,230.608,153.739,153.739
488,69,768.693,614.955,307.477,230.608,153.739,153.739,153.739,230.608,153.739,230.608,76.8693
466,70,461.216,153.739,384.347,307.477,153.739,153.739,153.739,384.347,461.216,384.347,384.347
467,70,461.216,307.477,307.477,153.739,153.739,153.739,76.8693,461.216,307.477,230.608,307.477
468,70,384.347,307.477,307.477,230.608,230.608,230.608,153.739,230.608,153.739,153.739,153.739
469,70,384.347,230.608,614.955,230.608,384.347,230.608,230.608,153.739,153.739,230.608,76.8693
470,70,845.563,307.477,1383.65,307.477,538.085,153.739,153.739,230.608,230.608,153.739,76.8693
471,70,1306.78,1153.04,1691.13,307.477,384.347,153.739,153.739,230.608,230.608,307.477,76.8693
472,70,922.432,999.301,768.693,230.608,153.739,153.739,76.8693,230.608,384.347,384.347,230.608
473,70,538.085,768.693,922.432,230.608,153.739,153.739,76.8693,461.216,614.955,461.216,384.347
474,70,768.693,999.301,1076.17,384.347,153.739,153.739,76.8693,691.824,461.216,307.477,384.347
475,70,922.432,999.301,1076.17,768.693,230.608,153.739,76.8693,538.085,230.608,230.608,153.739
476,70,1153.04,1306.78,691.824,461.216,153.739,153.739,153.739,384.347,230.608,307.477,153.739
477,70,538.085,538.085,768.693,614.955,307.477,307.477,307.477,384.347,230.608,307.477,230.608
478,70,614.955,384.347,1306.78,922.432,307.477,384.347,384.347,384.347,230.608,230.608,230.608
479,70,845.563,614.955,1691.13,538.085,307.477,307.477,153.739,384.347,384.347,230.608,230.608
480,70,1306.78,1306.78,2229.21,691.824,230.608,230.608,153.739,768.693,307.477,230.608,153.739
481,70,1229.91,1844.86,1537.39,538.085,230.608,153.739,76.8693,538.085,230.608,230.608,230.608
482,70,1076.17,1767.99,1076.17,614.955,384.347,76.8693,153.739,230.608,384.347,384.347,307.477
483,70,922.432,1537.39,1383.65,691.824,384.347,230.608,307.477,538.085,461.216,384.347,384.347
484,70,1614.26,1614.26,1306.78,691.824,230.608,384.347,307.477,538.085,384.347,230.608,307.477
485,70,1076.17,999.301,922.432,384.347,384.347,307.477,230.608,307.477,384.347,384.347,307.477
486,70,845.563,1229.91,691.824,768.693,384.347,230.608,153.739,384.347,614.955,538.085,461.216
487,70,614.955,691.824,384.347,307.477,153.739,307.477,307.477,461.216,307.477,230.608,307.477
488,70,538.085,461.216,230.608,230.608,230.608,307.477,230.608,307.477,153.739,230.608,76.8693
466,71,384.347,230.608,384.347,230.608,230.608,76.8693,153.739,230.608,230.608,230.608,307.477
467,71,384.347,307.477,384.347,230.608,153.739,230.608,307.477,230.608,153.739,153.739,230.608
468,71,384.347,461.216,691.824,230.608,230.608,461.216,461.216,153.739,153.739,153.739,153.739
469,71,461.216,538.085,845.563,307.477,384.347,461.216,307.477,230.608,307.477,307.477,153.739
470,71,845.563,461.216,1614.26,384.347,384.347,153.739,153.739,614.955,384.347,384.347,230.608
471,71,1537.39,538.085,2306.08,384.347,230.608,153.739,153.739,768.693,384.347,384.347,230.608
472,71,1537.39,691.824,1306.78,461.216,230.608,230.608,153.739,538.085,538.085,538.085,307.477
473,71,691.824,1153.04,1229.91,845.563,384.347,384.347,307.477,614.955,845.563,768.693,614.955
474,71,384.347,1614.26,845.563,1306.78,691.824,384.347,307.477,922.432,845.563,614.955,614.955
475,71,538.085,461.216,691.824,1614.26,691.824,307.477,230.608,1153.04,538.085,384.347,307.477
476,71,691.824,614.955,845.563,691.824,538.085,230.608,230.608,922.432,538.085,384.347,230.608
477,71,614.955,461.216,1076.17,1076.17,999.301,384.347,384.347,1076.17,538.085,307.477,230.608
478,71,999.301,614.955,1229.91,1921.73,922.432,384.347,307.477,1153.04,461.216,384.347,307.477
479,71,999.301,614.955,1383.65,1306.78,538.085,384.347,230.608,922.432,845.563,538.085,461.216
480,71,1383.65,768.693,1691.13,1844.86,845.563,461.216,230.608,1306.78,768.693,461.216,461.216
481,71,1614.26,999.301,1921.73,1691.13,691.824,230.608,230.608,922.432,384.347,307.477,307.477
482,71,2152.34,1460.52,1306.78,1614.26,845.563,153.739,153.739,384.347,538.085,461.216,384.347
483,71,1076.17,845.563,999.301,1460.52,922.432,384.347,384.347,614.955,614.955,461.216,538.085
484,71,1076.17,999.301,1076.17,1614.26,461.216,461.216,307.477,614.955,384.347,307.477,461.216
485,71,768.693,538.085,845.563,691.824,461.216,307.477,153.739,307.477,384.347,461.216,307.477
486,71,768.693,999.301,999.301,999.301,538.085,153.739,153.739,384.347,538.085,538.085,538.085
487,71,691.824,614.955,538.085,384.347,153.739,384.347,461.216,307.477,230.608,230.608,307.477
488,71,384.347,384.347,230.608,307.477,230.608,538.085,538.085,153.739,230.608,307.477,153.739
463,72,461.216,153.739,538.085,230.608,153.739,307.477,307.477,230.608,153.739,153.739,153.739
464,72,461.216,230.608,999.301,307.477,153.739,230.608,153.739,153.739,153.739,153.739,76.8693
465,72,461.216,307.477,768.693,384.347,153.739,153.739,76.8693,230.608,153.739,153.739,76.8693
466,72,922.432,461.216,538.085,230.608,230.608,153.739,230.608,384.347,230.608,153.739,153.739
467,72,691.824,230.608,845.563,230.608,153.739,384.347,461.216,538.085,230.608,153.739,153.739
468,72,461.216,307.477,1460.52,384.347,307.477,461.216,461.216,384.347,230.608,153.739,153.739
469,72,845.563,845.563,1921.73,845.563,384.347,384.347,307.477,384.347,538.085,461.216,230.608
470,72,845.563,1229.91,1614.26,768.693,307.477,307.477,230.608,1076.17,768.693,614.955,384.347
471,72,691.824,384.347,1460.52,614.955,307.477,230.608,230.608,1153.04,614.955,461.216,384.347
472,72,538.085,230.608,999.301,845.563,614.955,461.216,307.477,691.824,461.216,461.216,384.347
473,72,384.347,614.955,922.432,1614.26,1460.52,461.216,384.347,538.085,691.824,691.824,614.955
474,72,384.347,768.693,691.824,2075.47,1537.39,461.216,461.216,691.824,845.563,691.824,845.563
475,72,614.955,384.347,691.824,999.301,922.432,614.955,538.085,1153.04,768.693,614.955,614.955
476,72,768.693,691.824,845.563,230.608,538.085,538.085,461.216,1229.91,1076.17,768.693,614.955
477,72,922.432,768.693,999.301,614.955,1383.65,538.085,384.347,1691.13,1153.04,614.955,614.955
478,72,1229.91,691.824,768.693,1614.26,1691.13,538.085,307.477,1767.99,768.693,614.955,461.216
479,72,1153.04,384.347,999.301,1691.13,1229.91,307.477,230.608,1153.04,1306.78,1076.17,691.824
480,72,999.301,768.693,691.824,2382.95,1767.99,538.085,538.085,1691.13,1229.91,845.563,922.432
481,72,1229.91,461.216,1383.65,2229.21,1614.26,768.693,691.824,1383.65,538.085,538.085,538.085
482,72,1844.86,845.563,1383.65,1921.73,1614.26,384.347,307.477,461.216,614.955,614.955,538.085
483,72,1229.91,538.085,845.563,1537.39,1614.26,538.085,461.216,461.216,614.955,538.085,691.824
484,72,999.301,922.432,1076.17,1921.73,1076.17,614.955,461.216,461.216,307.477,307.477,538.085
485,72,691.824,384.347,614.955,845.563,538.085,230.608,230.608,153.739,307.477,384.347,307.477
486,72,768.693,768.693,845.563,999.301,691.824,153.739,153.739,307.477,307.477,384.347,461.216
487,72,614.955,461.216,538.085,461.216,153.739,307.477,384.347,230.608,76.8693,153.739,230.608
488,72,307.477,384.347,153.739,461.216,307.477,461.216,461.216,76.8693,230.608,307.477,153.739
461,73,153.739,153.739,307.477,461.216,384.347,230.608,230.608,384.347,307.477,307.477,230.608
462,73,230.608,153.739,384.347,153.739,76.8693,230.608,230.608,307.477,230.608,230.608,230.608
463,73,538.085,384.347,538.085,230.608,230.608,230.608,230.608,230.608,153.739,153.739,230.608
464,73,614.955,614.955,1153.04,307.477,461.216,230.608,230.608,153.739,153.739,153.739,76.8693
465,73,461.216,384.347,1153.04,614.955,307.477,153.739,153.739,307.477,384.347,307.477,230.608
466,73,999.301,307.477,999.301,384.347,230.608,153.739,230.608,538.085,538.085,384.347,307.477
467,73,768.693,384.347,1153.04,307.477,153.739,307.477,307.477,768.693,384.347,230.608,307.477
468,73,538.085,461.216,1614.26,384.347,614.955,307.477,230.608,538.085,230.608,230.608,153.739
469,73,1153.04,538.085,2459.82,768.693,845.563,230.608,230.608,691.824,768.693,614.955,307.477
470,73,1229.91,922.432,2075.47,768.693,614.955,384.347,384.347,922.432,922.432,845.563,691.824
471,73,999.301,538.085,768.693,1460.52,768.693,691.824,691.824,614.955,538.085,538.085,614.955
472,73,845.563,538.085,461.216,1460.52,1153.04,1076.17,845.563,384.347,307.477,230.608,384.347
473,73,614.955,538.085,614.955,922.432,1921.73,922.432,614.955,384.347,307.477,307.477,384.347
474,73,614.955,307.477,768.693,999.301,1383.65,538.085,614.955,384.347,461.216,384.347,614.955
475,73,845.563,384.347,999.301,384.347,384.347,845.563,922.432,538.085,614.955,614.955,768.693
476,73,1306.78,691.824,999.301,538.085,307.477,922.432,922.432,845.563,1383.65,1229.91,922.432
477,73,1767.99,845.563,999.301,614.955,845.563,845.563,768.693,1614.26,1614.26,1153.04,1076.17
478,73,1383.65,999.301,768.693,922.432,1460.52,1229.91,1076.17,1537.39,999.301,845.563,768.693
479,73,1383.65,461.216,1383.65,1383.65,1691.13,922.432,768.693,999.301,1537.39,1537.39,922.432
480,73,1229.91,999.301,999.301,1921.73,1844.86,845.563,999.301,1460.52,1460.52,1306.78,1229.91
481,73,1306.78,614.955,691.824,1229.91,1614.26,1537.39,1383.65,1229.91,614.955,614.955,768.693
482,73,1383.65,538.085,922.432,1229.91,1537.39,999.301,614.955,461.216,461.216,538.085,538.085
483,73,1229.91,461.216,614.955,845.563,1614.26,768.693,538.085,384.347,461.216,461.216,614.955
484,73,1306.78,999.301,922.432,1306.78,1306.78,691.824,538.085,307.477,230.608,230.608,461.216
485,73,845.563,538.085,461.216,691.824,614.955,230.608,230.608,153.739,230.608,384.347,307.477
486,73,768.693,538.085,461.216,768.693,691.824,153.739,230.608,307.477,230.608,230.608,307.477
487,73,614.955,384.347,384.347,461.216,230.608,307.477,307.477,230.608,76.8693,76.8693,153.739
488,73,538.085,538.085,230.608,384.347,384.347,230.608,230.608,76.8693,153.739,153.739,153.739
460,74,153.739,76.8693,230.608,307.477,384.347,153.739,153.739,307.477,614.955,691.824,461.216
461,74,230.608,307.477,691.824,153.739,230.608,153.739,153.739,538.085,461.216,461.216,538.085
462,74,307.477,307.477,614.955,230.608,153.739,230.608,153.739,307.477,230.608,153.739,384.347
465,74,461.216,461.216,1998.6,384.347,384.347,153.739,153.739,768.693,384.347,384.347,384.347
466,74,768.693,307.477,1076.17,307.477,307.477,153.739,230.608,307.477,461.216,461.216,461.216
467,74,614.955,768.693,1306.78,845.563,461.216,230.608,307.477,461.216,614.955,461.216,384.347
468,74,768.693,768.693,1921.73,1076.17,461.216,307.477,307.477,691.824,538.085,461.216,230.608
469,74,845.563,691.824,2690.43,384.347,614.955,230.608,230.608,691.824,538.085,538.085,461.216
470,74,691.824,461.216,2229.21,461.216,691.824,384.347,538.085,384.347,384.347,461.216,614.955
471,74,845.563,230.608,845.563,1306.78,1460.52,1153.04,1383.65,307.477,230.608,307.477,461.216
472,74,922.432,461.216,614.955,1229.91,1076.17,1767.99,1460.52,461.216,307.477,230.608,307.477
473,74,845.563,768.693,922.432,461.216,845.563,999.301,691.824,384.347,153.739,153.739,230.608
474,74,999.301,614.955,1306.78,614.955,461.216,384.347,461.216,307.477,153.739,153.739,230.608
475,74,1153.04,538.085,1537.39,999.301,461.216,538.085,768.693,384.347,230.608,307.477,384.347
476,74,1229.91,614.955,1614.26,768.693,538.085,768.693,922.432,384.347,999.301,1076.17,922.432
477,74,1229.91,691.824,1153.04,614.955,768.693,1076.17,1153.04,1076.17,1383.65,1076.17,1306.78
478,74,999.301,922.432,691.824,922.432,768.693,1921.73,1767.99,999.301,768.693,768.693,768.693
479,74,1076.17,768.693,1153.04,768.693,1460.52,1614.26,1383.65,691.824,1229.91,1460.52,922.432
480,74,1229.91,461.216,1153.04,1229.91,1383.65,1229.91,1383.65,845.563,1076.17,1153.04,1153.04
481,74,1691.13,384.347,845.563,614.955,768.693,2152.34,2075.47,691.824,461.216,538.085,691.824
482,74,1767.99,461.216,691.824,768.693,845.563,1614.26,1076.17,384.347,384.347,461.216,384.347
483,74,1537.39,461.216,614.955,384.347,922.432,922.432,614.955,384.347,384.347,384.347,461.216
484,74,1767.99,845.563,768.693,845.563,999.301,768.693,538.085,307.477,230.608,230.608,307.477
485,74,1306.78,691.824,384.347,461.216,461.216,230.608,230.608,230.608,230.608,384.347,230.608
486,74,691.824,614.955,307.477,614.955,538.085,307.477,230.608,230.608,230.608,230.608,230.608
487,74,614.955,384.347,230.608,461.216,230.608,307.477,307.477,153.739,153.739,76.8693,153.739
488,74,691.824,614.955,230.608,230.608,307.477,153.739,76.8693,153.739,76.8693,76.8693,76.8693
459,75,76.8693,153.739,307.477,230.608,153.739,461.216,307.477,230.608,384.347,461.216,230.608
460,75,76.8693,153.739,307.477,153.739,153.739,153.739,76.8693,538.085,614.955,614.955,614.955
461,75,153.739,307.477,845.563,461.216,153.739,230.608,307.477,614.955,307.477,307.477,614.955
462,75,230.608,538.085,768.693,538.085,230.608,614.955,538.085,461.216,153.739,76.8693,307.477
463,75,230.608,461.216,1153.04,461.216,384.347,461.216,384.347,307.477,538.085,461.216,230.608
464,75,230.608,922.432,2613.56,768.693,461.216,153.739,153.739,922.432,1153.04,845.563,691.824
465,75,538.085,307.477,1383.65,691.824,230.608,153.739,153.739,1614.26,614.955,384.347,614.955
466,75,768.693,307.477,922.432,614.955,461.216,307.477,384.347,614.955,230.608,307.477,307.477
467,75,614.955,307.477,1614.26,845.563,1306.78,461.216,461.216,230.608,538.085,691.824,384.347
468,75,999.301,461.216,2229.21,1383.65,999.301,384.347,461.216,461.216,538.085,691.824,538.085
469,75,768.693,999.301,1921.73,461.216,230.608,614.955,614.955,307.477,230.608,307.477,461.216
470,75,614.955,845.563,1076.17,461.216,384.347,845.563,999.301,230.608,307.477,230.608,230.608
471,75,461.216,768.693,691.824,538.085,845.563,1153.04,1229.91,768.693,614.955,461.216,230.608
472,75,461.216,614.955,845.563,307.477,461.216,1076.17,845.563,1076.17,538.085,538.085,384.347
473,75,461.216,691.824,1229.91,384.347,461.216,384.347,307.477,461.216,230.608,230.608,307.477
474,75,691.824,691.824,1691.13,768.693,768.693,307.477,307.477,384.347,384.347,307.477,153.739
475,75,1229.91,768.693,1383.65,1383.65,1076.17,230.608,384.347,845.563,230.608,230.608,153.739
476,75,1537.39,614.955,1691.13,1153.04,538.085,384.347,538.085,384.347,461.216,614.955,538.085
477,75,1306.78,538.085,1229.91,538.085,999.301,845.563,1076.17,461.216,691.824,614.955,999.301
478,75,1076.17,845.563,768.693,1153.04,768.693,1537.39,1614.26,461.216,461.216,461.216,614.955
479,75,1076.17,1153.04,845.563,538.085,768.693,1229.91,1076.17,538.085,691.824,922.432,691.824
480,75,1153.04,845.563,999.301,614.955,845.563,1076.17,1229.91,538.085,538.085,691.824,768.693
481,75,1844.86,691.824,1229.91,538.085,461.216,1691.13,1844.86,307.477,384.347,461.216,384.347
482,75,1614.26,768.693,999.301,999.301,614.955,1460.52,1153.04,384.347,461.216,538.085,384.347
483,75,1076.17,922.432,768.693,384.347,384.347,845.563,691.824,384.347,384.347,307.477,384.347
484,75,1614.26,691.824,768.693,768.693,768.693,768.693,538.085,384.347,230.608,230.608,230.608
485,75,1306.78,845.563,614.955,384.347,384.347,307.477,230.608,307.477,230.608,307.477,230.608
486,75,538.085,691.824,461.216,691.824,538.085,461.216,307.477,230.608,230.608,230.608,230.608
487,75,614.955,384.347,230.608,307.477,230.608,384.347,307.477,153.739,153.739,153.739,153.739
488,75,538.085,538.085,230.608,230.608,230.608,153.739,76.8693,230.608,153.739,76.8693,76.8693
459,76,153.739,230.608,461.216,307.477,153.739,230.608,153.739,614.955,461.216,384.347,307.477
460,76,153.739,461.216,461.216,230.608,153.739,76.8693,153.739,614.955,384.347,307.477,538.085
461,76,153.739,153.739,614.955,922.432,614.955,307.477,461.216,461.216,384.347,307.477,307.477
462,76,230.608,384.347,845.563,1383.65,614.955,538.085,538.085,845.563,461.216,307.477,153.739
463,76,230.608,461.216,1383.65,614.955,538.085,307.477,230.608,845.563,614.955,614.955,384.347
464,76,230.608,538.085,1921.73,384.347,691.824,153.739,153.739,845.563,1229.91,1076.17,1229.91
465,76,691.824,230.608,922.432,1153.04,1076.17,384.347,461.216,1076.17,691.824,461.216,922.432
466,76,922.432,230.608,999.301,1153.04,768.693,461.216,538.085,384.347,230.608,230.608,230.608
467,76,614.955,538.085,1153.04,614.955,1229.91,307.477,307.477,384.347,384.347,461.216,307.477
468,76,1076.17,614.955,1229.91,461.216,999.301,461.216,538.085,461.216,230.608,384.347,461.216
469,76,1153.04,538.085,1306.78,384.347,307.477,999.301,999.301,307.477,230.608,153.739,307.477
470,76,768.693,691.824,1614.26,845.563,461.216,922.432,845.563,461.216,614.955,461.216,307.477
471,76,461.216,1153.04,999.301,1153.04,307.477,461.216,461.216,999.301,1229.91,1076.17,768.693
472,76,461.216,691.824,1076.17,614.955,230.608,307.477,307.477,1537.39,768.693,691.824,768.693
473,76,461.216,768.693,1691.13,461.216,461.216,768.693,614.955,922.432,230.608,307.477,307.477
474,76,614.955,999.301,1537.39,614.955,999.301,768.693,461.216,384.347,691.824,768.693,461.216
475,76,845.563,922.432,1076.17,922.432,1460.52,538.085,538.085,768.693,384.347,307.477,384.347
476,76,1076.17,461.216,845.563,1076.17,691.824,768.693,461.216,307.477,153.739,153.739,230.608
477,76,1537.39,384.347,768.693,538.085,845.563,461.216,691.824,307.477,230.608,230.608,538.085
478,76,1229.91,691.824,1076.17,691.824,845.563,845.563,922.432,307.477,384.347,307.477,307.477
479,76,1383.65,922.432,1306.78,461.216,384.347,538.085,461.216,768.693,461.216,384.347,461.216
480,76,1537.39,999.301,1306.78,538.085,461.216,538.085,614.955,614.955,230.608,307.477,384.347
481,76,1691.13,922.432,1767.99,614.955,538.085,691.824,922.432,307.477,461.216,461.216,230.608
482,76,999.301,1460.52,1767.99,1153.04,768.693,768.693,691.824,461.216,461.216,538.085,461.216
483,76,768.693,1306.78,1229.91,538.085,307.477,614.955,538.085,307.477,307.477,307.477,461.216
484,76,1306.78,691.824,691.824,845.563,691.824,614.955,461.216,230.608,230.608,230.608,230.608
485,76,922.432,922.432,922.432,461.216,307.477,384.347,230.608,230.608,230.608,230.608,230.608
486,76,538.085,614.955,768.693,768.693,461.216,384.347,307.477,230.608,230.608,230.608,153.739
487,76,538.085,384.347,384.347,307.477,230.608,307.477,230.608,153.739,307.477,307.477,230.608
488,76,307.477,384.347,307.477,461.216,230.608,230.608,153.739,230.608,230.608,153.739,230.608
458,77,76.8693,76.8693,153.739,230.608,230.608,153.739,76.8693,384.347,691.824,538.085,384.347
459,77,153.739,153.739,307.477,538.085,307.477,153.739,230.608,999.301,461.216,307.477,461.216
460,77,153.739,461.216,614.955,538.085,230.608,384.347,307.477,691.824,153.739,230.608,230.608
462,77,153.739,307.477,691.824,1306.78,1229.91,538.085,461.216,691.824,691.824,614.955,538.085
463,77,230.608,538.085,1537.39,384.347,384.347,384.347,384.347,768.693,307.477,307.477,461.216
464,77,384.347,384.347,1383.65,307.477,538.085,461.216,384.347,307.477,384.347,384.347,768.693
465,77,691.824,153.739,845.563,461.216,1306.78,614.955,922.432,230.608,230.608,230.608,614.955
466,77,922.432,307.477,1229.91,691.824,922.432,922.432,999.301,307.477,384.347,307.477,230.608
467,77,614.955,768.693,999.301,845.563,461.216,384.347,307.477,614.955,614.955,384.347,230.608
468,77,614.955,691.824,845.563,461.216,307.477,307.477,307.477,922.432,384.347,230.608,153.739
469,77,768.693,307.477,1383.65,538.085,461.216,461.216,461.216,614.955,461.216,307.477,230.608
470,77,614.955,307.477,1460.52,614.955,922.432,307.477,307.477,768.693,538.085,538.085,461.216
471,77,538.085,384.347,768.693,1076.17,922.432,230.608,307.477,691.824,1076.17,1153.04,1153.04
472,77,614.955,307.477,1153.04,691.824,461.216,538.085,768.693,922.432,922.432,691.824,1076.17
473,77,691.824,614.955,1691.13,768.693,538.085,1614.26,1306.78,922.432,230.608,307.477,230.608
474,77,691.824,1076.17,1460.52,614.955,691.824,1076.17,614.955,384.347,538.085,768.693,538.085
475,77,922.432,1537.39,999.301,461.216,1076.17,768.693,999.301,307.477,230.608,307.477,614.955
476,77,922.432,691.824,538.085,922.432,845.563,1383.65,922.432,230.608,153.739,153.739,153.739
477,77,1614.26,922.432,768.693,1229.91,538.085,307.477,307.477,307.477,230.608,230.608,230.608
478,77,1460.52,1076.17,1537.39,691.824,384.347,384.347,384.347,461.216,461.216,307.477,230.608
479,77,1076.17,691.824,1614.26,384.347,384.347,230.608,307.477,1076.17,461.216,230.608,384.347
480,77,1614.26,461.216,1229.91,384.347,384.347,384.347,384.347,538.085,230.608,230.608,230.608
481,77,1691.13,845.563,1460.52,768.693,922.432,230.608,384.347,538.085,538.085,538.085,307.477
482,77,1153.04,1767.99,1998.6,1076.17,922.432,461.216,461.216,538.085,384.347,384.347,538.085
483,77,845.563,1076.17,1229.91,768.693,538.085,461.216,461.216,153.739,230.608,230.608,307.477
484,77,922.432,922.432,614.955,922.432,768.693,538.085,461.216,153.739,230.608,230.608,230.608
485,77,691.824,845.563,922.432,461.216,384.347,307.477,230.608,230.608,230.608,153.739,230.608
486,77,614.955,461.216,538.085,691.824,461.216,230.608,153.739,230.608,153.739,230.608,153.739
487,77,461.216,461.216,384.347,384.347,153.739,153.739,153.739,76.8693,307.477,384.347,307.477
488,77,307.477,384.347,307.477,538.085,230.608,230.608,230.608,307.477,384.347,230.608,307.477
457,78,153.739,76.8693,307.477,307.477,230.608,230.608,153.739,384.347,307.477,384.347,230.608
458,78,153.739,230.608,153.739,461.216,230.608,76.8693,153.739,461.216,691.824,614.955,614.955
459,78,153.739,153.739,153.739,384.347,614.955,538.085,538.085,845.563,384.347,230.608,538.085
460,78,153.739,307.477,461.216,768.693,384.347,845.563,768.693,384.347,76.8693,153.739,153.739
461,78,153.739,230.608,461.216,614.955,922.432,384.347,538.085,153.739,230.608,384.347,307.477
462,78,153.739,384.347,691.824,538.085,922.432,614.955,614.955,230.608,384.347,384.347,691.824
464,78,384.347,461.216,1383.65,230.608,230.608,999.301,768.693,538.085,461.216,230.608,230.608
465,78,538.085,153.739,845.563,461.216,384.347,461.216,691.824,1076.17,384.347,230.608,230.608
466,78,614.955,307.477,1153.04,614.955,461.216,538.085,691.824,691.824,461.216,461.216,307.477
467,78,614.955,384.347,922.432,691.824,691.824,307.477,307.477,384.347,691.824,614.955,538.085
468,78,538.085,461.216,768.693,922.432,768.693,538.085,461.216,691.824,384.347,384.347,384.347
469,78,691.824,538.085,691.824,1691.13,538.085,461.216,384.347,538.085,538.085,538.085,538.085
470,78,845.563,307.477,614.955,691.824,768.693,230.608,230.608,691.824,461.216,384.347,461.216
471,78,691.824,230.608,538.085,845.563,1076.17,230.608,384.347,461.216,384.347,538.085,614.955
472,78,1076.17,307.477,845.563,768.693,614.955,384.347,845.563,307.477,614.955,461.216,768.693
473,78,1460.52,230.608,1076.17,1229.91,768.693,1153.04,1460.52,768.693,384.347,307.477,230.608
474,78,1076.17,999.301,1921.73,614.955,384.347,1076.17,845.563,845.563,384.347,461.216,384.347
475,78,1076.17,1614.26,1537.39,307.477,538.085,614.955,768.693,538.085,230.608,153.739,307.477
476,78,1076.17,691.824,614.955,845.563,1153.04,1076.17,845.563,461.216,153.739,230.608,153.739
477,78,1306.78,922.432,845.563,1614.26,999.301,307.477,230.608,384.347,384.347,307.477,153.739
478,78,1383.65,1383.65,1306.78,1153.04,538.085,461.216,307.477,999.301,845.563,538.085,384.347
479,78,1076.17,922.432,1306.78,614.955,461.216,384.347,384.347,1229.91,461.216,307.477,461.216
480,78,1153.04,614.955,845.563,922.432,461.216,538.085,538.085,614.955,538.085,461.216,230.608
481,78,1614.26,1306.78,1229.91,1383.65,1229.91,230.608,230.608,1076.17,691.824,538.085,461.216
482,78,1383.65,1691.13,1767.99,768.693,768.693,538.085,538.085,614.955,307.477,307.477,384.347
483,78,614.955,1076.17,922.432,1076.17,845.563,538.085,461.216,153.739,230.608,230.608,153.739
484,78,461.216,1306.78,768.693,845.563,845.563,461.216,307.477,230.608,307.477,307.477,230.608
485,78,538.085,614.955,614.955,384.347,461.216,230.608,153.739,307.477,230.608,153.739,230.608
486,78,538.085,614.955,307.477,461.216,461.216,230.608,153.739,230.608,153.739,153.739,153.739
487,78,384.347,691.824,307.477,307.477,230.608,153.739,153.739,76.8693,307.477,384.347,307.477
488,78,307.477,384.347,230.608,384.347,307.477,153.739,230.608,307.477,461.216,307.477,384.347
455,79,153.739,76.8693,307.477,153.739,153.739,153.739,76.8693,461.216,153.739,230.608,153.739
457,79,153.739,76.8693,230.608,461.216,538.085,384.347,384.347,384.347,384.347,307.477,230.608
458,79,153.739,230.608,153.739,691.824,307.477,230.608,230.608,538.085,461.216,384.347,538.085
459,79,153.739,153.739,153.739,307.477,461.216,538.085,691.824,614.955,230.608,153.739,384.347
460,79,153.739,230.608,307.477,538.085,538.085,1076.17,999.301,230.608,76.8693,76.8693,76.8693
464,79,307.477,538.085,1537.39,307.477,230.608,691.824,614.955,614.955,999.301,768.693,538.085
465,79,538.085,230.608,768.693,1153.04,614.955,307.477,230.608,1153.04,768.693,461.216,538.085
466,79,461.216,153.739,768.693,922.432,538.085,153.739,230.608,845.563,230.608,230.608,307.477
467,79,461.216,307.477,691.824,384.347,845.563,307.477,384.347,230.608,307.477,307.477,461.216
468,79,538.085,768.693,768.693,768.693,1306.78,691.824,768.693,461.216,307.477,230.608,307.477
469,79,922.432,538.085,614.955,1229.91,1153.04,768.693,691.824,691.824,538.085,538.085,461.216
470,79,1076.17,230.608,614.955,384.347,538.085,384.347,461.216,922.432,461.216,461.216,461.216
471,79,999.301,384.347,614.955,691.824,922.432,461.216,461.216,461.216,230.608,153.739,230.608
472,79,1076.17,384.347,538.085,1153.04,922.432,461.216,461.216,153.739,384.347,307.477,230.608
473,79,1460.52,768.693,614.955,1767.99,922.432,384.347,768.693,614.955,768.693,614.955,307.477
474,79,1537.39,691.824,1383.65,614.955,230.608,691.824,845.563,999.301,691.824,461.216,461.216
475,79,1383.65,614.955,1460.52,922.432,384.347,691.824,538.085,845.563,307.477,153.739,307.477
476,79,1383.65,307.477,768.693,1076.17,1076.17,691.824,384.347,461.216,230.608,230.608,153.739
477,79,1306.78,307.477,768.693,768.693,1229.91,230.608,230.608,845.563,845.563,538.085,307.477
478,79,999.301,768.693,1229.91,384.347,768.693,461.216,307.477,1537.39,922.432,614.955,768.693
479,79,691.824,999.301,1614.26,614.955,614.955,538.085,691.824,845.563,538.085,461.216,538.085
480,79,691.824,614.955,1153.04,1844.86,1383.65,614.955,691.824,845.563,999.301,768.693,461.216
481,79,1076.17,845.563,999.301,1383.65,1306.78,384.347,384.347,1306.78,691.824,614.955,614.955
482,79,845.563,999.301,999.301,922.432,614.955,768.693,768.693,461.216,230.608,230.608,384.347
483,79,461.216,1383.65,768.693,1383.65,1076.17,614.955,461.216,307.477,384.347,384.347,153.739
484,79,384.347,1153.04,922.432,538.085,691.824,461.216,307.477,461.216,461.216,461.216,307.477
485,79,461.216,461.216,461.216,384.347,384.347,384.347,230.608,384.347,307.477,230.608,307.477
486,79,307.477,691.824,307.477,384.347,384.347,384.347,230.608,153.739,153.739,153.739,153.739
487,79,230.608,461.216,384.347,230.608,307.477,153.739,153.739,76.8693,230.608,307.477,230.608
488,79,230.608,230.608,153.739,230.608,307.477,230.608,230.608,307.477,461.216,384.347,461.216
453,80,153.739,76.8693,153.739,76.8693,76.8693,153.739,76.8693,153.739,230.608,384.347,153.739
456,80,153.739,76.8693,153.739,230.608,153.739,230.608,230.608,230.608,230.608,307.477,230.608
457,80,153.739,76.8693,153.739,307.477,614.955,461.216,461.216,230.608,384.347,384.347,307.477
458,80,153.739,153.739,153.739,461.216,461.216,538.085,461.216,461.216,538.085,384.347,461.216
460,80,153.739,230.608,230.608,461.216,538.085,538.085,538.085,384.347,153.739,153.739,76.8693
461,80,153.739,307.477,461.216,691.824,614.955,153.739,153.739,230.608,538.085,461.216,230.608
462,80,153.739,538.085,999.301,384.347,307.477,76.8693,153.739,691.824,461.216,384.347,230.608
463,80,307.477,614.955,1153.04,153.739,153.739,153.739,230.608,614.955,230.608,307.477,230.608
464,80,230.608,307.477,1153.04,307.477,461.216,230.608,230.608,230.608,538.085,691.824,768.693
465,80,307.477,307.477,845.563,538.085,1076.17,384.347,538.085,384.347,614.955,538.085,614.955
466,80,538.085,384.347,691.824,461.216,538.085,614.955,845.563,538.085,230.608,153.739,153.739
467,80,691.824,691.824,999.301,538.085,307.477,845.563,691.824,307.477,230.608,230.608,153.739
468,80,691.824,691.824,922.432,384.347,768.693,384.347,461.216,461.216,614.955,538.085,230.608
469,80,691.824,307.477,538.085,230.608,614.955,538.085,614.955,999.301,999.301,768.693,461.216
470,80,691.824,538.085,1306.78,384.347,384.347,384.347,384.347,1537.39,538.085,461.216,461.216
471,80,768.693,922.432,1153.04,307.477,845.563,691.824,614.955,538.085,230.608,230.608,230.608
472,80,922.432,538.085,538.085,1460.52,1767.99,538.085,384.347,307.477,461.216,461.216,230.608
473,80,999.301,1076.17,614.955,1921.73,1383.65,230.608,384.347,845.563,768.693,691.824,614.955
474,80,1229.91,1153.04,691.824,691.824,384.347,538.085,922.432,768.693,538.085,461.216,691.824
475,80,1537.39,461.216,922.432,1460.52,999.301,1153.04,999.301,384.347,230.608,153.739,384.347
476,80,1460.52,230.608,999.301,1767.99,922.432,768.693,461.216,461.216,614.955,384.347,230.608
477,80,1460.52,230.608,768.693,768.693,538.085,230.608,230.608,1537.39,1076.17,691.824,691.824
478,80,1460.52,461.216,999.301,538.085,384.347,230.608,307.477,1306.78,614.955,461.216,922.432
479,80,768.693,768.693,1844.86,1767.99,1153.04,691.824,922.432,538.085,691.824,691.824,538.085
480,80,538.085,614.955,1229.91,2075.47,2152.34,538.085,614.955,1076.17,1153.04,922.432,768.693
481,80,999.301,461.216,538.085,999.301,845.563,691.824,768.693,845.563,538.085,461.216,768.693
482,80,691.824,768.693,538.085,1537.39,1076.17,999.301,999.301,230.608,307.477,307.477,307.477
483,80,384.347,999.301,691.824,1153.04,1076.17,614.955,461.216,384.347,461.216,538.085,307.477
484,80,307.477,538.085,614.955,614.955,307.477,461.216,384.347,461.216,461.216,538.085,461.216
485,80,307.477,384.347,307.477,845.563,384.347,538.085,384.347,307.477,230.608,230.608,307.477
486,80,230.608,384.347,384.347,538.085,384.347,461.216,384.347,153.739,153.739,153.739,153.739
487,80,307.477,307.477,461.216,230.608,230.608,153.739,153.739,153.739,230.608,307.477,153.739
488,80,230.608,307.477,153.739,307.477,153.739,384.347,307.477,230.608,307.477,307.477,384.347
453,81,153.739,76.8693,153.739,76.8693,76.8693,230.608,153.739,307.477,153.739,230.608,153.739
454,81,153.739,76.8693,153.739,76.8693,76.8693,153.739,153.739,153.739,461.216,538.085,461.216
456,81,153.739,76.8693,230.608,307.477,153.739,538.085,384.347,384.347,230.608,153.739,153.739
457,81,230.608,153.739,153.739,230.608,307.477,230.608,307.477,307.477,307.477,307.477,307.477
458,81,153.739,153.739,153.739,307.477,384.347,538.085,538.085,307.477,538.085,461.216,461.216
460,81,153.739,230.608,307.477,538.085,461.216,307.477,307.477,384.347,230.608,230.608,230.608
461,81,153.739,384.347,384.347,691.824,614.955,307.477,153.739,153.739,307.477,384.347,384.347
464,81,307.477,768.693,768.693,153.739,307.477,691.824,614.955,614.955,153.739,153.739,230.608
465,81,307.477,538.085,691.824,384.347,384.347,384.347,538.085,307.477,230.608,307.477,307.477
466,81,307.477,461.216,845.563,845.563,461.216,922.432,1153.04,307.477,538.085,461.216,307.477
467,81,538.085,461.216,1076.17,999.301,538.085,1537.39,1076.17,461.216,384.347,307.477,230.608
468,81,538.085,384.347,845.563,307.477,230.608,461.216,307.477,384.347,538.085,614.955,461.216
469,81,691.824,230.608,691.824,230.608,230.608,384.347,461.216,538.085,1153.04,999.301,922.432
470,81,538.085,307.477,1076.17,384.347,384.347,691.824,922.432,999.301,461.216,384.347,614.955
471,81,538.085,384.347,922.432,538.085,461.216,1306.78,999.301,384.347,384.347,461.216,153.739
472,81,1229.91,307.477,691.824,999.301,1537.39,461.216,307.477,614.955,845.563,691.824,384.347
473,81,1537.39,538.085,845.563,999.301,1076.17,538.085,384.347,1383.65,691.824,461.216,614.955
474,81,1076.17,845.563,768.693,384.347,538.085,614.955,845.563,922.432,230.608,153.739,461.216
475,81,845.563,768.693,768.693,845.563,1614.26,691.824,845.563,384.347,461.216,384.347,153.739
476,81,845.563,461.216,922.432,1460.52,1306.78,384.347,384.347,922.432,1153.04,768.693,538.085
477,81,999.301,153.739,538.085,922.432,461.216,153.739,230.608,1844.86,922.432,614.955,999.301
478,81,922.432,614.955,614.955,845.563,768.693,614.955,768.693,1076.17,538.085,461.216,614.955
479,81,461.216,1153.04,1153.04,1691.13,1998.6,922.432,922.432,999.301,999.301,922.432,538.085
480,81,307.477,845.563,691.824,1460.52,1691.13,461.216,461.216,1153.04,768.693,691.824,922.432
481,81,461.216,538.085,384.347,1844.86,999.301,1076.17,1153.04,384.347,307.477,384.347,614.955
482,81,307.477,614.955,384.347,1844.86,1614.26,768.693,845.563,307.477,384.347,461.216,307.477
483,81,307.477,461.216,461.216,614.955,768.693,384.347,384.347,461.216,384.347,384.347,461.216
484,81,307.477,384.347,384.347,768.693,384.347,461.216,384.347,230.608,230.608,230.608,461.216
485,81,230.608,384.347,230.608,845.563,691.824,461.216,384.347,153.739,153.739,153.739,230.608
487,81,307.477,307.477,307.477,230.608,153.739,153.739,153.739,230.608,153.739,153.739,153.739
454,82,153.739,76.8693,230.608,76.8693,76.8693,230.608,153.739,153.739,153.739,230.608,230.608
456,82,153.739,153.739,230.608,230.608,230.608,845.563,614.955,230.608,307.477,307.477,230.608
457,82,230.608,153.739,153.739,230.608,153.739,230.608,230.608,461.216,230.608,230.608,230.608
458,82,153.739,153.739,153.739,230.608,307.477,307.477,307.477,307.477,230.608,230.608,307.477
460,82,153.739,230.608,307.477,614.955,538.085,461.216,461.216,230.608,153.739,153.739,230.608
461,82,153.739,307.477,461.216,538.085,461.216,307.477,230.608,230.608,153.739,153.739,153.739
463,82,230.608,307.477,768.693,230.608,153.739,691.824,845.563,691.824,845.563,691.824,461.216
464,82,307.477,691.824,1076.17,384.347,230.608,538.085,461.216,845.563,384.347,307.477,307.477
465,82,307.477,845.563,1153.04,691.824,538.085,384.347,230.608,307.477,230.608,230.608,230.608
466,82,384.347,691.824,999.301,845.563,922.432,461.216,538.085,307.477,538.085,691.824,538.085
467,82,461.216,461.216,845.563,384.347,538.085,614.955,538.085,461.216,614.955,538.085,461.216
468,82,384.347,307.477,614.955,384.347,153.739,307.477,384.347,538.085,230.608,307.477,307.477
469,82,384.347,307.477,922.432,691.824,230.608,384.347,461.216,384.347,614.955,691.824,768.693
470,82,538.085,845.563,1076.17,614.955,538.085,845.563,1383.65,384.347,230.608,230.608,538.085
471,82,614.955,1076.17,922.432,1229.91,614.955,1767.99,1460.52,153.739,384.347,614.955,230.608
472,82,538.085,384.347,845.563,999.301,768.693,461.216,384.347,461.216,999.301,999.301,614.955
473,82,768.693,307.477,845.563,461.216,461.216,1229.91,999.301,999.301,614.955,384.347,614.955
474,82,691.824,538.085,691.824,230.608,307.477,1383.65,999.301,691.824,384.347,384.347,230.608
475,82,691.824,845.563,922.432,307.477,999.301,461.216,384.347,538.085,922.432,845.563,461.216
476,82,845.563,614.955,922.432,538.085,1153.04,307.477,230.608,922.432,1153.04,922.432,1076.17
477,82,768.693,230.608,461.216,538.085,691.824,614.955,614.955,999.301,768.693,538.085,922.432
478,82,691.824,538.085,691.824,538.085,999.301,1076.17,1306.78,922.432,1076.17,922.432,461.216
479,82,384.347,999.301,922.432,691.824,1537.39,691.824,691.824,1306.78,1153.04,1153.04,845.563
480,82,384.347,614.955,614.955,1229.91,1153.04,1076.17,922.432,691.824,461.216,538.085,845.563
481,82,384.347,461.216,307.477,2152.34,1691.13,1460.52,1153.04,230.608,384.347,538.085,384.347
482,82,230.608,307.477,307.477,999.301,1153.04,461.216,384.347,538.085,538.085,538.085,384.347
483,82,230.608,230.608,307.477,538.085,384.347,461.216,384.347,384.347,230.608,230.608,384.347
484,82,307.477,307.477,307.477,691.824,768.693,461.216,384.347,153.739,76.8693,76.8693,230.608
456,83,153.739,153.739,230.608,153.739,153.739,538.085,461.216,153.739,307.477,307.477,307.477
457,83,153.739,153.739,153.739,153.739,153.739,307.477,307.477,307.477,384.347,307.477,307.477
459,83,153.739,230.608,230.608,307.477,384.347,307.477,307.477,307.477,153.739,153.739,230.608
461,83,153.739,153.739,384.347,845.563,384.347,153.739,153.739,230.608,230.608,230.608,153.739
462,83,230.608,461.216,384.347,691.824,230.608,153.739,153.739,384.347,538.085,538.085,384.347
463,83,307.477,538.085,384.347,384.347,230.608,153.739,230.608,538.085,538.085,614.955,768.693
464,83,307.477,461.216,691.824,538.085,461.216,461.216,538.085,307.477,153.739,230.608,384.347
465,83,307.477,538.085,922.432,461.216,691.824,922.432,768.693,230.608,153.739,153.739,153.739
466,83,307.477,384.347,845.563,307.477,538.085,538.085,384.347,538.085,307.477,538.085,384.347
467,83,461.216,307.477,691.824,230.608,230.608,384.347,307.477,461.216,538.085,614.955,614.955
468,83,461.216,384.347,538.085,768.693,614.955,691.824,691.824,614.955,384.347,230.608,230.608
469,83,384.347,384.347,922.432,922.432,614.955,614.955,461.216,461.216,230.608,307.477,307.477
471,83,768.693,768.693,1153.04,1229.91,845.563,1153.04,922.432,153.739,230.608,384.347,230.608
472,83,768.693,384.347,768.693,1460.52,538.085,307.477,384.347,230.608,461.216,538.085,614.955
473,83,538.085,384.347,538.085,691.824,307.477,1229.91,1383.65,307.477,307.477,230.608,461.216
474,83,614.955,614.955,614.955,230.608,230.608,1537.39,1306.78,384.347,461.216,538.085,307.477
475,83,614.955,845.563,922.432,307.477,307.477,691.824,538.085,538.085,768.693,768.693,845.563
476,83,538.085,768.693,768.693,614.955,461.216,768.693,691.824,614.955,614.955,538.085,1076.17
477,83,461.216,230.608,461.216,845.563,538.085,1306.78,1229.91,614.955,768.693,768.693,614.955
478,83,461.216,538.085,384.347,614.955,538.085,922.432,1153.04,922.432,1153.04,1229.91,845.563
479,83,384.347,614.955,461.216,614.955,691.824,768.693,922.432,768.693,691.824,845.563,1153.04
480,83,307.477,538.085,384.347,1076.17,1383.65,1921.73,1691.13,230.608,307.477,538.085,614.955
481,83,307.477,538.085,230.608,999.301,1460.52,1153.04,845.563,307.477,461.216,614.955,384.347
482,83,230.608,153.739,307.477,538.085,461.216,691.824,461.216,384.347,384.347,384.347,461.216
483,83,230.608,153.739,230.608,691.824,384.347,845.563,614.955,230.608,153.739,153.739,230.608
484,83,230.608,230.608,307.477,384.347,461.216,461.216,384.347,230.608,230.608,230.608,76.8693
485,83,153.739,153.739,307.477,307.477,230.608,153.739,153.739,384.347,230.608,230.608,153.739
486,83,153.739,153.739,153.739,384.347,230.608,230.608,153.739,230.608,153.739,153.739,153.739
455,84,153.739,76.8693,153.739,230.608,76.8693,230.608,153.739,307.477,153.739,153.739,153.739
456,84,153.739,153.739,153.739,153.739,76.8693,230.608,153.739,230.608,153.739,230.608,153.739
457,84,153.739,153.739,153.739,153.739,153.739,307.477,307.477,230.608,230.608,307.477,307.477
459,84,153.739,153.739,230.608,461.216,230.608,230.608,230.608,384.347,307.477,230.608,153.739
461,84,230.608,153.739,153.739,614.955,768.693,153.739,153.739,384.347,230.608,230.608,153.739
462,84,230.608,230.608,307.477,999.301,461.216,153.739,230.608,384.347,230.608,230.608,307.477
463,84,307.477,384.347,307.477,845.563,461.216,384.347,538.085,230.608,153.739,153.739,461.216
464,84,230.608,384.347,538.085,691.824,461.216,922.432,845.563,153.739,230.608,230.608,153.739
465,84,307.477,538.085,614.955,384.347,461.216,845.563,691.824,384.347,538.085,384.347,230.608
466,84,384.347,614.955,461.216,307.477,230.608,384.347,230.608,538.085,230.608,230.608,230.608
467,84,384.347,384.347,538.085,307.477,307.477,307.477,307.477,230.608,307.477,307.477,384.347
468,84,384.347,384.347,845.563,614.955,768.693,538.085,614.955,461.216,461.216,230.608,384.347
469,84,461.216,999.301,922.432,922.432,614.955,614.955,538.085,768.693,307.477,230.608,153.739
470,84,384.347,768.693,922.432,384.347,461.216,384.347,461.216,691.824,307.477,230.608,153.739
471,84,384.347,461.216,922.432,461.216,1076.17,384.347,307.477,384.347,153.739,153.739,230.608
472,84,461.216,538.085,845.563,691.824,1076.17,153.739,230.608,230.608,153.739,153.739,230.608
473,84,538.085,538.085,691.824,691.824,538.085,461.216,691.824,384.347,307.477,230.608,153.739
474,84,461.216,614.955,614.955,307.477,230.608,614.955,691.824,691.824,461.216,461.216,307.477
475,84,384.347,845.563,691.824,230.608,384.347,384.347,461.216,614.955,384.347,384.347,614.955
476,84,384.347,768.693,691.824,999.301,768.693,614.955,768.693,384.347,538.085,538.085,461.216
477,84,461.216,307.477,307.477,1383.65,845.563,845.563,999.301,614.955,845.563,845.563,538.085
478,84,307.477,538.085,307.477,768.693,614.955,768.693,768.693,691.824,614.955,768.693,999.301
479,84,307.477,461.216,307.477,538.085,614.955,1537.39,1383.65,307.477,307.477,461.216,768.693
480,84,230.608,461.216,230.608,538.085,922.432,1460.52,1306.78,230.608,307.477,538.085,307.477
481,84,307.477,307.477,230.608,461.216,538.085,614.955,538.085,230.608,307.477,384.347,384.347
482,84,230.608,153.739,307.477,538.085,384.347,845.563,691.824,153.739,153.739,153.739,307.477
483,84,153.739,153.739,153.739,384.347,538.085,614.955,538.085,76.8693,230.608,230.608,153.739
484,84,153.739,153.739,230.608,230.608,230.608,230.608,230.608,307.477,384.347,384.347,230.608
485,84,153.739,153.739,153.739,384.347,230.608,230.608,230.608,307.477,307.477,230.608,230.608
486,84,153.739,230.608,153.739,307.477,307.477,538.085,384.347,153.739,76.8693,76.8693,153.739
487,84,153.739,153.739,230.608,153.739,230.608,461.216,307.477,153.739,153.739,153.739,76.8693
459,85,230.608,76.8693,153.739,461.216,461.216,307.477,307.477,384.347,461.216,384.347,384.347
460,85,230.608,76.8693,153.739,691.824,384.347,153.739,153.739,538.085,384.347,307.477,307.477
461,85,230.608,153.739,153.739,614.955,614.955,153.739,153.739,461.216,307.477,230.608,307.477
462,85,230.608,230.608,153.739,691.824,768.693,230.608,307.477,384.347,230.608,153.739,230.608
463,85,307.477,230.608,230.608,614.955,768.693,461.216,538.085,153.739,230.608,307.477,153.739
464,85,307.477,307.477,307.477,461.216,538.085,461.216,384.347,153.739,538.085,768.693,230.608
465,85,384.347,307.477,461.216,307.477,307.477,230.608,230.608,614.955,691.824,768.693,538.085
466,85,384.347,307.477,384.347,384.347,230.608,614.955,461.216,999.301,384.347,230.608,307.477
467,85,384.347,384.347,384.347,384.347,384.347,691.824,461.216,614.955,307.477,307.477,230.608
468,85,307.477,307.477,768.693,1229.91,1153.04,307.477,384.347,384.347,614.955,538.085,384.347
469,85,307.477,691.824,999.301,1460.52,922.432,614.955,614.955,538.085,691.824,538.085,384.347
470,85,461.216,768.693,922.432,384.347,384.347,845.563,461.216,461.216,461.216,384.347,384.347
471,85,384.347,538.085,768.693,384.347,461.216,538.085,307.477,307.477,230.608,230.608,230.608
472,85,384.347,384.347,845.563,768.693,614.955,230.608,153.739,307.477,461.216,461.216,153.739
473,85,538.085,384.347,691.824,845.563,538.085,153.739,153.739,691.824,614.955,461.216,307.477
474,85,538.085,461.216,461.216,538.085,307.477,230.608,230.608,845.563,461.216,307.477,461.216
475,85,307.477,614.955,538.085,230.608,461.216,307.477,307.477,384.347,307.477,384.347,384.347
476,85,307.477,384.347,538.085,614.955,1076.17,461.216,538.085,230.608,614.955,768.693,384.347
477,85,384.347,230.608,307.477,691.824,1076.17,538.085,614.955,384.347,614.955,691.824,691.824
478,85,307.477,153.739,307.477,538.085,538.085,1153.04,1153.04,307.477,384.347,461.216,614.955
479,85,307.477,230.608,230.608,538.085,384.347,1537.39,1306.78,230.608,384.347,538.085,307.477
480,85,230.608,230.608,153.739,307.477,384.347,845.563,614.955,307.477,307.477,384.347,230.608
481,85,230.608,153.739,230.608,384.347,307.477,845.563,538.085,230.608,76.8693,153.739,230.608
482,85,230.608,76.8693,230.608,307.477,384.347,614.955,461.216,76.8693,76.8693,153.739,153.739
483,85,230.608,153.739,153.739,153.739,384.347,230.608,230.608,153.739,230.608,307.477,153.739
484,85,153.739,76.8693,153.739,153.739,153.739,230.608,153.739,230.608,307.477,307.477,307.477
459,86,153.739,76.8693,153.739,230.608,538.085,538.085,461.216,230.608,230.608,307.477,307.477
460,86,153.739,76.8693,153.739,461.216,538.085,614.955,461.216,307.477,230.608,230.608,307.477
461,86,230.608,76.8693,153.739,691.824,538.085,384.347,384.347,230.608,230.608,230.608,307.477
462,86,230.608,153.739,153.739,691.824,538.085,307.477,307.477,230.608,230.608,307.477,230.608
463,86,307.477,153.739,230.608,691.824,538.085,307.477,230.608,230.608,153.739,307.477,230.608
464,86,307.477,230.608,230.608,538.085,307.477,153.739,153.739,230.608,461.216,538.085,384.347
465,86,307.477,384.347,230.608,384.347,230.608,384.347,461.216,691.824,768.693,691.824,691.824
466,86,384.347,230.608,230.608,461.216,307.477,1076.17,922.432,1076.17,614.955,461.216,461.216
467,86,307.477,230.608,384.347,691.824,538.085,922.432,614.955,614.955,307.477,384.347,384.347
468,86,307.477,461.216,461.216,538.085,1537.39,230.608,230.608,230.608,307.477,461.216,461.216
469,86,307.477,461.216,614.955,538.085,999.301,538.085,768.693,461.216,307.477,384.347,538.085
470,86,307.477,461.216,614.955,461.216,307.477,1076.17,999.301,538.085,230.608,230.608,461.216
471,86,307.477,691.824,691.824,461.216,538.085,691.824,614.955,384.347,230.608,307.477,230.608
472,86,307.477,384.347,691.824,768.693,768.693,230.608,153.739,307.477,461.216,538.085,307.477
473,86,384.347,307.477,614.955,922.432,614.955,230.608,307.477,384.347,461.216,384.347,538.085
474,86,384.347,538.085,614.955,538.085,384.347,614.955,614.955,384.347,230.608,230.608,384.347
475,86,307.477,691.824,614.955,384.347,307.477,845.563,691.824,230.608,307.477,384.347,307.477
476,86,307.477,384.347,461.216,922.432,538.085,614.955,461.216,307.477,384.347,538.085,538.085
477,86,384.347,230.608,307.477,999.301,461.216,538.085,538.085,230.608,307.477,384.347,538.085
478,86,384.347,153.739,307.477,1076.17,461.216,768.693,922.432,153.739,307.477,538.085,384.347
479,86,307.477,153.739,307.477,614.955,384.347,691.824,691.824,153.739,384.347,538.085,307.477
480,86,230.608,153.739,153.739,230.608,230.608,845.563,614.955,153.739,153.739,230.608,307.477
481,86,230.608,76.8693,230.608,230.608,307.477,845.563,614.955,153.739,76.8693,153.739,153.739
482,86,230.608,76.8693,153.739,153.739,230.608,384.347,230.608,153.739,153.739,153.739,76.8693
483,86,153.739,76.8693,153.739,153.739,153.739,307.477,153.739,153.739,153.739,153.739,153.739
457,87,230.608,76.8693,153.739,153.739,230.608,538.085,384.347,230.608,307.477,307.477,230.608
458,87,230.608,153.739,153.739,230.608,153.739,307.477,230.608,384.347,307.477,230.608,230.608
460,87,230.608,76.8693,230.608,230.608,461.216,691.824,614.955,307.477,230.608,153.739,153.739
461,87,230.608,153.739,230.608,307.477,538.085,538.085,538.085,307.477,153.739,153.739,153.739
462,87,230.608,153.739,230.608,384.347,461.216,307.477,307.477,230.608,307.477,230.608,230.608
463,87,307.477,153.739,230.608,538.085,461.216,230.608,230.608,461.216,307.477,230.608,230.608
464,87,307.477,230.608,153.739,614.955,384.347,230.608,230.608,538.085,307.477,384.347,230.608
465,87,307.477,153.739,153.739,538.085,307.477,307.477,384.347,384.347,461.216,461.216,461.216
466,87,307.477,153.739,230.608,691.824,691.824,768.693,922.432,384.347,230.608,230.608,461.216
467,87,307.477,153.739,307.477,1229.91,614.955,922.432,845.563,307.477,307.477,230.608,230.608
468,87,307.477,307.477,384.347,1076.17,461.216,384.347,384.347,538.085,538.085,384.347,230.608
469,87,307.477,384.347,538.085,691.824,461.216,230.608,384.347,845.563,538.085,307.477,230.608
470,87,307.477,307.477,691.824,461.216,384.347,384.347,461.216,691.824,307.477,230.608,230.608
471,87,307.477,307.477,768.693,461.216,538.085,384.347,307.477,384.347,230.608,230.608,153.739
472,87,307.477,230.608,691.824,691.824,768.693,230.608,230.608,230.608,307.477,307.477,384.347
473,87,384.347,230.608,614.955,691.824,614.955,307.477,384.347,307.477,230.608,153.739,384.347
475,87,307.477,307.477,614.955,538.085,461.216,614.955,691.824,384.347,384.347,384.347,230.608
476,87,230.608,307.477,461.216,614.955,614.955,307.477,307.477,384.347,307.477,384.347,384.347
477,87,307.477,153.739,307.477,461.216,768.693,384.347,384.347,153.739,153.739,307.477,307.477
478,87,384.347,153.739,307.477,461.216,768.693,461.216,461.216,153.739,153.739,307.477,230.608
479,87,307.477,153.739,230.608,153.739,307.477,614.955,384.347,76.8693,153.739,153.739,307.477
480,87,230.608,153.739,153.739,153.739,153.739,614.955,461.216,153.739,76.8693,76.8693,230.608
457,88,230.608,76.8693,153.739,153.739,153.739,461.216,461.216,76.8693,230.608,307.477,230.608
458,88,230.608,153.739,230.608,153.739,153.739,614.955,461.216,230.608,307.477,307.477,230.608
459,88,230.608,153.739,230.608,153.739,230.608,384.347,307.477,307.477,307.477,307.477,307.477
460,88,230.608,153.739,153.739,230.608,230.608,384.347,307.477,307.477,384.347,307.477,230.608
461,88,230.608,153.739,307.477,307.477,307.477,307.477,307.477,384.347,230.608,230.608,153.739
462,88,230.608,153.739,230.608,538.085,307.477,230.608,230.608,307.477,307.477,307.477,230.608
463,88,230.608,153.739,230.608,538.085,384.347,230.608,230.608,307.477,614.955,461.216,307.477
464,88,230.608,153.739,153.739,307.477,461.216,230.608,230.608,845.563,538.085,461.216,230.608
465,88,230.608,76.8693,153.739,384.347,307.477,307.477,384.347,922.432,461.216,307.477,230.608
466,88,307.477,76.8693,230.608,384.347,691.824,768.693,922.432,768.693,461.216,384.347,230.608
467,88,307.477,153.739,230.608,461.216,1076.17,768.693,768.693,614.955,691.824,614.955,384.347
468,88,307.477,153.739,307.477,614.955,922.432,230.608,230.608,384.347,691.824,691.824,538.085
469,88,307.477,153.739,384.347,614.955,614.955,384.347,461.216,384.347,538.085,461.216,614.955
470,88,307.477,307.477,461.216,307.477,384.347,768.693,768.693,307.477,307.477,230.608,384.347
471,88,307.477,230.608,538.085,307.477,384.347,614.955,538.085,230.608,230.608,230.608,230.608
472,88,307.477,153.739,538.085,614.955,461.216,307.477,230.608,230.608,230.608,230.608,153.739
473,88,307.477,153.739,461.216,768.693,384.347,230.608,307.477,307.477,307.477,230.608,153.739
474,88,384.347,307.477,538.085,614.955,307.477,384.347,307.477,307.477,307.477,307.477,230.608
475,88,307.477,384.347,461.216,307.477,461.216,384.347,307.477,230.608,230.608,307.477,307.477
476,88,307.477,230.608,384.347,230.608,461.216,538.085,384.347,153.739,153.739,230.608,230.608
477,88,384.347,153.739,384.347,384.347,384.347,538.085,461.216,76.8693,153.739,230.608,153.739
478,88,307.477,153.739,461.216,307.477,307.477,384.347,384.347,76.8693,76.8693,153.739,153.739
479,88,307.477,153.739,307.477,153.739,76.8693,461.216,307.477,153.739,76.8693,76.8693,153.739
459,89,153.739,76.8693,230.608,153.739,153.739,538.085,461.216,153.739,153.739,230.608,230.608
460,89,230.608,153.739,230.608,153.739,153.739,461.216,384.347,153.739,307.477,384.347,384.347
461,89,230.608,153.739,153.739,230.608,307.477,384.347,307.477,230.608,307.477,307.477,230.608
462,89,230.608,153.739,153.739,384.347,384.347,384.347,384.347,307.477,153.739,153.739,153.739
463,89,230.608,153.739,153.739,384.347,230.608,307.477,230.608,230.608,384.347,461.216,384.347
464,89,230.608,76.8693,153.739,307.477,307.477,307.477,461.216,230.608,614.955,538.085,461.216
465,89,230.608,76.8693,153.739,384.347,384.347,691.824,614.955,384.347,538.085,538.085,384.347
466,89,230.608,76.8693,230.608,691.824,307.477,691.824,538.085,307.477,461.216,461.216,461.216
467,89,230.608,76.8693,230.608,768.693,384.347,307.477,307.477,230.608,307.477,461.216,691.824
468,89,230.608,153.739,307.477,614.955,461.216,307.477,384.347,153.739,230.608,230.608,614.955
469,89,230.608,153.739,384.347,614.955,307.477,461.216,614.955,307.477,230.608,230.608,461.216
470,89,307.477,153.739,538.085,307.477,230.608,538.085,691.824,461.216,230.608,230.608,230.608
471,89,307.477,153.739,538.085,384.347,307.477,384.347,384.347,307.477,230.608,230.608,153.739
472,89,230.608,153.739,461.216,614.955,461.216,230.608,230.608,153.739,230.608,307.477,153.739
473,89,307.477,76.8693,461.216,614.955,461.216,307.477,307.477,153.739,307.477,307.477,230.608
474,89,307.477,153.739,384.347,384.347,307.477,538.085,461.216,153.739,153.739,230.608,230.608
475,89,230.608,230.608,384.347,230.608,153.739,768.693,614.955,76.8693,76.8693,76.8693,153.739
476,89,230.608,230.608,384.347,307.477,153.739,768.693,614.955,153.739,76.8693,153.739,153.739
484,89,153.739,153.739,153.739,153.739,153.739,230.608,153.739,76.8693,153.739,230.608,230.608
461,90,230.608,76.8693,153.739,230.608,230.608,307.477,307.477,153.739,230.608,230.608,230.608
463,90,153.739,76.8693,153.739,153.739,230.608,384.347,307.477,384.347,153.739,153.739,153.739
466,90,230.608,76.8693,230.608,307.477,691.824,845.563,845.563,461.216,153.739,153.739,307.477
467,90,230.608,153.739,153.739,461.216,538.085,461.216,538.085,307.477,153.739,153.739,230.608
469,90,230.608,76.8693,384.347,307.477,461.216,461.216,384.347,230.608,384.347,307.477,230.608
470,90,230.608,153.739,461.216,230.608,230.608,461.216,307.477,230.608,230.608,230.608,230.608
471,90,307.477,76.8693,461.216,230.608,307.477,307.477,230.608,153.739,153.739,153.739,153.739
461,91,153.739,76.8693,153.739,230.608,153.739,384.347,230.608,153.739,153.739,153.739,153.739
462,91,230.608,76.8693,153.739,153.739,153.739,307.477,230.608,76.8693,307.477,307.477,230.608
463,91,230.608,76.8693,153.739,153.739,76.8693,307.477,307.477,230.608,461.216,384.347,230.608
464,91,153.739,76.8693,153.739,153.739,153.739,307.477,230.608,307.477,538.085,461.216,230.608
466,91,230.608,76.8693,230.608,307.477,384.347,307.477,307.477,461.216,384.347,307.477,153.739
467,91,230.608,76.8693,230.608,230.608,384.347,307.477,230.608,230.608,230.608,230.608,153.739
472,91,230.608,76.8693,307.477,307.477,230.608,384.347,230.608,76.8693,76.8693,153.739,76.8693
473,91,230.608,153.739,307.477,461.216,307.477,230.608,153.739,76.8693,76.8693,153.739,76.8693
474,91,230.608,153.739,307.477,307.477,230.608,230.608,153.739,76.8693,76.8693,153.739,153.739
475,91,230.608,153.739,230.608,153.739,153.739,307.477,153.739,76.8693,153.739,153.739,153.739
476,91,230.608,153.739,230.608,153.739,230.608,307.477,153.739,153.739,153.739,153.739,153.739
462,92,153.739,76.8693,230.608,153.739,153.739,230.608,153.739,153.739,76.8693,230.608,230.608
464,92,153.739,76.8693,153.739,153.739,230.608,614.955,538.085,153.739,307.477,384.347,461.216
465,92,153.739,76.8693,153.739,153.739,307.477,845.563,538.085,230.608,230.608,384.347,461.216
466,92,230.608,153.739,153.739,153.739,230.608,461.216,461.216,230.608,153.739,307.477,307.477
467,92,230.608,76.8693,230.608,153.739,153.739,384.347,384.347,153.739,153.739,230.608,230.608