454,100,307.477,230.608,153.739,230.608,307.477,153.739,153.739,230.608,307.477,230.608,230.608
455,100,230.608,153.739,153.739,230.608,230.608,153.739,76.8693,230.608,307.477,307.477,230.608
456,100,153.739,153.739,153.739,153.739,153.739,153.739,76.8693,307.477,230.608,230.608,153.739
460,100,307.477,76.8693,230.608,153.739,153.739,614.955,614.955,230.608,230.608,230.608,76.8693
461,100,230.608,76.8693,153.739,153.739,153.739,384.347,307.477,307.477,230.608,230.608,153.739
453,101,153.739,384.347,230.608,230.608,230.608,153.739,230.608,307.477,307.477,307.477,384.347
454,101,230.608,307.477,153.739,230.608,230.608,153.739,153.739,307.477,153.739,230.608,230.608
455,101,230.608,153.739,153.739,230.608,230.608,153.739,153.739,153.739,230.608,307.477,230.608
460,101,384.347,76.8693,153.739,76.8693,76.8693,307.477,230.608,230.608,230.608,230.608,153.739
461,101,307.477,76.8693,153.739,153.739,76.8693,230.608,153.739,307.477,230.608,230.608,230.608
450,102,307.477,230.608,307.477,230.608,153.739,76.8693,76.8693,230.608,153.739,153.739,153.739
452,102,230.608,307.477,307.477,307.477,230.608,153.739,153.739,230.608,230.608,230.608,307.477
461,102,307.477,76.8693,153.739,153.739,76.8693,384.347,307.477,153.739,153.739,76.8693,153.739
462,102,307.477,153.739,230.608,76.8693,153.739,461.216,307.477,153.739,76.8693,76.8693,76.8693
465,102,538.085,230.608,230.608,153.739,153.739,76.8693,76.8693,76.8693,76.8693,76.8693,76.8693
466,102,538.085,384.347,230.608,153.739,76.8693,76.8693,76.8693,76.8693,76.8693,76.8693,76.8693
468,102,307.477,153.739,307.477,230.608,153.739,153.739,76.8693,153.739,153.739,153.739,76.8693
452,103,230.608,153.739,153.739,307.477,230.608,230.608,230.608,230.608,230.608,230.608,230.608
456,103,230.608,153.739,153.739,153.739,230.608,153.739,153.739,307.477,230.608,230.608,230.608
460,103,153.739,461.216,230.608,76.8693,76.8693,153.739,153.739,384.347,384.347,307.477,230.608
462,103,384.347,153.739,307.477,76.8693,76.8693,384.347,307.477,307.477,153.739,153.739,153.739
465,103,614.955,230.608,230.608,307.477,153.739,76.8693,76.8693,153.739,76.8693,76.8693,76.8693
466,103,538.085,384.347,307.477,230.608,76.8693,76.8693,76.8693,76.8693,76.8693,76.8693,76.8693
468,103,538.085,153.739,384.347,153.739,230.608,153.739,153.739,230.608,153.739,153.739,76.8693
470,103,461.216,153.739,230.608,384.347,230.608,76.8693,76.8693,230.608,153.739,76.8693,76.8693
471,103,384.347,153.739,230.608,230.608,153.739,76.8693,76.8693,230.608,76.8693,76.8693,76.8693
473,103,538.085,230.608,230.608,307.477,153.739,76.8693,76.8693,76.8693,76.8693,76.8693,76.8693
476,103,384.347,153.739,230.608,230.608,153.739,76.8693,76.8693,153.739,153.739,153.739,76.8693
441,104,461.216,384.347,307.477,153.739,76.8693,76.8693,76.8693,76.8693,76.8693,76.8693,76.8693
452,104,230.608,76.8693,76.8693,307.477,230.608,230.608,230.608,153.739,307.477,307.477,307.477
453,104,153.739,153.739,76.8693,153.739,153.739,384.347,307.477,307.477,384.347,307.477,384.347
454,104,153.739,230.608,307.477,230.608,230.608,307.477,230.608,384.347,307.477,230.608,307.477
458,104,307.477,153.739,384.347,307.477,153.739,153.739,153.739,230.608,307.477,230.608,230.608
459,104,230.608,384.347,230.608,307.477,230.608,76.8693,76.8693,461.216,461.216,461.216,384.347
460,104,230.608,768.693,461.216,153.739,76.8693,76.8693,76.8693,538.085,538.085,538.085,538.085
461,104,153.739,307.477,768.693,153.739,76.8693,76.8693,76.8693,461.216,384.347,384.347,461.216
465,104,691.824,307.477,230.608,230.608,230.608,76.8693,76.8693,230.608,153.739,153.739,153.739
466,104,845.563,614.955,384.347,384.347,307.477,153.739,76.8693,153.739,307.477,230.608,153.739
467,104,614.955,230.608,230.608,461.216,230.608,153.739,76.8693,384.347,384.347,230.608,153.739
468,104,538.085,230.608,307.477,230.608,153.739,230.608,153.739,461.216,230.608,153.739,153.739
469,104,384.347,230.608,230.608,153.739,384.347,153.739,153.739,230.608,230.608,230.608,153.739
470,104,691.824,307.477,384.347,384.347,538.085,153.739,76.8693,153.739,307.477,230.608,230.608
471,104,768.693,384.347,230.608,307.477,230.608,76.8693,76.8693,230.608,153.739,76.8693,76.8693
472,104,461.216,307.477,230.608,230.608,153.739,76.8693,76.8693,76.8693,76.8693,76.8693,76.8693
473,104,691.824,307.477,307.477,384.347,230.608,76.8693,76.8693,76.8693,153.739,76.8693,153.739
474,104,538.085,384.347,307.477,230.608,76.8693,76.8693,76.8693,153.739,76.8693,76.8693,76.8693
475,104,384.347,307.477,230.608,153.739,153.739,76.8693,76.8693,76.8693,76.8693,153.739,76.8693
476,104,384.347,153.739,230.608,230.608,153.739,153.739,153.739,76.8693,153.739,153.739,153.739
477,104,384.347,153.739,153.739,153.739,76.8693,153.739,76.8693,153.739,153.739,76.8693,153.739
443,105,384.347,153.739,307.477,230.608,153.739,153.739,76.8693,153.739,76.8693,76.8693,76.8693
452,105,153.739,153.739,153.739,230.608,153.739,230.608,230.608,153.739,153.739,230.608,230.608
453,105,153.739,76.8693,153.739,153.739,153.739,307.477,307.477,230.608,230.608,307.477,384.347
454,105,153.739,153.739,230.608,230.608,230.608,230.608,230.608,307.477,230.608,230.608,307.477
458,105,230.608,307.477,153.739,691.824,384.347,153.739,153.739,307.477,384.347,230.608,307.477
459,105,230.608,153.739,153.739,307.477,307.477,76.8693,76.8693,538.085,384.347,307.477,461.216
462,105,153.739,230.608,384.347,384.347,384.347,307.477,230.608,307.477,153.739,153.739,153.739
464,105,384.347,538.085,614.955,538.085,384.347,153.739,76.8693,153.739,76.8693,76.8693,76.8693
465,105,614.955,538.085,538.085,307.477,230.608,153.739,76.8693,153.739,76.8693,153.739,76.8693
466,105,768.693,538.085,461.216,230.608,461.216,153.739,153.739,153.739,230.608,384.347,230.608
467,105,614.955,384.347,461.216,384.347,461.216,384.347,307.477,153.739,384.347,384.347,384.347
468,105,691.824,922.432,845.563,307.477,230.608,461.216,384.347,307.477,230.608,153.739,230.608
469,105,768.693,614.955,461.216,230.608,230.608,230.608,153.739,153.739,230.608,230.608,153.739
470,105,768.693,538.085,538.085,230.608,384.347,153.739,153.739,153.739,307.477,307.477,307.477
471,105,768.693,922.432,768.693,307.477,230.608,230.608,230.608,230.608,153.739,153.739,230.608
472,105,614.955,614.955,384.347,230.608,153.739,153.739,76.8693,153.739,76.8693,76.8693,76.8693
473,105,691.824,461.216,461.216,307.477,307.477,76.8693,76.8693,153.739,153.739,153.739,76.8693
474,105,538.085,461.216,538.085,230.608,153.739,153.739,76.8693,230.608,76.8693,76.8693,76.8693
457,106,153.739,307.477,230.608,538.085,614.955,461.216,307.477,153.739,230.608,230.608,153.739
458,106,153.739,384.347,153.739,691.824,307.477,230.608,153.739,384.347,307.477,230.608,307.477
459,106,230.608,230.608,153.739,153.739,153.739,153.739,153.739,538.085,230.608,153.739,230.608
461,106,153.739,230.608,384.347,384.347,614.955,307.477,461.216,614.955,691.824,691.824,461.216
462,106,153.739,307.477,768.693,307.477,384.347,384.347,384.347,461.216,384.347,384.347,307.477
464,106,307.477,768.693,922.432,845.563,691.824,153.739,153.739,768.693,307.477,153.739,76.8693
466,106,384.347,922.432,538.085,538.085,307.477,230.608,153.739,384.347,153.739,153.739,153.739
467,106,461.216,768.693,614.955,384.347,307.477,230.608,307.477,384.347,230.608,230.608,307.477
468,106,691.824,845.563,1229.91,384.347,384.347,461.216,538.085,230.608,153.739,153.739,230.608
469,106,1076.17,768.693,922.432,614.955,230.608,307.477,307.477,153.739,153.739,153.739,153.739
470,106,768.693,461.216,614.955,384.347,153.739,230.608,230.608,153.739,307.477,307.477,307.477
471,106,691.824,691.824,999.301,307.477,230.608,384.347,384.347,307.477,230.608,153.739,307.477
472,106,538.085,538.085,614.955,384.347,153.739,153.739,153.739,153.739,76.8693,153.739,76.8693
473,106,538.085,538.085,461.216,307.477,230.608,153.739,76.8693,153.739,230.608,230.608,153.739
474,106,384.347,384.347,384.347,230.608,230.608,230.608,153.739,307.477,153.739,153.739,153.739
455,107,230.608,76.8693,153.739,538.085,307.477,307.477,384.347,230.608,153.739,153.739,153.739
456,107,153.739,76.8693,153.739,614.955,230.608,461.216,461.216,153.739,153.739,230.608,76.8693
457,107,230.608,153.739,153.739,307.477,307.477,384.347,307.477,153.739,307.477,307.477,230.608
458,107,230.608,153.739,153.739,538.085,230.608,307.477,230.608,538.085,384.347,230.608,230.608
459,107,230.608,153.739,153.739,230.608,153.739,230.608,307.477,538.085,307.477,307.477,153.739
460,107,384.347,230.608,230.608,307.477,307.477,230.608,307.477,538.085,845.563,845.563,614.955
461,107,230.608,307.477,307.477,691.824,614.955,230.608,307.477,922.432,538.085,614.955,845.563
462,107,230.608,230.608,691.824,538.085,384.347,538.085,461.216,307.477,307.477,307.477,461.216
463,107,384.347,384.347,691.824,922.432,845.563,384.347,230.608,614.955,845.563,538.085,384.347
464,107,230.608,922.432,845.563,845.563,614.955,230.608,153.739,1383.65,922.432,614.955,538.085
465,107,230.608,768.693,768.693,461.216,461.216,307.477,307.477,1153.04,691.824,461.216,384.347
466,107,230.608,1383.65,691.824,1460.52,999.301,384.347,307.477,691.824,461.216,307.477,230.608
467,107,307.477,845.563,922.432,1153.04,691.824,230.608,230.608,691.824,307.477,230.608,230.608
468,107,538.085,461.216,922.432,691.824,538.085,153.739,230.608,461.216,230.608,230.608,307.477
469,107,768.693,461.216,922.432,1076.17,691.824,230.608,230.608,307.477,153.739,153.739,153.739
470,107,614.955,384.347,614.955,614.955,307.477,153.739,153.739,153.739,230.608,307.477,230.608
471,107,691.824,538.085,845.563,538.085,384.347,307.477,307.477,307.477,307.477,230.608,307.477
472,107,614.955,307.477,461.216,691.824,384.347,230.608,153.739,230.608,153.739,153.739,153.739
473,107,538.085,538.085,538.085,384.347,230.608,153.739,153.739,153.739,230.608,230.608,153.739
474,107,538.085,307.477,307.477,307.477,230.608,307.477,230.608,307.477,230.608,153.739,230.608
476,107,614.955,384.347,307.477,230.608,153.739,76.8693,76.8693,76.8693,76.8693,76.8693,76.8693
477,107,307.477,153.739,153.739,230.608,153.739,153.739,76.8693,153.739,76.8693,76.8693,76.8693
450,108,230.608,153.739,153.739,307.477,230.608,76.8693,76.8693,153.739,76.8693,153.739,153.739
452,108,153.739,153.739,230.608,153.739,76.8693,230.608,230.608,153.739,307.477,384.347,230.608
453,108,230.608,153.739,230.608,76.8693,153.739,230.608,153.739,307.477,307.477,307.477,230.608
455,108,230.608,153.739,153.739,461.216,614.955,153.739,153.739,307.477,76.8693,76.8693,153.739
456,108,230.608,153.739,230.608,691.824,461.216,230.608,230.608,153.739,76.8693,153.739,76.8693
458,108,230.608,153.739,153.739,614.955,230.608,307.477,230.608,461.216,307.477,230.608,307.477
459,108,307.477,76.8693,153.739,307.477,153.739,230.608,307.477,461.216,384.347,384.347,230.608
460,108,461.216,153.739,307.477,384.347,538.085,153.739,230.608,614.955,845.563,691.824,614.955
461,108,230.608,153.739,384.347,922.432,768.693,384.347,538.085,999.301,538.085,384.347,538.085
462,108,230.608,230.608,461.216,845.563,768.693,999.301,845.563,691.824,384.347,307.477,153.739
463,108,384.347,307.477,230.608,1229.91,1153.04,691.824,461.216,538.085,691.824,614.955,461.216
464,108,230.608,614.955,461.216,1537.39,768.693,461.216,384.347,691.824,768.693,691.824,845.563
465,108,384.347,384.347,538.085,1153.04,845.563,461.216,461.216,691.824,691.824,768.693,845.563
466,108,461.216,691.824,614.955,1306.78,1691.13,307.477,384.347,614.955,691.824,538.085,614.955
467,108,384.347,538.085,1076.17,999.301,1076.17,384.347,384.347,768.693,538.085,461.216,461.216
468,108,461.216,538.085,691.824,538.085,691.824,230.608,153.739,538.085,461.216,461.216,384.347
469,108,538.085,384.347,768.693,922.432,1076.17,230.608,153.739,461.216,230.608,153.739,230.608
470,108,461.216,230.608,461.216,614.955,614.955,230.608,153.739,230.608,230.608,230.608,153.739
471,108,768.693,461.216,768.693,691.824,538.085,230.608,230.608,230.608,307.477,307.477,230.608
472,108,691.824,230.608,307.477,538.085,461.216,230.608,230.608,307.477,153.739,153.739,153.739
473,108,538.085,461.216,614.955,307.477,307.477,153.739,153.739,76.8693,230.608,230.608,153.739
474,108,922.432,384.347,691.824,384.347,230.608,230.608,230.608,230.608,153.739,153.739,230.608
475,108,384.347,153.739,230.608,230.608,153.739,153.739,153.739,153.739,76.8693,76.8693,76.8693
476,108,614.955,230.608,384.347,230.608,230.608,76.8693,76.8693,76.8693,153.739,153.739,76.8693
453,109,230.608,230.608,307.477,153.739,153.739,461.216,461.216,230.608,153.739,153.739,153.739
454,109,307.477,230.608,153.739,153.739,153.739,691.824,461.216,153.739,230.608,153.739,153.739
455,109,307.477,153.739,153.739,230.608,384.347,230.608,153.739,307.477,230.608,153.739,230.608
458,109,384.347,230.608,384.347,538.085,307.477,538.085,461.216,307.477,230.608,153.739,230.608
459,109,230.608,76.8693,230.608,230.608,153.739,384.347,384.347,230.608,230.608,230.608,153.739
460,109,153.739,230.608,461.216,230.608,461.216,153.739,230.608,538.085,768.693,768.693,461.216
461,109,153.739,230.608,461.216,538.085,691.824,614.955,768.693,922.432,1153.04,1153.04,845.563
462,109,153.739,153.739,461.216,999.301,999.301,845.563,768.693,1153.04,845.563,768.693,691.824
463,109,230.608,307.477,384.347,1537.39,1229.91,384.347,384.347,768.693,307.477,307.477,384.347
464,109,230.608,538.085,307.477,1844.86,1306.78,922.432,1076.17,307.477,230.608,307.477,384.347
465,109,384.347,307.477,384.347,922.432,922.432,1229.91,1229.91,230.608,384.347,538.085,538.085
466,109,538.085,230.608,384.347,461.216,768.693,538.085,614.955,384.347,538.085,538.085,614.955
467,109,384.347,384.347,691.824,384.347,538.085,922.432,691.824,538.085,461.216,538.085,461.216
468,109,384.347,768.693,461.216,307.477,538.085,691.824,538.085,384.347,538.085,614.955,461.216
469,109,384.347,845.563,768.693,614.955,845.563,461.216,384.347,461.216,384.347,230.608,384.347
470,109,307.477,461.216,384.347,384.347,538.085,461.216,307.477,230.608,153.739,230.608,153.739
471,109,614.955,538.085,768.693,691.824,614.955,230.608,230.608,153.739,307.477,307.477,230.608
472,109,768.693,461.216,614.955,384.347,307.477,307.477,307.477,230.608,76.8693,76.8693,153.739
473,109,614.955,307.477,384.347,230.608,230.608,230.608,153.739,153.739,153.739,230.608,153.739
474,109,768.693,461.216,845.563,384.347,307.477,230.608,230.608,230.608,230.608,230.608,230.608
475,109,307.477,153.739,230.608,153.739,153.739,153.739,153.739,230.608,76.8693,153.739,76.8693
476,109,691.824,153.739,384.347,230.608,230.608,76.8693,76.8693,76.8693,76.8693,153.739,76.8693
478,109,461.216,153.739,153.739,153.739,76.8693,76.8693,76.8693,76.8693,76.8693,76.8693,76.8693
479,109,461.216,153.739,153.739,153.739,153.739,76.8693,76.8693,76.8693,76.8693,76.8693,76.8693
441,110,307.477,76.8693,153.739,307.477,307.477,230.608,153.739,76.8693,153.739,153.739,76.8693
454,110,230.608,307.477,153.739,230.608,230.608,691.824,538.085,153.739,153.739,153.739,153.739
455,110,384.347,230.608,153.739,307.477,307.477,384.347,307.477,76.8693,153.739,153.739,153.739
458,110,614.955,230.608,384.347,153.739,153.739,461.216,461.216,230.608,230.608,153.739,230.608
459,110,461.216,76.8693,230.608,76.8693,153.739,307.477,384.347,230.608,153.739,153.739,153.739
460,110,153.739,230.608,384.347,153.739,230.608,230.608,384.347,153.739,461.216,614.955,307.477
461,110,153.739,153.739,230.608,384.347,384.347,691.824,999.301,307.477,845.563,1229.91,999.301
462,110,230.608,230.608,307.477,691.824,999.301,1306.78,1229.91,614.955,768.693,768.693,1153.04
463,110,307.477,538.085,691.824,614.955,845.563,1306.78,999.301,768.693,384.347,230.608,538.085
464,110,538.085,768.693,538.085,691.824,845.563,922.432,922.432,230.608,153.739,153.739,153.739
465,110,461.216,384.347,384.347,461.216,538.085,922.432,922.432,153.739,230.608,307.477,230.608
466,110,614.955,461.216,384.347,461.216,230.608,538.085,614.955,230.608,307.477,307.477,307.477
467,110,461.216,307.477,461.216,384.347,230.608,1076.17,999.301,307.477,230.608,307.477,230.608
468,110,538.085,461.216,307.477,230.608,307.477,999.301,845.563,230.608,461.216,538.085,384.347
469,110,461.216,922.432,922.432,614.955,461.216,768.693,614.955,461.216,384.347,230.608,384.347
470,110,384.347,768.693,691.824,307.477,307.477,614.955,384.347,384.347,153.739,153.739,153.739
471,110,538.085,614.955,768.693,538.085,614.955,230.608,230.608,153.739,307.477,230.608,153.739
472,110,614.955,614.955,999.301,461.216,307.477,384.347,384.347,307.477,153.739,153.739,153.739
473,110,538.085,230.608,384.347,153.739,230.608,230.608,153.739,153.739,230.608,230.608,153.739
474,110,691.824,461.216,922.432,307.477,307.477,230.608,153.739,230.608,230.608,230.608,230.608
476,110,691.824,538.085,538.085,230.608,230.608,76.8693,76.8693,76.8693,153.739,153.739,76.8693
478,110,461.216,230.608,230.608,153.739,76.8693,153.739,76.8693,153.739,76.8693,76.8693,76.8693
479,110,614.955,307.477,384.347,153.739,153.739,76.8693,76.8693,76.8693,76.8693,76.8693,76.8693
441,111,307.477,230.608,230.608,153.739,230.608,230.608,153.739,76.8693,76.8693,153.739,76.8693
452,111,153.739,153.739,230.608,307.477,153.739,461.216,307.477,230.608,307.477,307.477,307.477
453,111,384.347,230.608,153.739,230.608,153.739,307.477,307.477,384.347,153.739,153.739,153.739
458,111,538.085,153.739,153.739,230.608,76.8693,153.739,153.739,230.608,307.477,307.477,230.608
459,111,461.216,153.739,153.739,230.608,153.739,153.739,230.608,230.608,230.608,230.608,153.739
460,111,307.477,153.739,153.739,307.477,230.608,384.347,461.216,230.608,307.477,384.347,230.608
461,111,307.477,153.739,307.477,538.085,307.477,768.693,922.432,307.477,230.608,384.347,384.347
462,111,307.477,230.608,307.477,384.347,461.216,1844.86,1614.26,307.477,307.477,307.477,614.955
463,111,384.347,384.347,538.085,230.608,230.608,1537.39,1306.78,461.216,230.608,153.739,461.216
464,111,845.563,538.085,461.216,230.608,230.608,307.477,461.216,153.739,153.739,76.8693,153.739
465,111,768.693,384.347,461.216,461.216,461.216,230.608,230.608,384.347,153.739,153.739,76.8693
466,111,691.824,768.693,538.085,768.693,230.608,230.608,384.347,230.608,153.739,153.739,153.739
467,111,691.824,384.347,307.477,922.432,461.216,614.955,691.824,230.608,153.739,153.739,153.739
468,111,691.824,230.608,307.477,461.216,230.608,461.216,461.216,153.739,384.347,461.216,230.608
469,111,614.955,461.216,845.563,768.693,614.955,614.955,614.955,538.085,384.347,307.477,384.347
470,111,614.955,461.216,845.563,614.955,307.477,538.085,461.216,461.216,153.739,230.608,153.739
471,111,691.824,384.347,691.824,384.347,614.955,153.739,153.739,153.739,384.347,307.477,153.739
472,111,614.955,461.216,768.693,614.955,461.216,461.216,384.347,461.216,230.608,153.739,230.608
473,111,768.693,307.477,461.216,153.739,153.739,153.739,153.739,230.608,153.739,230.608,153.739
474,111,691.824,768.693,999.301,307.477,384.347,153.739,230.608,153.739,230.608,230.608,230.608
475,111,384.347,230.608,230.608,230.608,153.739,230.608,230.608,230.608,76.8693,76.8693,153.739
476,111,461.216,922.432,768.693,153.739,153.739,76.8693,76.8693,76.8693,153.739,153.739,76.8693
477,111,307.477,384.347,461.216,153.739,153.739,153.739,76.8693,153.739,153.739,153.739,153.739
451,112,153.739,538.085,307.477,153.739,230.608,230.608,230.608,384.347,153.739,153.739,153.739
452,112,153.739,153.739,153.739,307.477,230.608,538.085,461.216,153.739,153.739,153.739,230.608
458,112,461.216,153.739,307.477,230.608,153.739,76.8693,76.8693,153.739,230.608,307.477,153.739
459,112,538.085,153.739,230.608,153.739,153.739,230.608,230.608,307.477,384.347,384.347,230.608
460,112,614.955,307.477,307.477,307.477,307.477,461.216,384.347,384.347,538.085,538.085,461.216
461,112,538.085,307.477,538.085,614.955,384.347,384.347,384.347,384.347,307.477,230.608,307.477
462,112,461.216,691.824,691.824,538.085,384.347,922.432,768.693,307.477,153.739,153.739,153.739
463,112,614.955,999.301,768.693,307.477,230.608,461.216,538.085,230.608,153.739,76.8693,153.739
464,112,614.955,845.563,614.955,461.216,230.608,230.608,230.608,230.608,307.477,307.477,153.739
465,112,768.693,538.085,1076.17,384.347,384.347,153.739,153.739,384.347,230.608,153.739,153.739
466,112,1076.17,691.824,999.301,691.824,538.085,153.739,230.608,230.608,153.739,153.739,153.739
467,112,768.693,384.347,384.347,999.301,768.693,230.608,307.477,230.608,153.739,153.739,153.739
468,112,768.693,384.347,307.477,768.693,384.347,230.608,230.608,153.739,384.347,384.347,153.739
469,112,768.693,614.955,768.693,691.824,768.693,461.216,461.216,538.085,538.085,307.477,384.347
470,112,614.955,384.347,691.824,614.955,461.216,538.085,538.085,614.955,230.608,230.608,153.739
471,112,768.693,307.477,691.824,307.477,538.085,153.739,230.608,230.608,538.085,538.085,307.477
472,112,999.301,384.347,614.955,614.955,538.085,384.347,384.347,614.955,461.216,307.477,461.216
473,112,691.824,307.477,461.216,230.608,153.739,230.608,230.608,384.347,230.608,230.608,153.739
474,112,691.824,922.432,922.432,614.955,461.216,153.739,153.739,230.608,307.477,230.608,153.739
475,112,691.824,230.608,230.608,384.347,230.608,230.608,230.608,384.347,153.739,153.739,153.739
476,112,461.216,922.432,768.693,307.477,230.608,76.8693,76.8693,153.739,153.739,153.739,76.8693
477,112,307.477,384.347,538.085,384.347,230.608,153.739,153.739,153.739,153.739,153.739,153.739
449,113,153.739,153.739,153.739,307.477,153.739,76.8693,153.739,153.739,307.477,384.347,384.347
450,113,153.739,384.347,307.477,230.608,153.739,230.608,230.608,230.608,461.216,461.216,461.216
451,113,153.739,614.955,384.347,153.739,153.739,153.739,153.739,307.477,230.608,230.608,230.608
455,113,230.608,384.347,384.347,153.739,153.739,76.8693,76.8693,307.477,230.608,230.608,230.608
457,113,230.608,384.347,614.955,230.608,153.739,153.739,76.8693,307.477,307.477,307.477,153.739
458,113,384.347,538.085,768.693,230.608,76.8693,76.8693,76.8693,384.347,230.608,153.739,230.608
459,113,538.085,384.347,538.085,153.739,76.8693,230.608,307.477,230.608,153.739,153.739,153.739
460,113,691.824,845.563,691.824,230.608,230.608,538.085,384.347,230.608,307.477,384.347,307.477
461,113,691.824,691.824,538.085,384.347,307.477,307.477,230.608,538.085,461.216,307.477,384.347
462,113,538.085,768.693,691.824,384.347,384.347,307.477,307.477,768.693,230.608,230.608,230.608
463,113,845.563,845.563,768.693,384.347,461.216,230.608,230.608,307.477,230.608,230.608,153.739
464,113,538.085,461.216,999.301,845.563,691.824,384.347,230.608,230.608,307.477,307.477,230.608
465,113,1076.17,691.824,1306.78,384.347,230.608,384.347,307.477,230.608,230.608,153.739,230.608
466,113,1537.39,922.432,845.563,307.477,461.216,307.477,230.608,230.608,230.608,153.739,153.739
467,113,691.824,1153.04,538.085,538.085,691.824,230.608,307.477,307.477,153.739,153.739,153.739
468,113,1229.91,538.085,384.347,538.085,538.085,384.347,307.477,230.608,384.347,384.347,153.739
469,113,922.432,538.085,691.824,384.347,538.085,384.347,384.347,461.216,538.085,384.347,384.347
470,113,614.955,614.955,845.563,384.347,384.347,538.085,538.085,614.955,230.608,230.608,230.608
471,113,922.432,461.216,999.301,384.347,461.216,230.608,230.608,307.477,614.955,614.955,384.347
472,113,1306.78,768.693,691.824,768.693,614.955,461.216,384.347,768.693,538.085,384.347,614.955
473,113,845.563,384.347,461.216,307.477,230.608,307.477,307.477,384.347,307.477,307.477,307.477
474,113,768.693,768.693,614.955,1076.17,768.693,153.739,153.739,307.477,384.347,307.477,230.608
475,113,691.824,230.608,230.608,461.216,307.477,230.608,230.608,461.216,153.739,153.739,230.608
476,113,461.216,614.955,538.085,691.824,461.216,76.8693,76.8693,153.739,153.739,153.739,76.8693
477,113,307.477,230.608,384.347,845.563,538.085,76.8693,76.8693,153.739,153.739,153.739,153.739
478,113,461.216,384.347,307.477,153.739,153.739,153.739,153.739,153.739,76.8693,76.8693,76.8693
448,114,153.739,153.739,153.739,461.216,384.347,153.739,76.8693,153.739,153.739,153.739,153.739
449,114,153.739,153.739,76.8693,768.693,461.216,153.739,153.739,230.608,153.739,153.739,153.739
450,114,230.608,153.739,153.739,230.608,230.608,230.608,230.608,230.608,153.739,230.608,230.608
451,114,153.739,153.739,230.608,384.347,230.608,307.477,230.608,153.739,153.739,153.739,153.739
454,114,230.608,153.739,230.608,307.477,153.739,153.739,153.739,538.085,461.216,307.477,230.608
455,114,384.347,307.477,307.477,230.608,230.608,76.8693,76.8693,691.824,384.347,307.477,307.477
456,114,384.347,461.216,691.824,307.477,307.477,76.8693,76.8693,538.085,230.608,307.477,230.608
457,114,384.347,538.085,691.824,307.477,307.477,76.8693,76.8693,384.347,538.085,614.955,307.477
458,114,614.955,922.432,1076.17,461.216,307.477,153.739,153.739,538.085,384.347,384.347,307.477
459,114,768.693,461.216,999.301,384.347,230.608,230.608,307.477,461.216,384.347,153.739,307.477
460,114,845.563,1383.65,1229.91,999.301,614.955,538.085,461.216,614.955,384.347,230.608,230.608
461,114,922.432,1229.91,922.432,1383.65,384.347,461.216,461.216,614.955,538.085,307.477,384.347
462,114,768.693,922.432,461.216,538.085,230.608,384.347,307.477,845.563,461.216,307.477,384.347
463,114,768.693,1614.26,1691.13,384.347,614.955,307.477,230.608,461.216,307.477,307.477,307.477
464,114,614.955,999.301,1844.86,691.824,999.301,384.347,307.477,230.608,153.739,153.739,230.608
465,114,922.432,922.432,845.563,538.085,307.477,614.955,461.216,153.739,153.739,153.739,153.739
466,114,1229.91,2152.34,1229.91,461.216,153.739,307.477,230.608,230.608,307.477,230.608,153.739
467,114,768.693,1614.26,999.301,614.955,307.477,384.347,307.477,538.085,230.608,153.739,230.608
468,114,1153.04,538.085,461.216,307.477,307.477,384.347,307.477,384.347,307.477,384.347,230.608
469,114,999.301,461.216,768.693,230.608,307.477,307.477,384.347,461.216,461.216,307.477,461.216
470,114,922.432,614.955,1537.39,307.477,230.608,614.955,614.955,384.347,230.608,230.608,230.608
471,114,768.693,614.955,845.563,461.216,538.085,230.608,230.608,307.477,691.824,691.824,461.216
472,114,922.432,1076.17,1153.04,999.301,691.824,614.955,538.085,845.563,384.347,384.347,614.955
473,114,999.301,691.824,845.563,384.347,307.477,614.955,461.216,307.477,230.608,307.477,307.477
474,114,768.693,614.955,538.085,1229.91,999.301,307.477,230.608,307.477,461.216,384.347,307.477
475,114,461.216,384.347,307.477,384.347,307.477,538.085,384.347,461.216,153.739,153.739,307.477
476,114,461.216,538.085,538.085,768.693,614.955,153.739,153.739,153.739,153.739,153.739,153.739
477,114,307.477,230.608,307.477,691.824,691.824,76.8693,76.8693,230.608,153.739,153.739,153.739
478,114,461.216,307.477,461.216,153.739,153.739,153.739,153.739,153.739,76.8693,76.8693,76.8693
451,115,153.739,307.477,153.739,307.477,307.477,230.608,230.608,384.347,384.347,307.477,307.477
453,115,153.739,230.608,307.477,461.216,230.608,384.347,230.608,153.739,230.608,153.739,153.739
454,115,153.739,153.739,230.608,538.085,307.477,307.477,230.608,538.085,461.216,307.477,307.477
455,115,230.608,153.739,307.477,384.347,230.608,153.739,230.608,845.563,768.693,538.085,384.347
456,115,538.085,230.608,461.216,614.955,461.216,230.608,230.608,1229.91,461.216,307.477,230.608
457,115,768.693,307.477,538.085,384.347,384.347,153.739,153.739,538.085,461.216,691.824,230.608
458,115,614.955,691.824,1306.78,1153.04,999.301,384.347,384.347,307.477,538.085,538.085,307.477
459,115,922.432,461.216,1537.39,999.301,538.085,461.216,307.477,845.563,691.824,384.347,614.955
460,115,768.693,768.693,1383.65,1306.78,1153.04,384.347,230.608,1153.04,384.347,230.608,461.216
461,115,768.693,922.432,1076.17,1383.65,768.693,384.347,384.347,461.216,614.955,307.477,384.347
462,115,614.955,614.955,538.085,384.347,307.477,461.216,461.216,999.301,768.693,538.085,461.216
463,115,614.955,1229.91,2075.47,614.955,538.085,230.608,307.477,768.693,538.085,461.216,384.347
464,115,768.693,768.693,1691.13,1306.78,845.563,307.477,307.477,384.347,230.608,230.608,153.739
465,115,768.693,1383.65,922.432,1691.13,845.563,230.608,230.608,230.608,153.739,230.608,153.739
466,115,922.432,2229.21,1537.39,922.432,384.347,307.477,230.608,461.216,307.477,153.739,230.608
467,115,999.301,999.301,845.563,768.693,307.477,307.477,230.608,614.955,307.477,153.739,230.608
468,115,1153.04,845.563,538.085,307.477,307.477,230.608,307.477,614.955,461.216,307.477,307.477
469,115,999.301,538.085,999.301,384.347,384.347,307.477,307.477,691.824,384.347,230.608,384.347
470,115,922.432,538.085,1767.99,614.955,384.347,614.955,614.955,384.347,307.477,384.347,230.608
471,115,845.563,845.563,922.432,614.955,614.955,230.608,307.477,461.216,768.693,691.824,461.216
472,115,768.693,768.693,1153.04,922.432,691.824,845.563,768.693,768.693,307.477,230.608,461.216
473,115,1229.91,845.563,768.693,384.347,384.347,768.693,614.955,230.608,230.608,384.347,153.739
474,115,922.432,538.085,384.347,999.301,999.301,307.477,307.477,384.347,461.216,461.216,384.347
475,115,614.955,614.955,461.216,307.477,307.477,691.824,538.085,461.216,230.608,230.608,384.347
476,115,614.955,614.955,845.563,614.955,614.955,230.608,230.608,153.739,230.608,230.608,153.739
477,115,307.477,307.477,384.347,384.347,538.085,153.739,76.8693,230.608,230.608,153.739,153.739
478,115,307.477,384.347,461.216,230.608,153.739,153.739,153.739,153.739,76.8693,153.739,153.739
449,116,153.739,76.8693,230.608,153.739,153.739,307.477,230.608,153.739,153.739,230.608,76.8693
450,116,153.739,153.739,230.608,153.739,153.739,307.477,230.608,230.608,461.216,614.955,384.347
451,116,153.739,230.608,153.739,153.739,153.739,153.739,153.739,307.477,614.955,691.824,845.563
452,116,230.608,153.739,230.608,230.608,230.608,153.739,153.739,307.477,307.477,307.477,538.085
453,116,230.608,153.739,230.608,461.216,538.085,230.608,153.739,153.739,153.739,153.739,153.739
454,116,230.608,230.608,461.216,384.347,461.216,230.608,230.608,461.216,384.347,307.477,230.608
455,116,307.477,384.347,614.955,461.216,307.477,153.739,307.477,768.693,1229.91,1076.17,461.216
456,116,538.085,230.608,461.216,768.693,538.085,461.216,614.955,1614.26,1076.17,768.693,614.955
457,116,461.216,307.477,614.955,461.216,538.085,461.216,461.216,999.301,384.347,461.216,307.477
458,116,614.955,461.216,1383.65,1537.39,1691.13,691.824,768.693,307.477,384.347,384.347,230.608
459,116,922.432,461.216,1844.86,1614.26,1306.78,1537.39,999.301,691.824,614.955,384.347,461.216
460,116,691.824,538.085,1076.17,1306.78,922.432,614.955,307.477,845.563,307.477,230.608,384.347
461,116,614.955,614.955,922.432,1383.65,691.824,230.608,307.477,614.955,999.301,691.824,461.216
462,116,538.085,461.216,691.824,691.824,691.824,307.477,461.216,1460.52,1076.17,922.432,768.693
463,116,691.824,461.216,1306.78,691.824,614.955,461.216,538.085,768.693,614.955,614.955,538.085
464,116,922.432,614.955,1229.91,2459.82,2075.47,461.216,461.216,384.347,307.477,307.477,230.608
465,116,768.693,1153.04,1153.04,2075.47,1844.86,461.216,230.608,307.477,230.608,153.739,153.739
466,116,922.432,922.432,1460.52,922.432,538.085,307.477,153.739,461.216,307.477,153.739,230.608
467,116,922.432,1076.17,1076.17,538.085,384.347,153.739,230.608,614.955,461.216,307.477,307.477
468,116,768.693,845.563,768.693,307.477,384.347,230.608,307.477,768.693,691.824,461.216,384.347
469,116,1153.04,461.216,845.563,614.955,614.955,230.608,307.477,768.693,384.347,230.608,384.347
470,116,1306.78,768.693,1383.65,999.301,845.563,691.824,614.955,307.477,538.085,538.085,230.608
471,116,1229.91,999.301,1383.65,845.563,691.824,230.608,307.477,538.085,845.563,691.824,614.955
472,116,845.563,691.824,768.693,768.693,538.085,845.563,845.563,614.955,230.608,230.608,384.347
473,116,1076.17,1076.17,691.824,538.085,384.347,614.955,538.085,230.608,384.347,538.085,153.739
474,116,999.301,768.693,538.085,768.693,845.563,384.347,307.477,461.216,538.085,538.085,538.085
475,116,922.432,691.824,384.347,230.608,230.608,691.824,538.085,384.347,230.608,230.608,384.347
476,116,845.563,768.693,768.693,538.085,538.085,230.608,153.739,153.739,230.608,230.608,153.739
477,116,538.085,614.955,230.608,230.608,307.477,230.608,153.739,230.608,230.608,230.608,230.608
478,116,307.477,384.347,461.216,230.608,230.608,230.608,153.739,153.739,153.739,153.739,153.739
449,117,153.739,76.8693,76.8693,307.477,153.739,384.347,307.477,230.608,230.608,230.608,153.739
450,117,230.608,76.8693,153.739,230.608,153.739,307.477,230.608,153.739,307.477,461.216,384.347
451,117,153.739,153.739,153.739,230.608,153.739,230.608,230.608,153.739,307.477,461.216,691.824
452,117,461.216,230.608,153.739,153.739,153.739,307.477,307.477,153.739,230.608,230.608,384.347
453,117,307.477,307.477,307.477,230.608,230.608,153.739,153.739,230.608,307.477,230.608,153.739
454,117,230.608,384.347,768.693,153.739,230.608,153.739,153.739,614.955,307.477,230.608,230.608
455,117,307.477,307.477,614.955,461.216,384.347,230.608,307.477,614.955,768.693,845.563,461.216
456,117,307.477,307.477,691.824,922.432,538.085,845.563,1229.91,922.432,922.432,922.432,845.563
457,117,230.608,538.085,768.693,538.085,538.085,1383.65,1229.91,768.693,307.477,307.477,384.347
458,117,384.347,768.693,845.563,922.432,1691.13,768.693,768.693,230.608,153.739,153.739,153.739
459,117,614.955,691.824,922.432,1229.91,1767.99,1767.99,1153.04,384.347,307.477,153.739,230.608
460,117,1153.04,922.432,461.216,768.693,922.432,691.824,538.085,614.955,538.085,461.216,230.608
461,117,768.693,614.955,614.955,768.693,691.824,384.347,384.347,999.301,1229.91,1153.04,768.693
462,117,845.563,461.216,999.301,691.824,614.955,614.955,614.955,1229.91,691.824,768.693,922.432
463,117,922.432,307.477,922.432,1460.52,999.301,1229.91,1229.91,384.347,461.216,691.824,461.216
464,117,1460.52,614.955,1537.39,1921.73,2536.69,1306.78,999.301,307.477,384.347,461.216,307.477
465,117,999.301,1076.17,1691.13,1229.91,1306.78,1076.17,538.085,307.477,230.608,153.739,153.739
466,117,1229.91,999.301,1153.04,1153.04,538.085,230.608,153.739,461.216,307.477,153.739,153.739
467,117,845.563,1767.99,1076.17,461.216,230.608,153.739,230.608,691.824,691.824,461.216,307.477
468,117,999.301,845.563,1153.04,307.477,307.477,307.477,461.216,922.432,845.563,614.955,614.955
469,117,999.301,461.216,768.693,691.824,768.693,384.347,538.085,845.563,538.085,384.347,461.216
470,117,999.301,845.563,1153.04,768.693,922.432,691.824,614.955,538.085,691.824,768.693,461.216
471,117,1153.04,1229.91,1767.99,1076.17,845.563,230.608,307.477,614.955,691.824,691.824,845.563
472,117,1306.78,1076.17,845.563,691.824,538.085,845.563,768.693,614.955,307.477,307.477,384.347
473,117,1153.04,1383.65,1306.78,922.432,614.955,384.347,384.347,307.477,538.085,614.955,230.608
474,117,1229.91,1076.17,922.432,768.693,691.824,384.347,384.347,538.085,538.085,461.216,538.085
475,117,1153.04,614.955,307.477,384.347,230.608,614.955,538.085,384.347,153.739,153.739,307.477
476,117,845.563,691.824,461.216,538.085,461.216,230.608,153.739,153.739,230.608,230.608,153.739
477,117,768.693,614.955,384.347,307.477,230.608,384.347,307.477,230.608,230.608,230.608,230.608
478,117,461.216,384.347,538.085,230.608,230.608,153.739,153.739,153.739,153.739,153.739,230.608
452,118,461.216,153.739,230.608,307.477,230.608,384.347,307.477,307.477,230.608,230.608,153.739
453,118,384.347,153.739,230.608,461.216,230.608,153.739,153.739,230.608,384.347,307.477,307.477
454,118,691.824,230.608,307.477,153.739,153.739,230.608,230.608,384.347,384.347,384.347,384.347
455,118,768.693,384.347,384.347,307.477,461.216,230.608,307.477,384.347,384.347,307.477,230.608
456,118,461.216,538.085,691.824,614.955,691.824,922.432,1383.65,538.085,538.085,461.216,614.955
457,118,538.085,538.085,845.563,461.216,461.216,1921.73,2075.47,538.085,230.608,153.739,307.477
458,118,768.693,1691.13,1153.04,538.085,922.432,1076.17,922.432,307.477,230.608,230.608,153.739
459,118,538.085,1383.65,538.085,538.085,922.432,1076.17,768.693,307.477,461.216,384.347,153.739
460,118,768.693,2306.08,768.693,307.477,384.347,461.216,461.216,1153.04,1153.04,845.563,538.085
461,118,614.955,1229.91,845.563,461.216,307.477,384.347,461.216,1383.65,922.432,845.563,845.563
462,118,538.085,614.955,1306.78,999.301,614.955,999.301,1229.91,614.955,384.347,461.216,538.085
463,118,1153.04,384.347,1076.17,1383.65,1537.39,1614.26,1537.39,384.347,614.955,922.432,384.347
464,118,1614.26,614.955,2306.08,922.432,1460.52,1229.91,922.432,461.216,384.347,614.955,461.216
465,118,1153.04,999.301,1229.91,1229.91,768.693,999.301,538.085,384.347,230.608,230.608,230.608
466,118,1537.39,1537.39,999.301,845.563,691.824,307.477,153.739,614.955,461.216,307.477,230.608
467,118,1229.91,1921.73,1767.99,307.477,230.608,153.739,307.477,845.563,845.563,691.824,461.216
468,118,1153.04,922.432,1537.39,538.085,461.216,461.216,614.955,999.301,1076.17,845.563,845.563
469,118,1153.04,768.693,845.563,691.824,691.824,614.955,768.693,1229.91,922.432,768.693,614.955
470,118,922.432,691.824,1153.04,845.563,768.693,614.955,538.085,845.563,691.824,845.563,614.955
471,118,1076.17,999.301,1691.13,1614.26,1383.65,384.347,384.347,538.085,538.085,614.955,768.693
472,118,1767.99,1229.91,1460.52,999.301,691.824,922.432,768.693,461.216,461.216,538.085,384.347
473,118,1153.04,1460.52,1998.6,999.301,768.693,307.477,307.477,538.085,614.955,691.824,461.216
474,118,1306.78,1460.52,1460.52,999.301,691.824,461.216,384.347,614.955,461.216,384.347,614.955
475,118,1076.17,768.693,691.824,768.693,461.216,461.216,384.347,230.608,153.739,153.739,230.608
476,118,614.955,461.216,461.216,538.085,538.085,307.477,153.739,153.739,230.608,230.608,153.739
477,118,614.955,307.477,384.347,307.477,230.608,384.347,307.477,230.608,230.608,307.477,230.608
478,118,461.216,307.477,384.347,153.739,230.608,153.739,153.739,153.739,153.739,153.739,230.608
479,118,307.477,307.477,230.608,230.608,153.739,230.608,153.739,153.739,76.8693,76.8693,76.8693
481,118,307.477,153.739,153.739,153.739,153.739,153.739,76.8693,76.8693,153.739,153.739,76.8693
448,119,384.347,538.085,230.608,76.8693,76.8693,76.8693,76.8693,153.739,153.739,153.739,153.739
450,119,538.085,691.824,538.085,153.739,230.608,153.739,153.739,76.8693,307.477,307.477,153.739
451,119,461.216,384.347,307.477,230.608,230.608,153.739,153.739,307.477,461.216,384.347,307.477
452,119,384.347,922.432,461.216,384.347,384.347,153.739,153.739,461.216,230.608,307.477,230.608
453,119,384.347,461.216,538.085,307.477,307.477,230.608,307.477,230.608,230.608,307.477,230.608
454,119,922.432,307.477,384.347,384.347,230.608,461.216,384.347,307.477,230.608,384.347,307.477
455,119,1153.04,614.955,384.347,461.216,384.347,230.608,307.477,461.216,691.824,538.085,307.477
456,119,461.216,538.085,461.216,768.693,538.085,384.347,614.955,1460.52,768.693,461.216,538.085
457,119,691.824,691.824,999.301,768.693,384.347,845.563,1229.91,999.301,230.608,230.608,230.608
458,119,999.301,1383.65,1537.39,1691.13,538.085,691.824,691.824,307.477,307.477,461.216,153.739
459,119,768.693,922.432,614.955,922.432,384.347,461.216,307.477,461.216,999.301,768.693,461.216
460,119,845.563,1691.13,1460.52,307.477,230.608,384.347,307.477,1921.73,1537.39,1076.17,1153.04
461,119,999.301,922.432,1306.78,461.216,384.347,461.216,614.955,1383.65,614.955,538.085,845.563
462,119,538.085,538.085,1306.78,691.824,845.563,1153.04,1460.52,691.824,768.693,768.693,307.477
463,119,999.301,461.216,1460.52,922.432,1153.04,922.432,922.432,1076.17,768.693,999.301,614.955
464,119,1306.78,845.563,2306.08,1076.17,768.693,1076.17,768.693,538.085,307.477,461.216,461.216
465,119,1306.78,1383.65,1076.17,2075.47,1153.04,1153.04,614.955,307.477,307.477,230.608,230.608
466,119,1691.13,1306.78,1383.65,691.824,538.085,461.216,153.739,691.824,614.955,461.216,307.477
467,119,1614.26,845.563,1306.78,538.085,307.477,230.608,307.477,922.432,922.432,922.432,691.824
468,119,1383.65,1153.04,922.432,999.301,845.563,384.347,538.085,999.301,1306.78,1306.78,1076.17
469,119,1306.78,1076.17,1229.91,999.301,768.693,922.432,922.432,1460.52,1229.91,1153.04,999.301
470,119,845.563,614.955,1921.73,1153.04,1076.17,999.301,768.693,1229.91,691.824,768.693,768.693
471,119,768.693,691.824,1537.39,1844.86,1844.86,768.693,614.955,538.085,538.085,614.955,614.955
472,119,999.301,1153.04,1921.73,1383.65,999.301,922.432,691.824,461.216,538.085,614.955,461.216
473,119,691.824,999.301,1691.13,691.824,691.824,538.085,384.347,538.085,538.085,538.085,614.955
474,119,922.432,1153.04,1229.91,922.432,768.693,691.824,538.085,384.347,307.477,307.477,461.216
475,119,768.693,922.432,1076.17,691.824,768.693,461.216,384.347,153.739,153.739,153.739,153.739
476,119,614.955,691.824,768.693,384.347,461.216,230.608,230.608,153.739,230.608,307.477,153.739
477,119,538.085,307.477,384.347,307.477,230.608,230.608,230.608,230.608,230.608,230.608,307.477
478,119,384.347,384.347,230.608,153.739,153.739,230.608,153.739,153.739,76.8693,76.8693,230.608
479,119,384.347,307.477,307.477,307.477,153.739,230.608,153.739,76.8693,76.8693,76.8693,76.8693
447,120,307.477,384.347,307.477,230.608,153.739,153.739,76.8693,153.739,76.8693,153.739,153.739
448,120,614.955,768.693,384.347,384.347,153.739,153.739,230.608,230.608,76.8693,76.8693,76.8693
449,120,461.216,307.477,230.608,153.739,76.8693,384.347,307.477,230.608,153.739,153.739,76.8693
450,120,691.824,538.085,307.477,230.608,153.739,153.739,153.739,153.739,461.216,538.085,307.477
451,120,691.824,384.347,538.085,230.608,153.739,307.477,153.739,614.955,538.085,538.085,461.216
452,120,691.824,1229.91,1306.78,230.608,230.608,230.608,230.608,538.085,230.608,230.608,230.608
453,120,922.432,691.824,1076.17,614.955,230.608,230.608,307.477,307.477,307.477,230.608,153.739
454,120,614.955,307.477,538.085,614.955,538.085,461.216,384.347,614.955,384.347,384.347,230.608
455,120,614.955,538.085,999.301,614.955,461.216,307.477,307.477,999.301,1767.99,1537.39,845.563
456,120,384.347,768.693,1076.17,1691.13,845.563,538.085,384.347,2690.43,1614.26,1076.17,1076.17
457,120,538.085,691.824,614.955,1537.39,922.432,614.955,538.085,1614.26,307.477,307.477,384.347
458,120,461.216,1229.91,1153.04,3305.38,2075.47,230.608,307.477,230.608,384.347,614.955,230.608
459,120,538.085,999.301,691.824,1691.13,1076.17,461.216,307.477,614.955,1153.04,922.432,845.563
460,120,1076.17,538.085,922.432,384.347,230.608,691.824,614.955,1998.6,1229.91,845.563,1537.39
461,120,922.432,614.955,1229.91,384.347,461.216,845.563,1153.04,1153.04,845.563,691.824,691.824
462,120,614.955,538.085,1229.91,614.955,999.301,845.563,1076.17,1614.26,1998.6,1691.13,845.563
463,120,768.693,691.824,1691.13,922.432,845.563,768.693,691.824,2152.34,1153.04,999.301,1229.91
464,120,845.563,1306.78,2152.34,1998.6,1614.26,1460.52,1076.17,768.693,307.477,307.477,538.085
465,120,1306.78,1460.52,1537.39,2306.08,2306.08,922.432,614.955,384.347,384.347,307.477,230.608
466,120,1460.52,1076.17,1614.26,845.563,691.824,461.216,307.477,922.432,768.693,538.085,384.347
467,120,1460.52,691.824,1537.39,845.563,538.085,307.477,461.216,999.301,768.693,768.693,768.693
468,120,1306.78,538.085,922.432,1076.17,1153.04,538.085,614.955,768.693,999.301,1153.04,999.301
469,120,1767.99,691.824,1767.99,999.301,999.301,1537.39,1383.65,1076.17,1076.17,999.301,1076.17
470,120,1460.52,538.085,2306.08,999.301,1153.04,1537.39,1229.91,1153.04,691.824,691.824,768.693
471,120,614.955,691.824,1076.17,1460.52,1614.26,922.432,691.824,768.693,614.955,538.085,538.085
472,120,614.955,999.301,1537.39,1306.78,1306.78,922.432,691.824,461.216,461.216,461.216,461.216
473,120,538.085,768.693,999.301,691.824,614.955,922.432,691.824,307.477,307.477,384.347,461.216
474,120,538.085,1076.17,691.824,614.955,614.955,768.693,691.824,230.608,230.608,230.608,307.477
475,120,538.085,1076.17,845.563,307.477,538.085,384.347,384.347,153.739,153.739,153.739,153.739
476,120,768.693,999.301,691.824,384.347,230.608,230.608,153.739,153.739,307.477,307.477,230.608
477,120,614.955,384.347,384.347,307.477,307.477,230.608,230.608,230.608,230.608,230.608,307.477
478,120,307.477,384.347,230.608,153.739,153.739,307.477,230.608,153.739,76.8693,76.8693,153.739
448,121,307.477,768.693,922.432,614.955,384.347,153.739,230.608,384.347,307.477,230.608,153.739
449,121,384.347,384.347,461.216,384.347,230.608,307.477,230.608,384.347,153.739,230.608,153.739
450,121,307.477,691.824,845.563,1076.17,538.085,230.608,230.608,230.608,461.216,461.216,307.477
451,121,307.477,614.955,768.693,538.085,230.608,538.085,307.477,768.693,691.824,614.955,614.955
452,121,384.347,384.347,1383.65,461.216,230.608,307.477,307.477,461.216,230.608,230.608,230.608
453,121,691.824,538.085,768.693,845.563,384.347,307.477,307.477,538.085,614.955,614.955,384.347
454,121,538.085,538.085,461.216,614.955,538.085,384.347,384.347,845.563,461.216,461.216,307.477
455,121,384.347,384.347,1229.91,845.563,768.693,384.347,384.347,691.824,1460.52,1614.26,999.301
456,121,307.477,384.347,999.301,1921.73,1537.39,1460.52,1153.04,1460.52,1153.04,1076.17,1229.91
457,121,538.085,691.824,691.824,1229.91,1229.91,1691.13,1383.65,768.693,230.608,307.477,307.477
458,121,614.955,1306.78,1614.26,2075.47,3228.51,384.347,384.347,153.739,384.347,538.085,230.608
459,121,538.085,922.432,1153.04,1229.91,1691.13,845.563,614.955,614.955,922.432,691.824,768.693
460,121,768.693,691.824,538.085,461.216,307.477,922.432,845.563,1460.52,845.563,538.085,1153.04
461,121,768.693,461.216,691.824,461.216,461.216,461.216,999.301,1229.91,1383.65,1383.65,614.955
462,121,538.085,461.216,999.301,845.563,999.301,538.085,691.824,1998.6,2459.82,2306.08,1767.99
463,121,691.824,768.693,1691.13,1460.52,1229.91,1844.86,1614.26,1614.26,999.301,922.432,1844.86
464,121,691.824,1306.78,2152.34,1767.99,2306.08,1537.39,1229.91,614.955,307.477,307.477,538.085
465,121,1076.17,1383.65,1921.73,1306.78,1844.86,538.085,384.347,538.085,538.085,461.216,230.608
466,121,1229.91,1767.99,1921.73,1306.78,614.955,691.824,461.216,845.563,691.824,461.216,538.085
467,121,1460.52,1537.39,1844.86,922.432,768.693,691.824,768.693,614.955,461.216,461.216,691.824
468,121,1537.39,614.955,1076.17,461.216,922.432,768.693,922.432,461.216,538.085,614.955,538.085
469,121,1691.13,538.085,999.301,538.085,768.693,1460.52,1383.65,691.824,845.563,768.693,691.824
470,121,1767.99,691.824,922.432,768.693,845.563,1537.39,1383.65,1076.17,845.563,768.693,768.693
471,121,999.301,845.563,768.693,845.563,1153.04,922.432,768.693,999.301,691.824,538.085,538.085
472,121,845.563,999.301,1229.91,1076.17,1306.78,768.693,614.955,538.085,384.347,384.347,384.347
473,121,538.085,1153.04,691.824,1076.17,845.563,922.432,768.693,230.608,307.477,307.477,307.477
474,121,461.216,1153.04,768.693,768.693,538.085,538.085,538.085,230.608,230.608,230.608,230.608
475,121,384.347,691.824,614.955,307.477,230.608,384.347,230.608,230.608,153.739,230.608,153.739
476,121,538.085,845.563,538.085,538.085,307.477,230.608,153.739,230.608,230.608,230.608,230.608
477,121,538.085,461.216,384.347,307.477,307.477,307.477,230.608,153.739,153.739,153.739,153.739
480,121,307.477,230.608,153.739,153.739,76.8693,153.739,76.8693,230.608,153.739,153.739,153.739
444,122,153.739,153.739,307.477,307.477,307.477,230.608,230.608,384.347,230.608,307.477,153.739
446,122,153.739,307.477,845.563,1076.17,538.085,307.477,230.608,230.608,153.739,76.8693,76.8693
447,122,230.608,230.608,461.216,384.347,230.608,153.739,153.739,230.608,230.608,230.608,153.739
448,122,230.608,461.216,922.432,691.824,384.347,230.608,230.608,384.347,307.477,307.477,384.347
449,122,230.608,307.477,614.955,307.477,461.216,230.608,153.739,307.477,153.739,153.739,230.608
450,122,230.608,768.693,1537.39,1076.17,1076.17,230.608,230.608,230.608,461.216,538.085,384.347
451,122,307.477,922.432,1076.17,614.955,384.347,461.216,307.477,691.824,614.955,691.824,768.693
452,122,538.085,384.347,845.563,461.216,307.477,538.085,614.955,461.216,384.347,307.477,230.608
453,122,307.477,307.477,461.216,614.955,384.347,461.216,384.347,691.824,1460.52,1306.78,768.693
454,122,384.347,461.216,461.216,768.693,768.693,691.824,691.824,1537.39,999.301,768.693,768.693
455,122,384.347,461.216,768.693,768.693,845.563,691.824,691.824,999.301,461.216,538.085,461.216
456,122,384.347,461.216,461.216,1767.99,1691.13,2382.95,2459.82,384.347,307.477,307.477,461.216
457,122,845.563,307.477,691.824,1383.65,768.693,2844.16,2767.3,153.739,153.739,307.477,153.739
458,122,538.085,461.216,1306.78,614.955,1306.78,614.955,614.955,153.739,307.477,384.347,230.608
459,122,999.301,461.216,691.824,461.216,845.563,768.693,538.085,384.347,538.085,384.347,538.085
460,122,1076.17,538.085,614.955,461.216,307.477,614.955,691.824,845.563,691.824,461.216,691.824
461,122,614.955,307.477,461.216,538.085,461.216,384.347,768.693,1229.91,1229.91,1153.04,845.563
462,122,384.347,307.477,768.693,999.301,1076.17,922.432,1306.78,1229.91,1229.91,1306.78,1767.99
463,122,461.216,614.955,1383.65,1383.65,1844.86,2613.56,2767.3,691.824,691.824,614.955,1153.04
464,122,538.085,1153.04,1691.13,1383.65,1537.39,1460.52,1306.78,614.955,538.085,538.085,384.347
465,122,614.955,1844.86,1691.13,1229.91,845.563,691.824,461.216,538.085,461.216,461.216,461.216
466,122,999.301,1844.86,1921.73,768.693,768.693,922.432,768.693,461.216,461.216,384.347,614.955
467,122,1614.26,2229.21,3074.77,538.085,845.563,691.824,845.563,461.216,384.347,307.477,461.216
468,122,1691.13,1153.04,2075.47,307.477,538.085,614.955,691.824,538.085,614.955,614.955,307.477
469,122,1691.13,1076.17,614.955,538.085,461.216,922.432,922.432,691.824,922.432,999.301,614.955
470,122,2613.56,922.432,691.824,768.693,768.693,1153.04,1076.17,999.301,999.301,922.432,845.563
471,122,1844.86,768.693,691.824,691.824,768.693,922.432,922.432,999.301,691.824,538.085,614.955
472,122,1460.52,922.432,768.693,1383.65,1229.91,691.824,614.955,538.085,461.216,384.347,384.347
473,122,845.563,922.432,614.955,1460.52,1076.17,538.085,461.216,384.347,461.216,461.216,307.477
474,122,691.824,768.693,1076.17,1076.17,691.824,307.477,307.477,384.347,307.477,307.477,307.477
475,122,461.216,461.216,614.955,461.216,307.477,307.477,230.608,307.477,153.739,230.608,230.608
476,122,307.477,538.085,384.347,538.085,538.085,230.608,230.608,153.739,153.739,153.739,153.739
477,122,461.216,538.085,461.216,230.608,230.608,307.477,230.608,153.739,76.8693,76.8693,153.739
480,122,307.477,230.608,230.608,230.608,153.739,230.608,153.739,230.608,153.739,76.8693,153.739
442,123,153.739,76.8693,153.739,153.739,153.739,230.608,153.739,153.739,384.347,384.347,230.608
443,123,153.739,76.8693,153.739,307.477,384.347,384.347,384.347,384.347,461.216,307.477,307.477
444,123,153.739,153.739,307.477,538.085,384.347,614.955,384.347,461.216,230.608,307.477,230.608
446,123,153.739,153.739,538.085,845.563,614.955,538.085,461.216,461.216,153.739,76.8693,153.739
447,123,230.608,230.608,230.608,384.347,230.608,230.608,230.608,307.477,153.739,153.739,153.739
448,123,230.608,153.739,307.477,845.563,538.085,538.085,461.216,230.608,153.739,153.739,230.608
449,123,230.608,153.739,307.477,614.955,384.347,538.085,384.347,153.739,153.739,153.739,230.608
450,123,307.477,384.347,768.693,384.347,768.693,230.608,307.477,307.477,461.216,538.085,384.347
451,123,230.608,538.085,691.824,461.216,307.477,384.347,307.477,538.085,384.347,461.216,538.085
452,123,614.955,384.347,691.824,461.216,230.608,614.955,691.824,307.477,307.477,384.347,230.608
453,123,384.347,230.608,461.216,384.347,461.216,384.347,384.347,538.085,1306.78,1537.39,1076.17
454,123,307.477,307.477,691.824,461.216,768.693,1229.91,1229.91,1153.04,1383.65,1383.65,1460.52
455,123,461.216,691.824,1153.04,768.693,768.693,1076.17,768.693,999.301,538.085,384.347,614.955
456,123,307.477,461.216,691.824,1460.52,1767.99,1153.04,1460.52,384.347,230.608,230.608,230.608
457,123,845.563,461.216,922.432,999.301,1153.04,1614.26,1691.13,153.739,230.608,384.347,230.608
458,123,691.824,691.824,1229.91,845.563,538.085,538.085,461.216,76.8693,153.739,230.608,230.608
459,123,1153.04,538.085,461.216,538.085,307.477,538.085,461.216,153.739,307.477,153.739,307.477
460,123,1229.91,230.608,461.216,384.347,307.477,614.955,614.955,461.216,614.955,384.347,538.085
461,123,691.824,153.739,461.216,461.216,384.347,614.955,845.563,999.301,845.563,691.824,922.432
462,123,614.955,307.477,614.955,768.693,845.563,999.301,1537.39,999.301,922.432,999.301,922.432
463,123,538.085,461.216,768.693,1306.78,1383.65,1614.26,1998.6,999.301,999.301,999.301,614.955
464,123,614.955,1153.04,1383.65,1921.73,1306.78,1153.04,845.563,845.563,538.085,614.955,614.955
465,123,461.216,1537.39,1921.73,1383.65,922.432,999.301,614.955,538.085,461.216,614.955,614.955
466,123,614.955,1383.65,1691.13,461.216,538.085,538.085,614.955,614.955,691.824,614.955,614.955
467,123,922.432,3305.38,2921.03,538.085,538.085,307.477,384.347,845.563,614.955,461.216,461.216
468,123,1306.78,2306.08,2921.03,538.085,461.216,384.347,384.347,768.693,768.693,691.824,384.347
469,123,1691.13,1844.86,1383.65,999.301,845.563,538.085,538.085,768.693,922.432,1076.17,845.563
470,123,2690.43,999.301,1229.91,845.563,845.563,845.563,845.563,845.563,768.693,845.563,999.301
471,123,1998.6,691.824,614.955,1076.17,768.693,999.301,1076.17,768.693,691.824,614.955,614.955
472,123,1614.26,614.955,461.216,1306.78,1306.78,768.693,691.824,691.824,691.824,691.824,461.216
473,123,922.432,384.347,307.477,1076.17,1229.91,384.347,307.477,538.085,538.085,614.955,538.085
474,123,1076.17,691.824,768.693,922.432,768.693,384.347,307.477,384.347,230.608,307.477,384.347
475,123,538.085,461.216,461.216,461.216,461.216,384.347,307.477,230.608,153.739,230.608,153.739
476,123,307.477,461.216,461.216,538.085,461.216,153.739,153.739,230.608,230.608,230.608,153.739
477,123,384.347,538.085,538.085,307.477,230.608,230.608,153.739,230.608,153.739,153.739,153.739
479,123,307.477,307.477,384.347,307.477,230.608,153.739,153.739,153.739,153.739,153.739,153.739
442,124,153.739,153.739,153.739,153.739,153.739,384.347,307.477,230.608,153.739,230.608,153.739
444,124,153.739,76.8693,307.477,461.216,538.085,845.563,614.955,230.608,153.739,230.608,153.739
445,124,230.608,307.477,307.477,307.477,307.477,230.608,230.608,230.608,307.477,307.477,230.608
446,124,307.477,153.739,230.608,461.216,461.216,538.085,461.216,461.216,307.477,153.739,230.608
447,124,307.477,307.477,307.477,230.608,230.608,230.608,230.608,307.477,153.739,76.8693,230.608
448,124,230.608,230.608,230.608,691.824,922.432,538.085,614.955,230.608,76.8693,76.8693,153.739
449,124,153.739,230.608,538.085,999.301,691.824,538.085,384.347,153.739,307.477,307.477,230.608
450,124,230.608,845.563,691.824,538.085,307.477,153.739,153.739,461.216,538.085,461.216,384.347
451,124,230.608,538.085,307.477,384.347,307.477,307.477,307.477,691.824,230.608,230.608,230.608
452,124,384.347,384.347,691.824,461.216,230.608,538.085,691.824,230.608,307.477,230.608,230.608
453,124,461.216,538.085,614.955,614.955,461.216,461.216,461.216,538.085,461.216,614.955,538.085
454,124,307.477,538.085,922.432,691.824,461.216,1153.04,1383.65,538.085,384.347,614.955,691.824
455,124,768.693,691.824,1076.17,461.216,922.432,1767.99,1460.52,307.477,230.608,384.347,384.347
456,124,538.085,384.347,691.824,691.824,1076.17,768.693,614.955,230.608,307.477,384.347,230.608
457,124,614.955,845.563,2075.47,538.085,691.824,384.347,384.347,153.739,230.608,307.477,307.477
458,124,691.824,461.216,1614.26,614.955,691.824,230.608,230.608,153.739,153.739,153.739,153.739
459,124,922.432,384.347,614.955,384.347,384.347,307.477,307.477,230.608,307.477,230.608,153.739
460,124,614.955,307.477,538.085,230.608,230.608,461.216,461.216,691.824,999.301,691.824,461.216
461,124,538.085,307.477,307.477,384.347,307.477,461.216,768.693,1537.39,1229.91,999.301,845.563
462,124,768.693,384.347,307.477,922.432,538.085,614.955,922.432,1614.26,1153.04,1229.91,845.563
463,124,614.955,307.477,384.347,1537.39,1076.17,1076.17,1076.17,1383.65,1153.04,1076.17,922.432
464,124,768.693,614.955,999.301,1767.99,1767.99,1460.52,999.301,1229.91,768.693,691.824,845.563
465,124,538.085,922.432,1844.86,1921.73,1229.91,845.563,614.955,999.301,922.432,1076.17,691.824
466,124,691.824,999.301,1383.65,1153.04,538.085,307.477,230.608,1153.04,1153.04,999.301,845.563
467,124,538.085,2306.08,2997.9,922.432,538.085,384.347,307.477,1153.04,691.824,538.085,691.824
468,124,922.432,1998.6,4612.16,999.301,845.563,538.085,461.216,691.824,845.563,845.563,538.085
469,124,1153.04,2306.08,2767.3,1153.04,1076.17,538.085,461.216,768.693,845.563,922.432,922.432
470,124,1306.78,1306.78,2075.47,999.301,768.693,922.432,845.563,538.085,538.085,614.955,768.693
471,124,1537.39,1153.04,1153.04,1076.17,922.432,1306.78,1153.04,538.085,768.693,845.563,461.216
472,124,1306.78,922.432,999.301,768.693,999.301,1076.17,845.563,691.824,845.563,922.432,691.824
473,124,845.563,307.477,230.608,691.824,768.693,691.824,538.085,461.216,461.216,538.085,691.824
474,124,922.432,768.693,384.347,768.693,691.824,538.085,461.216,307.477,153.739,230.608,307.477
475,124,614.955,461.216,384.347,614.955,461.216,307.477,307.477,230.608,230.608,230.608,153.739
476,124,461.216,384.347,461.216,614.955,461.216,153.739,153.739,307.477,307.477,230.608,153.739
477,124,307.477,461.216,461.216,307.477,230.608,230.608,153.739,230.608,153.739,153.739,153.739
479,124,230.608,461.216,307.477,230.608,230.608,230.608,153.739,153.739,153.739,153.739,153.739
444,125,230.608,153.739,461.216,230.608,384.347,614.955,461.216,153.739,153.739,153.739,153.739
446,125,307.477,230.608,153.739,153.739,230.608,461.216,538.085,307.477,384.347,307.477,230.608
447,125,230.608,307.477,230.608,153.739,153.739,461.216,384.347,461.216,461.216,307.477,538.085
448,125,230.608,384.347,230.608,461.216,614.955,230.608,230.608,461.216,230.608,153.739,384.347
449,125,230.608,307.477,384.347,691.824,845.563,230.608,230.608,307.477,384.347,384.347,230.608
450,125,230.608,922.432,845.563,461.216,384.347,307.477,153.739,691.824,922.432,691.824,614.955
451,125,384.347,538.085,384.347,307.477,307.477,230.608,384.347,1153.04,384.347,230.608,384.347
453,125,538.085,768.693,614.955,845.563,922.432,461.216,461.216,922.432,999.301,768.693,461.216
454,125,461.216,461.216,691.824,461.216,461.216,845.563,999.301,1076.17,538.085,384.347,384.347
455,125,691.824,538.085,845.563,538.085,538.085,1383.65,1306.78,384.347,153.739,230.608,153.739
456,125,768.693,538.085,1153.04,922.432,922.432,1153.04,922.432,153.739,153.739,153.739,153.739
457,125,922.432,999.301,1614.26,691.824,538.085,845.563,461.216,230.608,153.739,76.8693,230.608
458,125,538.085,307.477,999.301,230.608,307.477,384.347,230.608,230.608,153.739,153.739,153.739
459,125,461.216,614.955,1076.17,153.739,153.739,153.739,76.8693,230.608,384.347,384.347,230.608
460,125,384.347,538.085,691.824,307.477,230.608,153.739,153.739,768.693,1076.17,922.432,614.955
461,125,614.955,384.347,538.085,384.347,307.477,384.347,461.216,1306.78,1153.04,999.301,1076.17
462,125,1076.17,461.216,538.085,1306.78,999.301,922.432,922.432,1076.17,999.301,999.301,1076.17
463,125,691.824,230.608,307.477,1153.04,1537.39,1229.91,1229.91,1383.65,1306.78,999.301,1153.04
464,125,461.216,307.477,384.347,1614.26,1614.26,1076.17,922.432,2075.47,1306.78,1076.17,999.301
465,125,691.824,384.347,922.432,3843.47,1921.73,768.693,461.216,1998.6,1460.52,1229.91,922.432
466,125,768.693,538.085,1229.91,2536.69,1614.26,614.955,461.216,1614.26,1153.04,922.432,1076.17
467,125,614.955,922.432,2767.3,1537.39,1306.78,691.824,614.955,922.432,691.824,614.955,768.693
468,125,691.824,1306.78,3151.64,1153.04,1153.04,691.824,691.824,691.824,845.563,922.432,614.955
469,125,614.955,2306.08,2536.69,999.301,922.432,768.693,691.824,691.824,614.955,614.955,768.693
470,125,922.432,1614.26,2152.34,691.824,691.824,999.301,845.563,307.477,307.477,461.216,461.216
471,125,1306.78,1844.86,1460.52,461.216,691.824,1076.17,922.432,461.216,614.955,768.693,461.216
472,125,845.563,1460.52,1537.39,691.824,461.216,1153.04,999.301,538.085,614.955,768.693,768.693
473,125,538.085,768.693,538.085,538.085,538.085,845.563,768.693,307.477,307.477,307.477,614.955
474,125,538.085,768.693,461.216,691.824,614.955,614.955,461.216,230.608,230.608,230.608,230.608
475,125,538.085,230.608,461.216,691.824,538.085,307.477,230.608,307.477,307.477,307.477,153.739
476,125,461.216,461.216,307.477,307.477,461.216,307.477,230.608,384.347,307.477,230.608,230.608
477,125,230.608,230.608,384.347,384.347,307.477,307.477,230.608,153.739,153.739,153.739,230.608
478,125,307.477,384.347,230.608,384.347,307.477,230.608,153.739,76.8693,76.8693,76.8693,153.739
479,125,307.477,461.216,384.347,153.739,230.608,153.739,153.739,153.739,76.8693,153.739,76.8693
481,125,307.477,307.477,153.739,230.608,153.739,153.739,76.8693,76.8693,76.8693,76.8693,76.8693
443,126,230.608,153.739,461.216,461.216,307.477,230.608,153.739,153.739,230.608,230.608,153.739
446,126,230.608,461.216,153.739,307.477,153.739,230.608,384.347,461.216,614.955,614.955,307.477
447,126,153.739,307.477,153.739,384.347,230.608,461.216,461.216,691.824,614.955,461.216,614.955
448,126,230.608,538.085,384.347,1153.04,614.955,307.477,230.608,614.955,384.347,230.608,691.824
449,126,230.608,384.347,384.347,922.432,614.955,230.608,230.608,384.347,384.347,384.347,307.477
450,126,230.608,307.477,384.347,307.477,384.347,384.347,307.477,538.085,922.432,768.693,845.563
451,126,384.347,614.955,614.955,538.085,230.608,461.216,538.085,768.693,461.216,307.477,614.955
452,126,307.477,461.216,691.824,461.216,384.347,461.216,461.216,307.477,614.955,614.955,230.608
453,126,307.477,845.563,999.301,614.955,845.563,384.347,538.085,999.301,1153.04,1229.91,922.432
454,126,461.216,999.301,922.432,384.347,307.477,922.432,845.563,922.432,614.955,614.955,922.432
455,126,691.824,691.824,845.563,1076.17,922.432,538.085,538.085,230.608,153.739,153.739,384.347
456,126,384.347,384.347,691.824,461.216,1076.17,538.085,461.216,153.739,76.8693,76.8693,76.8693
457,126,538.085,614.955,614.955,307.477,461.216,768.693,538.085,230.608,153.739,153.739,76.8693
458,126,461.216,230.608,384.347,307.477,230.608,307.477,153.739,153.739,153.739,153.739,76.8693
459,126,461.216,538.085,1076.17,307.477,153.739,153.739,76.8693,153.739,230.608,230.608,153.739
460,126,461.216,461.216,768.693,461.216,153.739,230.608,230.608,307.477,384.347,461.216,461.216
461,126,614.955,307.477,538.085,461.216,384.347,922.432,999.301,384.347,384.347,461.216,614.955
462,126,1076.17,384.347,461.216,768.693,1229.91,1306.78,1460.52,538.085,768.693,768.693,691.824
463,126,922.432,307.477,461.216,538.085,922.432,999.301,1153.04,1537.39,1460.52,1229.91,922.432
464,126,845.563,691.824,538.085,1306.78,1306.78,1229.91,999.301,2306.08,1614.26,1153.04,1076.17
465,126,1153.04,461.216,614.955,2613.56,3228.51,1306.78,922.432,1921.73,1306.78,999.301,1153.04
466,126,1076.17,384.347,999.301,1921.73,2767.3,922.432,922.432,1306.78,922.432,768.693,999.301
467,126,1153.04,538.085,1306.78,1998.6,1767.99,768.693,845.563,999.301,922.432,922.432,691.824
468,126,691.824,1229.91,1614.26,1383.65,1306.78,768.693,768.693,922.432,922.432,999.301,768.693
469,126,691.824,1767.99,2613.56,1383.65,922.432,999.301,845.563,614.955,461.216,461.216,691.824
470,126,922.432,1306.78,1537.39,691.824,614.955,691.824,614.955,307.477,307.477,384.347,307.477
471,126,845.563,1383.65,999.301,461.216,307.477,768.693,691.824,384.347,461.216,614.955,384.347
472,126,614.955,1306.78,1383.65,999.301,614.955,999.301,922.432,461.216,384.347,461.216,614.955
473,126,461.216,999.301,768.693,461.216,538.085,922.432,768.693,230.608,153.739,230.608,307.477
474,126,307.477,461.216,614.955,614.955,538.085,691.824,461.216,230.608,230.608,307.477,153.739
475,126,384.347,307.477,307.477,384.347,538.085,384.347,307.477,307.477,307.477,307.477,230.608
476,126,307.477,461.216,307.477,230.608,230.608,384.347,384.347,230.608,153.739,153.739,230.608
478,126,384.347,230.608,153.739,230.608,307.477,153.739,153.739,76.8693,76.8693,153.739,76.8693
441,127,153.739,76.8693,307.477,230.608,153.739,230.608,153.739,384.347,153.739,153.739,153.739
445,127,230.608,307.477,230.608,384.347,307.477,76.8693,76.8693,230.608,230.608,307.477,153.739
446,127,153.739,614.955,230.608,461.216,307.477,153.739,153.739,307.477,538.085,614.955,307.477
447,127,153.739,384.347,230.608,384.347,307.477,538.085,538.085,384.347,461.216,461.216,461.216
448,127,230.608,307.477,461.216,999.301,1076.17,614.955,461.216,461.216,307.477,230.608,538.085
449,127,230.608,768.693,614.955,845.563,691.824,230.608,230.608,307.477,153.739,230.608,307.477
450,127,230.608,307.477,384.347,384.347,384.347,230.608,230.608,230.608,384.347,384.347,538.085
451,127,230.608,768.693,845.563,845.563,384.347,538.085,768.693,307.477,230.608,230.608,461.216
452,127,307.477,691.824,614.955,538.085,384.347,614.955,614.955,230.608,461.216,461.216,307.477
453,127,384.347,614.955,845.563,538.085,461.216,307.477,461.216,538.085,614.955,691.824,768.693
454,127,461.216,538.085,845.563,538.085,538.085,845.563,1076.17,307.477,230.608,230.608,614.955
455,127,691.824,768.693,1153.04,1229.91,922.432,691.824,691.824,153.739,76.8693,76.8693,230.608
456,127,538.085,307.477,384.347,384.347,384.347,384.347,230.608,153.739,153.739,76.8693,76.8693
457,127,230.608,230.608,384.347,691.824,384.347,230.608,153.739,230.608,230.608,153.739,153.739
458,127,307.477,230.608,461.216,538.085,461.216,153.739,153.739,307.477,153.739,153.739,153.739
459,127,538.085,307.477,999.301,538.085,384.347,230.608,153.739,153.739,153.739,153.739,153.739
460,127,691.824,307.477,1153.04,538.085,384.347,307.477,384.347,153.739,307.477,307.477,153.739
461,127,461.216,307.477,384.347,461.216,384.347,999.301,1153.04,307.477,461.216,538.085,307.477
462,127,845.563,384.347,538.085,384.347,461.216,768.693,922.432,538.085,691.824,768.693,461.216
463,127,1076.17,230.608,614.955,307.477,384.347,1460.52,1076.17,768.693,768.693,768.693,768.693
464,127,922.432,384.347,461.216,461.216,999.301,2152.34,1921.73,999.301,845.563,691.824,922.432
465,127,999.301,384.347,845.563,691.824,1767.99,1614.26,1691.13,1306.78,1153.04,845.563,845.563
466,127,1614.26,384.347,768.693,1614.26,1614.26,999.301,1153.04,1614.26,1306.78,1153.04,845.563
467,127,1460.52,691.824,845.563,2306.08,1998.6,768.693,768.693,1460.52,1153.04,1076.17,922.432
468,127,922.432,1076.17,1844.86,1691.13,1691.13,1076.17,845.563,922.432,768.693,768.693,999.301
469,127,768.693,999.301,1767.99,2229.21,1614.26,922.432,845.563,538.085,461.216,461.216,614.955
470,127,614.955,845.563,691.824,1229.91,922.432,614.955,384.347,461.216,307.477,384.347,230.608
471,127,691.824,768.693,538.085,922.432,461.216,768.693,614.955,307.477,307.477,384.347,307.477
472,127,768.693,845.563,614.955,999.301,922.432,845.563,768.693,230.608,230.608,230.608,307.477
473,127,538.085,768.693,538.085,307.477,384.347,845.563,614.955,153.739,153.739,153.739,153.739
474,127,307.477,384.347,461.216,538.085,384.347,538.085,384.347,153.739,230.608,230.608,153.739
475,127,384.347,384.347,230.608,230.608,230.608,307.477,307.477,230.608,230.608,230.608,230.608
476,127,307.477,384.347,614.955,461.216,230.608,384.347,384.347,153.739,76.8693,76.8693,153.739
441,128,153.739,153.739,307.477,230.608,307.477,461.216,384.347,307.477,307.477,230.608,230.608
444,128,230.608,230.608,230.608,614.955,153.739,384.347,230.608,307.477,384.347,307.477,307.477
445,128,153.739,307.477,153.739,384.347,230.608,153.739,153.739,307.477,230.608,230.608,153.739
446,128,153.739,307.477,307.477,614.955,307.477,461.216,384.347,153.739,230.608,307.477,230.608
447,128,230.608,307.477,384.347,538.085,384.347,1076.17,922.432,153.739,230.608,230.608,230.608
448,128,230.608,230.608,384.347,307.477,538.085,691.824,691.824,307.477,153.739,153.739,230.608
449,128,307.477,614.955,461.216,614.955,538.085,230.608,230.608,230.608,153.739,153.739,153.739
450,128,230.608,461.216,307.477,461.216,384.347,153.739,153.739,384.347,230.608,230.608,153.739
452,128,230.608,691.824,691.824,1076.17,614.955,307.477,384.347,153.739,307.477,307.477,307.477
453,128,461.216,768.693,922.432,845.563,614.955,384.347,538.085,230.608,307.477,230.608,461.216
454,128,461.216,614.955,307.477,461.216,461.216,538.085,845.563,230.608,153.739,153.739,230.608
455,128,307.477,230.608,384.347,768.693,691.824,307.477,384.347,230.608,153.739,153.739,153.739
456,128,307.477,307.477,307.477,230.608,307.477,153.739,153.739,230.608,153.739,153.739,76.8693
459,128,461.216,153.739,461.216,384.347,461.216,230.608,153.739,153.739,307.477,384.347,230.608
460,128,845.563,230.608,845.563,384.347,384.347,230.608,230.608,307.477,538.085,614.955,384.347
461,128,922.432,461.216,768.693,461.216,307.477,307.477,384.347,384.347,461.216,538.085,538.085
462,128,922.432,461.216,1229.91,691.824,307.477,614.955,538.085,307.477,230.608,307.477,538.085
463,128,691.824,384.347,1229.91,461.216,307.477,1614.26,1537.39,384.347,538.085,384.347,384.347
464,128,538.085,614.955,1537.39,307.477,307.477,1537.39,1844.86,1229.91,1229.91,922.432,461.216
465,128,999.301,614.955,1844.86,538.085,538.085,1153.04,1383.65,1921.73,1691.13,1537.39,922.432
466,128,1076.17,768.693,1076.17,1460.52,1691.13,1076.17,1153.04,1460.52,1306.78,1229.91,1306.78
467,128,999.301,922.432,1153.04,1767.99,2229.21,1229.91,1153.04,922.432,691.824,691.824,1076.17
468,128,1076.17,922.432,1229.91,1306.78,1460.52,1306.78,1153.04,614.955,614.955,614.955,691.824
469,128,614.955,1153.04,922.432,1767.99,1921.73,768.693,614.955,614.955,538.085,538.085,461.216
470,128,461.216,1153.04,538.085,1383.65,1153.04,845.563,538.085,461.216,230.608,230.608,307.477
471,128,845.563,461.216,307.477,1229.91,922.432,691.824,614.955,153.739,153.739,153.739,230.608
472,128,922.432,538.085,230.608,461.216,845.563,461.216,461.216,230.608,153.739,153.739,153.739
473,128,538.085,614.955,384.347,538.085,230.608,384.347,307.477,153.739,153.739,153.739,76.8693
474,128,307.477,307.477,230.608,614.955,384.347,230.608,153.739,153.739,230.608,230.608,153.739
475,128,384.347,307.477,384.347,153.739,153.739,384.347,307.477,230.608,153.739,153.739,153.739
444,129,153.739,230.608,153.739,845.563,307.477,461.216,384.347,230.608,384.347,384.347,307.477
445,129,153.739,307.477,307.477,384.347,153.739,307.477,230.608,384.347,230.608,230.608,230.608
447,129,307.477,307.477,384.347,845.563,614.955,999.301,768.693,153.739,153.739,76.8693,76.8693
448,129,230.608,384.347,307.477,461.216,307.477,461.216,384.347,230.608,153.739,76.8693,76.8693
449,129,230.608,307.477,230.608,768.693,538.085,230.608,230.608,307.477,307.477,384.347,153.739
450,129,153.739,384.347,538.085,768.693,384.347,230.608,153.739,614.955,461.216,461.216,230.608
451,129,153.739,461.216,691.824,461.216,384.347,384.347,307.477,461.216,153.739,230.608,153.739
452,129,230.608,614.955,384.347,691.824,768.693,307.477,307.477,153.739,153.739,153.739,153.739
453,129,307.477,461.216,845.563,768.693,922.432,691.824,538.085,230.608,230.608,153.739,153.739
454,129,307.477,384.347,461.216,230.608,307.477,461.216,384.347,384.347,230.608,230.608,153.739
455,129,307.477,153.739,230.608,230.608,307.477,307.477,230.608,384.347,307.477,307.477,153.739
456,129,307.477,230.608,230.608,230.608,153.739,307.477,230.608,307.477,153.739,153.739,153.739
458,129,384.347,691.824,999.301,307.477,384.347,384.347,384.347,153.739,153.739,153.739,153.739
459,129,538.085,461.216,614.955,307.477,230.608,307.477,230.608,153.739,230.608,307.477,230.608
460,129,768.693,307.477,922.432,384.347,230.608,230.608,230.608,384.347,384.347,384.347,461.216
461,129,922.432,461.216,922.432,230.608,230.608,307.477,384.347,614.955,307.477,230.608,461.216
462,129,768.693,461.216,845.563,384.347,384.347,614.955,614.955,384.347,461.216,538.085,230.608
463,129,538.085,845.563,1306.78,384.347,384.347,614.955,691.824,691.824,1153.04,1153.04,461.216
464,129,691.824,691.824,1998.6,307.477,307.477,768.693,691.824,1460.52,1537.39,1460.52,1153.04
465,129,691.824,922.432,1767.99,461.216,538.085,1383.65,1306.78,1229.91,1153.04,1229.91,1691.13
466,129,614.955,999.301,1306.78,1076.17,1614.26,1537.39,1614.26,768.693,691.824,691.824,1306.78
467,129,999.301,768.693,845.563,999.301,1306.78,1614.26,1614.26,614.955,691.824,691.824,614.955
468,129,845.563,922.432,768.693,999.301,922.432,1153.04,1153.04,614.955,768.693,768.693,538.085
469,129,538.085,1691.13,1229.91,1229.91,1153.04,768.693,691.824,614.955,461.216,384.347,538.085
470,129,384.347,1153.04,1153.04,1153.04,999.301,999.301,691.824,230.608,153.739,153.739,307.477
471,129,461.216,384.347,538.085,922.432,845.563,384.347,384.347,307.477,307.477,307.477,153.739
472,129,461.216,461.216,307.477,538.085,307.477,230.608,230.608,538.085,307.477,230.608,153.739
473,129,384.347,461.216,538.085,845.563,538.085,230.608,153.739,230.608,153.739,230.608,153.739
474,129,461.216,230.608,384.347,384.347,538.085,307.477,230.608,153.739,153.739,153.739,153.739
475,129,384.347,307.477,307.477,153.739,76.8693,461.216,384.347,153.739,76.8693,76.8693,153.739
477,129,307.477,230.608,153.739,153.739,153.739,153.739,153.739,230.608,153.739,153.739,76.8693
478,129,230.608,153.739,230.608,230.608,230.608,384.347,307.477,153.739,76.8693,76.8693,153.739
445,130,153.739,153.739,384.347,384.347,230.608,538.085,461.216,230.608,153.739,153.739,153.739
447,130,307.477,153.739,307.477,691.824,691.824,384.347,307.477,153.739,76.8693,76.8693,76.8693
448,130,230.608,307.477,153.739,461.216,307.477,307.477,230.608,153.739,153.739,153.739,76.8693
449,130,153.739,153.739,307.477,538.085,384.347,230.608,230.608,230.608,538.085,538.085,307.477
450,130,153.739,307.477,384.347,691.824,384.347,461.216,307.477,614.955,691.824,538.085,461.216
451,130,153.739,384.347,614.955,691.824,307.477,768.693,691.824,538.085,230.608,153.739,230.608
452,130,230.608,307.477,384.347,461.216,384.347,384.347,384.347,230.608,153.739,153.739,76.8693
453,130,307.477,307.477,307.477,230.608,461.216,614.955,461.216,230.608,230.608,153.739,153.739
454,130,384.347,230.608,230.608,153.739,153.739,384.347,307.477,461.216,307.477,307.477,230.608
455,130,230.608,230.608,153.739,307.477,307.477,384.347,307.477,384.347,384.347,461.216,307.477
456,130,384.347,230.608,230.608,230.608,230.608,384.347,384.347,230.608,153.739,153.739,230.608
457,130,538.085,384.347,538.085,230.608,307.477,153.739,230.608,153.739,76.8693,76.8693,76.8693
459,130,1076.17,614.955,1076.17,538.085,230.608,230.608,230.608,153.739,230.608,230.608,153.739
460,130,922.432,307.477,845.563,461.216,384.347,461.216,307.477,461.216,384.347,230.608,307.477
461,130,461.216,307.477,538.085,230.608,153.739,614.955,461.216,768.693,307.477,230.608,384.347
462,130,614.955,768.693,999.301,307.477,384.347,384.347,307.477,538.085,538.085,614.955,307.477
463,130,538.085,845.563,1306.78,461.216,538.085,614.955,461.216,768.693,922.432,922.432,845.563
464,130,384.347,922.432,1076.17,691.824,461.216,1306.78,1076.17,845.563,768.693,845.563,1306.78
465,130,384.347,1229.91,1383.65,691.824,538.085,1383.65,1691.13,768.693,845.563,845.563,1076.17
466,130,845.563,845.563,1229.91,922.432,999.301,1153.04,1460.52,1153.04,999.301,922.432,614.955
467,130,768.693,691.824,461.216,1306.78,999.301,1306.78,1153.04,922.432,999.301,1153.04,691.824
468,130,461.216,614.955,614.955,1537.39,1076.17,768.693,768.693,691.824,845.563,845.563,922.432
469,130,384.347,999.301,999.301,845.563,845.563,845.563,768.693,614.955,384.347,384.347,614.955
470,130,384.347,614.955,1076.17,999.301,922.432,614.955,614.955,307.477,384.347,461.216,230.608
471,130,307.477,538.085,538.085,999.301,768.693,230.608,230.608,538.085,461.216,461.216,230.608
472,130,230.608,614.955,384.347,614.955,461.216,538.085,384.347,461.216,230.608,230.608,307.477
474,130,461.216,307.477,307.477,153.739,384.347,307.477,307.477,153.739,153.739,153.739,153.739
475,130,307.477,307.477,230.608,307.477,153.739,307.477,307.477,153.739,76.8693,76.8693,153.739
477,130,307.477,153.739,230.608,153.739,153.739,307.477,230.608,153.739,76.8693,76.8693,76.8693
486,130,230.608,153.739,153.739,153.739,76.8693,153.739,76.8693,153.739,153.739,153.739,153.739
442,131,153.739,153.739,230.608,307.477,307.477,384.347,230.608,153.739,307.477,230.608,230.608
443,131,153.739,153.739,153.739,461.216,307.477,307.477,230.608,307.477,153.739,76.8693,153.739
446,131,153.739,153.739,461.216,461.216,230.608,768.693,538.085,153.739,76.8693,76.8693,76.8693
448,131,153.739,153.739,230.608,461.216,307.477,307.477,230.608,153.739,153.739,153.739,153.739
449,131,153.739,153.739,307.477,768.693,461.216,153.739,230.608,153.739,307.477,384.347,307.477
450,131,153.739,230.608,384.347,768.693,307.477,384.347,384.347,230.608,384.347,461.216,538.085
451,131,230.608,384.347,384.347,461.216,384.347,768.693,845.563,230.608,230.608,153.739,307.477
452,131,307.477,384.347,307.477,307.477,307.477,307.477,307.477,230.608,153.739,76.8693,153.739
453,131,307.477,230.608,461.216,76.8693,153.739,307.477,230.608,153.739,153.739,153.739,153.739
454,131,230.608,461.216,461.216,153.739,153.739,153.739,153.739,307.477,307.477,307.477,307.477
455,131,230.608,538.085,384.347,384.347,307.477,230.608,230.608,384.347,307.477,307.477,384.347
456,131,307.477,691.824,614.955,691.824,307.477,384.347,461.216,153.739,153.739,153.739,230.608
457,131,538.085,1229.91,999.301,461.216,307.477,230.608,230.608,153.739,230.608,230.608,153.739
458,131,461.216,691.824,768.693,307.477,153.739,76.8693,153.739,230.608,230.608,153.739,230.608
459,131,614.955,538.085,845.563,461.216,461.216,153.739,153.739,230.608,230.608,153.739,230.608
460,131,922.432,538.085,768.693,384.347,384.347,384.347,230.608,461.216,307.477,153.739,230.608
461,131,461.216,691.824,845.563,538.085,307.477,384.347,384.347,614.955,384.347,230.608,307.477
462,131,230.608,614.955,1076.17,461.216,384.347,230.608,307.477,768.693,614.955,384.347,384.347
463,131,384.347,691.824,768.693,845.563,691.824,538.085,538.085,691.824,384.347,384.347,614.955
464,131,384.347,1306.78,1383.65,922.432,922.432,999.301,1076.17,461.216,614.955,691.824,538.085
465,131,384.347,1229.91,1537.39,768.693,768.693,922.432,1076.17,999.301,1229.91,1229.91,691.824
466,131,538.085,768.693,691.824,922.432,999.301,1153.04,999.301,1076.17,999.301,1153.04,999.301
467,131,461.216,384.347,307.477,1844.86,1383.65,1306.78,999.301,538.085,614.955,922.432,1076.17
468,131,307.477,461.216,307.477,1383.65,1306.78,1076.17,845.563,384.347,538.085,614.955,845.563
469,131,307.477,384.347,307.477,307.477,538.085,1076.17,845.563,461.216,384.347,384.347,384.347
470,131,307.477,461.216,384.347,691.824,768.693,461.216,384.347,230.608,307.477,384.347,230.608
471,131,307.477,691.824,230.608,538.085,768.693,768.693,538.085,230.608,230.608,230.608,384.347
472,131,307.477,461.216,461.216,230.608,461.216,922.432,845.563,153.739,76.8693,76.8693,230.608
474,131,384.347,230.608,230.608,230.608,230.608,230.608,153.739,230.608,153.739,153.739,76.8693
442,132,230.608,153.739,153.739,230.608,230.608,384.347,230.608,153.739,153.739,153.739,76.8693
443,132,153.739,153.739,153.739,307.477,307.477,461.216,307.477,153.739,153.739,153.739,76.8693
448,132,153.739,76.8693,230.608,461.216,307.477,230.608,153.739,307.477,307.477,307.477,230.608
453,132,230.608,384.347,230.608,384.347,153.739,153.739,153.739,384.347,153.739,153.739,76.8693
456,132,230.608,384.347,538.085,538.085,538.085,307.477,384.347,153.739,153.739,230.608,153.739
457,132,461.216,845.563,1383.65,461.216,384.347,153.739,153.739,230.608,307.477,384.347,230.608
458,132,691.824,999.301,999.301,307.477,230.608,230.608,230.608,461.216,384.347,307.477,384.347
459,132,384.347,384.347,384.347,384.347,307.477,230.608,153.739,461.216,384.347,230.608,307.477
460,132,614.955,384.347,614.955,691.824,384.347,153.739,153.739,691.824,461.216,307.477,230.608
461,132,691.824,845.563,691.824,614.955,461.216,230.608,307.477,999.301,691.824,384.347,307.477
462,132,307.477,845.563,461.216,768.693,538.085,230.608,384.347,845.563,461.216,307.477,384.347
463,132,153.739,1306.78,768.693,1153.04,999.301,384.347,384.347,307.477,230.608,230.608,230.608
464,132,461.216,1614.26,1383.65,845.563,922.432,614.955,691.824,307.477,614.955,691.824,384.347
465,132,461.216,1153.04,845.563,768.693,614.955,922.432,845.563,614.955,691.824,768.693,922.432
466,132,230.608,614.955,384.347,691.824,691.824,1691.13,1383.65,461.216,384.347,461.216,922.432
467,132,307.477,461.216,307.477,1076.17,1229.91,1383.65,1229.91,153.739,230.608,384.347,538.085
468,132,307.477,384.347,230.608,538.085,922.432,1383.65,1076.17,153.739,230.608,307.477,307.477
469,132,307.477,307.477,153.739,461.216,230.608,1383.65,1076.17,153.739,153.739,153.739,230.608
470,132,384.347,384.347,153.739,538.085,384.347,691.824,614.955,76.8693,153.739,153.739,230.608
471,132,307.477,307.477,307.477,230.608,384.347,845.563,691.824,153.739,76.8693,153.739,230.608
473,132,230.608,538.085,153.739,384.347,230.608,153.739,153.739,230.608,153.739,153.739,76.8693
474,132,230.608,230.608,307.477,230.608,230.608,307.477,230.608,230.608,76.8693,76.8693,76.8693
442,133,230.608,153.739,76.8693,153.739,230.608,307.477,153.739,153.739,76.8693,76.8693,76.8693
448,133,153.739,153.739,230.608,307.477,307.477,230.608,153.739,153.739,307.477,384.347,307.477
449,133,153.739,153.739,307.477,461.216,384.347,230.608,153.739,230.608,538.085,461.216,461.216
450,133,153.739,230.608,461.216,461.216,307.477,230.608,153.739,614.955,768.693,538.085,538.085
451,133,153.739,307.477,307.477,307.477,230.608,153.739,153.739,691.824,384.347,307.477,307.477
453,133,153.739,307.477,230.608,538.085,461.216,76.8693,76.8693,461.216,230.608,153.739,153.739
454,133,153.739,461.216,307.477,691.824,384.347,153.739,153.739,230.608,76.8693,76.8693,76.8693
455,133,230.608,768.693,691.824,1537.39,691.824,230.608,230.608,76.8693,76.8693,76.8693,76.8693
456,133,307.477,1076.17,538.085,922.432,461.216,153.739,230.608,153.739,153.739,230.608,76.8693
457,133,307.477,538.085,614.955,307.477,230.608,307.477,230.608,384.347,307.477,307.477,230.608
458,133,307.477,922.432,1076.17,461.216,307.477,307.477,307.477,461.216,384.347,230.608,384.347
459,133,307.477,1153.04,461.216,614.955,538.085,153.739,153.739,461.216,538.085,461.216,384.347
460,133,230.608,461.216,230.608,538.085,691.824,153.739,153.739,999.301,999.301,768.693,614.955
461,133,384.347,461.216,384.347,691.824,461.216,230.608,307.477,1229.91,922.432,538.085,768.693
462,133,307.477,307.477,384.347,1153.04,999.301,461.216,538.085,691.824,384.347,230.608,384.347
463,133,153.739,461.216,384.347,1153.04,1076.17,461.216,538.085,384.347,461.216,384.347,153.739
464,133,307.477,845.563,538.085,922.432,691.824,307.477,461.216,538.085,614.955,614.955,538.085
465,133,307.477,845.563,384.347,461.216,461.216,922.432,845.563,384.347,307.477,307.477,614.955
466,133,230.608,538.085,307.477,538.085,461.216,1460.52,1306.78,153.739,230.608,230.608,307.477
467,133,230.608,307.477,307.477,614.955,538.085,691.824,691.824,230.608,230.608,307.477,153.739
468,133,230.608,230.608,384.347,614.955,307.477,845.563,691.824,230.608,153.739,230.608,230.608
469,133,230.608,230.608,307.477,691.824,307.477,768.693,614.955,153.739,153.739,230.608,153.739
470,133,230.608,230.608,230.608,384.347,384.347,384.347,307.477,230.608,230.608,230.608,153.739
471,133,230.608,153.739,230.608,230.608,153.739,307.477,230.608,307.477,230.608,230.608,153.739
472,133,307.477,307.477,230.608,384.347,230.608,230.608,153.739,230.608,153.739,153.739,153.739
473,133,307.477,384.347,230.608,230.608,384.347,307.477,230.608,153.739,153.739,76.8693,153.739
441,134,230.608,153.739,153.739,153.739,76.8693,384.347,307.477,153.739,76.8693,76.8693,76.8693
448,134,153.739,153.739,230.608,384.347,230.608,307.477,230.608,230.608,153.739,230.608,153.739
450,134,153.739,153.739,384.347,384.347,307.477,307.477,230.608,230.608,461.216,538.085,538.085
451,134,153.739,153.739,230.608,307.477,230.608,230.608,307.477,384.347,307.477,307.477,461.216
453,134,230.608,384.347,230.608,538.085,538.085,230.608,230.608,384.347,307.477,153.739,230.608
454,134,230.608,307.477,153.739,538.085,461.216,307.477,307.477,461.216,230.608,153.739,153.739
456,134,230.608,538.085,922.432,845.563,691.824,230.608,153.739,153.739,153.739,153.739,76.8693
457,134,307.477,307.477,384.347,461.216,230.608,384.347,230.608,230.608,230.608,153.739,153.739
459,134,230.608,845.563,845.563,691.824,538.085,153.739,153.739,461.216,614.955,614.955,307.477
460,134,307.477,538.085,384.347,922.432,461.216,230.608,307.477,1153.04,1229.91,1076.17,999.301
461,134,307.477,230.608,307.477,1383.65,922.432,614.955,691.824,1229.91,922.432,691.824,999.301
462,134,230.608,307.477,614.955,1921.73,1306.78,691.824,768.693,845.563,614.955,538.085,461.216
463,134,230.608,307.477,461.216,1537.39,1153.04,384.347,461.216,614.955,691.824,691.824,461.216
464,134,153.739,538.085,153.739,845.563,845.563,384.347,307.477,461.216,461.216,538.085,614.955
465,134,307.477,461.216,230.608,691.824,461.216,768.693,691.824,307.477,307.477,307.477,307.477
466,134,307.477,307.477,230.608,768.693,461.216,538.085,538.085,307.477,384.347,461.216,230.608
467,134,307.477,230.608,384.347,538.085,461.216,230.608,230.608,461.216,307.477,384.347,307.477
468,134,230.608,153.739,461.216,538.085,538.085,538.085,307.477,307.477,230.608,307.477,230.608
469,134,230.608,153.739,307.477,307.477,538.085,230.608,230.608,230.608,307.477,384.347,153.739
470,134,307.477,230.608,230.608,307.477,307.477,153.739,153.739,307.477,307.477,307.477,307.477
471,134,230.608,153.739,153.739,538.085,153.739,384.347,230.608,230.608,153.739,153.739,307.477
447,135,153.739,153.739,230.608,153.739,153.739,230.608,153.739,153.739,230.608,307.477,153.739
448,135,153.739,153.739,230.608,307.477,307.477,230.608,230.608,307.477,461.216,384.347,307.477
449,135,76.8693,76.8693,230.608,461.216,307.477,230.608,230.608,384.347,230.608,230.608,230.608
451,135,153.739,153.739,153.739,384.347,230.608,538.085,614.955,384.347,153.739,153.739,153.739
452,135,230.608,230.608,153.739,538.085,307.477,461.216,384.347,230.608,76.8693,76.8693,76.8693
453,135,230.608,384.347,153.739,999.301,614.955,307.477,307.477,230.608,384.347,307.477,230.608
454,135,230.608,461.216,230.608,1076.17,384.347,384.347,384.347,614.955,538.085,384.347,384.347
455,135,230.608,384.347,230.608,691.824,538.085,230.608,153.739,538.085,230.608,153.739,230.608
456,135,153.739,461.216,307.477,1076.17,691.824,230.608,230.608,230.608,76.8693,76.8693,76.8693
457,135,153.739,384.347,307.477,1691.13,538.085,384.347,307.477,76.8693,153.739,153.739,76.8693
458,135,230.608,461.216,384.347,691.824,307.477,307.477,307.477,153.739,153.739,230.608,76.8693
459,135,230.608,384.347,384.347,461.216,384.347,230.608,230.608,384.347,691.824,768.693,307.477
460,135,230.608,307.477,307.477,384.347,538.085,461.216,538.085,768.693,1076.17,1153.04,845.563
461,135,153.739,230.608,153.739,614.955,845.563,845.563,922.432,691.824,768.693,845.563,845.563
462,135,153.739,153.739,384.347,1229.91,1306.78,845.563,845.563,384.347,461.216,538.085,538.085
463,135,153.739,307.477,307.477,1076.17,1153.04,614.955,538.085,230.608,384.347,384.347,538.085
464,135,153.739,153.739,153.739,768.693,614.955,538.085,538.085,230.608,307.477,384.347,384.347
465,135,153.739,307.477,153.739,538.085,538.085,538.085,461.216,230.608,307.477,384.347,230.608
466,135,153.739,230.608,153.739,307.477,538.085,461.216,307.477,230.608,307.477,307.477,307.477
467,135,153.739,307.477,230.608,230.608,384.347,614.955,384.347,230.608,230.608,230.608,384.347
468,135,230.608,230.608,307.477,230.608,384.347,461.216,384.347,153.739,153.739,230.608,230.608
470,135,230.608,230.608,307.477,538.085,153.739,230.608,230.608,153.739,153.739,153.739,307.477
488,135,153.739,153.739,230.608,461.216,384.347,230.608,153.739,76.8693,76.8693,153.739,76.8693
448,136,153.739,153.739,230.608,230.608,307.477,230.608,230.608,153.739,307.477,461.216,384.347
449,136,76.8693,153.739,230.608,153.739,307.477,307.477,307.477,230.608,307.477,384.347,384.347
451,136,153.739,153.739,230.608,384.347,384.347,384.347,461.216,461.216,384.347,307.477,230.608
452,136,230.608,307.477,230.608,384.347,307.477,384.347,307.477,461.216,230.608,153.739,153.739
453,136,230.608,307.477,153.739,461.216,768.693,230.608,230.608,153.739,153.739,230.608,153.739
454,136,153.739,230.608,153.739,614.955,768.693,461.216,461.216,307.477,461.216,538.085,307.477
455,136,153.739,230.608,307.477,384.347,538.085,307.477,307.477,614.955,384.347,307.477,307.477
456,136,153.739,230.608,230.608,768.693,922.432,230.608,153.739,307.477,76.8693,76.8693,76.8693
458,136,153.739,384.347,691.824,691.824,614.955,307.477,230.608,153.739,153.739,153.739,153.739
459,136,153.739,307.477,307.477,307.477,230.608,384.347,307.477,230.608,307.477,461.216,307.477
460,136,230.608,153.739,230.608,307.477,307.477,922.432,922.432,307.477,384.347,614.955,538.085
461,136,153.739,153.739,230.608,461.216,384.347,1537.39,1460.52,153.739,230.608,384.347,461.216
462,136,153.739,76.8693,307.477,614.955,614.955,1306.78,1229.91,153.739,153.739,230.608,230.608
463,136,153.739,153.739,384.347,614.955,538.085,691.824,691.824,230.608,230.608,307.477,230.608
464,136,153.739,230.608,230.608,307.477,384.347,614.955,538.085,153.739,230.608,307.477,230.608
465,136,230.608,230.608,153.739,230.608,384.347,768.693,538.085,153.739,153.739,230.608,230.608
466,136,153.739,230.608,153.739,230.608,230.608,845.563,614.955,76.8693,76.8693,76.8693,230.608
472,136,307.477,76.8693,153.739,230.608,76.8693,76.8693,76.8693,230.608,307.477,307.477,153.739
450,137,153.739,153.739,230.608,307.477,153.739,461.216,307.477,153.739,230.608,307.477,230.608
451,137,153.739,230.608,230.608,461.216,230.608,307.477,307.477,230.608,461.216,461.216,461.216
452,137,230.608,153.739,230.608,461.216,307.477,538.085,384.347,384.347,384.347,307.477,461.216
454,137,153.739,153.739,153.739,614.955,384.347,307.477,307.477,153.739,230.608,307.477,153.739
455,137,76.8693,230.608,230.608,614.955,307.477,922.432,768.693,153.739,230.608,230.608,230.608
456,137,153.739,153.739,230.608,614.955,461.216,922.432,691.824,153.739,76.8693,76.8693,76.8693
458,137,153.739,76.8693,461.216,307.477,384.347,307.477,153.739,230.608,230.608,230.608,153.739
460,137,76.8693,76.8693,230.608,230.608,307.477,845.563,768.693,153.739,230.608,307.477,230.608
461,137,153.739,76.8693,153.739,307.477,384.347,1229.91,1153.04,153.739,307.477,307.477,230.608
462,137,153.739,76.8693,230.608,230.608,230.608,922.432,845.563,153.739,230.608,384.347,230.608
463,137,76.8693,230.608,230.608,153.739,153.739,845.563,538.085,230.608,230.608,307.477,230.608
464,137,153.739,153.739,153.739,230.608,153.739,614.955,461.216,153.739,153.739,153.739,230.608
468,137,230.608,307.477,230.608,230.608,153.739,230.608,153.739,230.608,230.608,153.739,153.739
471,137,307.477,153.739,230.608,230.608,153.739,76.8693,76.8693,153.739,230.608,230.608,230.608
472,137,230.608,153.739,153.739,307.477,153.739,153.739,153.739,230.608,153.739,230.608,307.477
458,138,153.739,153.739,384.347,153.739,153.739,384.347,230.608,153.739,153.739,230.608,153.739
461,138,76.8693,76.8693,153.739,153.739,153.739,614.955,461.216,76.8693,153.739,307.477,230.608
462,138,76.8693,76.8693,230.608,153.739,76.8693,461.216,307.477,153.739,153.739,307.477,230.608
465,138,153.739,153.739,153.739,307.477,384.347,307.477,153.739,153.739,153.739,153.739,76.8693
486,138,76.8693,76.8693,153.739,307.477,230.608,230.608,230.608,691.824,538.085,384.347,384.347
487,138,76.8693,153.739,153.739,307.477,230.608,153.739,153.739,614.955,230.608,153.739,230.608
488,138,76.8693,307.477,230.608,768.693,538.085,307.477,153.739,153.739,230.608,230.608,230.608
453,139,76.8693,76.8693,153.739,384.347,153.739,307.477,307.477,153.739,230.608,307.477,153.739
454,139,76.8693,153.739,230.608,230.608,230.608,384.347,230.608,230.608,230.608,230.608,153.739
461,139,76.8693,76.8693,153.739,230.608,153.739,384.347,230.608,76.8693,76.8693,153.739,76.8693
464,139,76.8693,230.608,76.8693,307.477,230.608,461.216,230.608,76.8693,76.8693,76.8693,76.8693
481,139,153.739,76.8693,76.8693,153.739,76.8693,153.739,76.8693,230.608,76.8693,153.739,76.8693
484,139,153.739,76.8693,153.739,230.608,153.739,153.739,153.739,153.739,307.477,384.347,153.739
485,139,76.8693,76.8693,76.8693,153.739,230.608,76.8693,76.8693,538.085,845.563,768.693,461.216
486,139,153.739,76.8693,153.739,538.085,461.216,153.739,76.8693,999.301,538.085,461.216,691.824
488,139,76.8693,384.347,153.739,1383.65,1614.26,307.477,307.477,153.739,153.739,153.739,153.739
449,140,76.8693,76.8693,230.608,230.608,153.739,384.347,230.608,76.8693,76.8693,153.739,153.739
450,140,153.739,76.8693,153.739,153.739,153.739,307.477,153.739,76.8693,153.739,230.608,307.477
454,140,76.8693,153.739,153.739,153.739,153.739,691.824,538.085,153.739,76.8693,76.8693,153.739
482,140,153.739,76.8693,153.739,76.8693,76.8693,76.8693,76.8693,153.739,461.216,538.085,307.477
484,140,76.8693,76.8693,153.739,230.608,153.739,230.608,230.608,307.477,307.477,461.216,153.739
485,140,76.8693,76.8693,153.739,153.739,230.608,153.739,153.739,538.085,691.824,768.693,691.824
486,140,153.739,153.739,153.739,538.085,461.216,538.085,538.085,691.824,230.608,230.608,538.085
487,140,153.739,307.477,153.739,538.085,384.347,768.693,691.824,153.739,153.739,76.8693,153.739
488,140,153.739,384.347,230.608,1229.91,1537.39,230.608,230.608,538.085,230.608,153.739,153.739
482,141,76.8693,76.8693,153.739,153.739,76.8693,153.739,153.739,153.739,461.216,538.085,384.347
484,141,153.739,76.8693,230.608,230.608,76.8693,614.955,538.085,538.085,230.608,230.608,230.608
485,141,153.739,76.8693,153.739,384.347,307.477,230.608,230.608,307.477,307.477,307.477,461.216
486,141,153.739,153.739,153.739,691.824,384.347,1153.04,1229.91,230.608,76.8693,76.8693,230.608
487,141,153.739,307.477,153.739,768.693,768.693,1076.17,922.432,230.608,384.347,230.608,153.739
488,141,76.8693,230.608,153.739,768.693,768.693,153.739,153.739,999.301,384.347,230.608,230.608
482,142,76.8693,76.8693,153.739,76.8693,76.8693,153.739,153.739,307.477,307.477,384.347,307.477
484,142,76.8693,76.8693,230.608,230.608,230.608,691.824,538.085,461.216,230.608,153.739,230.608
487,142,76.8693,307.477,153.739,614.955,691.824,461.216,461.216,230.608,461.216,384.347,230.608
488,142,76.8693,230.608,76.8693,230.608,230.608,307.477,230.608,768.693,614.955,461.216,384.347
482,143,153.739,76.8693,153.739,76.8693,76.8693,230.608,153.739,307.477,230.608,230.608,230.608
484,143,76.8693,76.8693,153.739,230.608,230.608,538.085,461.216,307.477,153.739,153.739,307.477
487,143,76.8693,153.739,153.739,538.085,384.347,153.739,153.739,461.216,384.347,384.347,230.608
488,143,76.8693,153.739,153.739,230.608,153.739,384.347,461.216,461.216,768.693,614.955,538.085
466,144,153.739,76.8693,76.8693,153.739,230.608,384.347,230.608,230.608,76.8693,76.8693,76.8693
487,144,76.8693,76.8693,230.608,384.347,384.347,153.739,153.739,768.693,461.216,307.477,230.608
488,144,153.739,153.739,307.477,461.216,230.608,230.608,230.608,768.693,614.955,538.085,538.085
485,145,153.739,153.739,76.8693,230.608,230.608,307.477,307.477,307.477,230.608,307.477,153.739
486,145,153.739,153.739,76.8693,153.739,153.739,153.739,153.739,307.477,768.693,845.563,538.085
487,145,153.739,76.8693,153.739,230.608,384.347,384.347,461.216,614.955,845.563,614.955,614.955
488,145,153.739,153.739,307.477,691.824,384.347,691.824,461.216,1076.17,538.085,461.216,538.085
483,146,153.739,153.739,153.739,153.739,76.8693,307.477,230.608,153.739,230.608,230.608,230.608
485,146,153.739,153.739,153.739,153.739,153.739,384.347,307.477,384.347,307.477,230.608,153.739
486,146,153.739,153.739,153.739,153.739,153.739,153.739,230.608,461.216,384.347,614.955,461.216
487,146,76.8693,153.739,153.739,307.477,307.477,768.693,922.432,307.477,691.824,691.824,768.693
488,146,76.8693,153.739,153.739,538.085,691.824,1460.52,999.301,768.693,614.955,384.347,614.955
483,147,153.739,76.8693,230.608,153.739,76.8693,307.477,153.739,230.608,153.739,230.608,153.739
484,147,153.739,153.739,153.739,153.739,76.8693,153.739,153.739,153.739,384.347,461.216,384.347
486,147,153.739,153.739,153.739,230.608,230.608,461.216,307.477,614.955,461.216,307.477,307.477
487,147,76.8693,153.739,76.8693,307.477,230.608,461.216,614.955,614.955,307.477,307.477,461.216
488,147,76.8693,153.739,76.8693,384.347,614.955,922.432,999.301,461.216,691.824,538.085,538.085
484,148,76.8693,153.739,153.739,153.739,76.8693,230.608,153.739,230.608,230.608,307.477,230.608
485,148,76.8693,153.739,76.8693,153.739,153.739,307.477,307.477,230.608,384.347,538.085,614.955
486,148,76.8693,153.739,76.8693,230.608,230.608,614.955,614.955,307.477,691.824,614.955,538.085
487,148,76.8693,76.8693,76.8693,307.477,230.608,614.955,538.085,691.824,461.216,384.347,307.477
488,148,76.8693,153.739,153.739,307.477,384.347,384.347,461.216,538.085,691.824,768.693,538.085
485,149,76.8693,153.739,76.8693,153.739,153.739,307.477,307.477,307.477,153.739,230.608,230.608
486,149,76.8693,76.8693,153.739,153.739,153.739,461.216,538.085,230.608,461.216,614.955,614.955
487,149,76.8693,153.739,153.739,307.477,307.477,614.955,614.955,384.347,614.955,538.085,538.085
488,149,153.739,153.739,153.739,461.216,307.477,538.085,538.085,768.693,461.216,538.085,538.085
484,150,76.8693,76.8693,76.8693,153.739,76.8693,230.608,230.608,153.739,384.347,461.216,461.216
486,150,76.8693,76.8693,153.739,230.608,153.739,230.608,307.477,384.347,307.477,384.347,307.477
487,150,153.739,153.739,230.608,230.608,307.477,384.347,384.347,307.477,691.824,691.824,538.085
488,150,153.739,230.608,153.739,384.347,307.477,461.216,614.955,922.432,538.085,384.347,307.477
484,151,76.8693,76.8693,153.739,76.8693,76.8693,230.608,230.608,153.739,153.739,384.347,384.347
485,151,76.8693,76.8693,230.608,153.739,153.739,307.477,230.608,153.739,461.216,461.216,384.347
486,151,153.739,153.739,230.608,230.608,153.739,230.608,230.608,307.477,230.608,307.477,230.608
487,151,153.739,230.608,230.608,307.477,153.739,384.347,384.347,307.477,461.216,691.824,461.216
488,151,153.739,230.608,153.739,153.739,307.477,614.955,614.955,384.347,691.824,768.693,461.216
486,152,153.739,153.739,230.608,230.608,230.608,384.347,307.477,153.739,307.477,307.477,230.608
487,152,153.739,230.608,230.608,230.608,153.739,461.216,461.216,307.477,153.739,230.608,230.608
488,152,153.739,230.608,76.8693,230.608,153.739,614.955,614.955,230.608,307.477,461.216,461.216
486,153,153.739,153.739,230.608,230.608,153.739,307.477,307.477,76.8693,230.608,384.347,230.608
487,153,153.739,153.739,153.739,153.739,153.739,461.216,461.216,153.739,307.477,384.347,153.739
488,153,153.739,153.739,153.739,76.8693,153.739,614.955,461.216,230.608,384.347,384.347,230.608
487,154,153.739,153.739,76.8693,153.739,76.8693,307.477,230.608,76.8693,153.739,307.477,230.608