422,476,76.8693,76.8693,153.739,76.8693,76.8693,153.739,76.8693,230.608,384.347,461.216,230.608
423,476,76.8693,76.8693,230.608,153.739,153.739,76.8693,76.8693,384.347,384.347,384.347,384.347
424,478,153.739,153.739,153.739,307.477,153.739,384.347,461.216,230.608,461.216,538.085,230.608
424,479,153.739,153.739,153.739,230.608,153.739,461.216,538.085,153.739,307.477,384.347,230.608
424,484,230.608,307.477,230.608,307.477,153.739,307.477,307.477,230.608,153.739,153.739,76.8693
424,488,153.739,307.477,230.608,384.347,76.8693,230.608,153.739,153.739,153.739,153.739,230.608
425,478,153.739,153.739,230.608,230.608,153.739,384.347,307.477,461.216,307.477,384.347,307.477
425,479,230.608,153.739,307.477,153.739,153.739,461.216,230.608,384.347,230.608,230.608,307.477
425,484,230.608,230.608,307.477,153.739,153.739,230.608,153.739,230.608,307.477,230.608,230.608
426,478,153.739,230.608,230.608,307.477,384.347,153.739,153.739,230.608,384.347,384.347,384.347
426,479,153.739,230.608,384.347,307.477,384.347,230.608,230.608,230.608,384.347,384.347,461.216
426,482,76.8693,230.608,153.739,384.347,307.477,461.216,307.477,153.739,76.8693,76.8693,153.739
426,483,153.739,230.608,230.608,461.216,384.347,230.608,153.739,153.739,76.8693,153.739,76.8693
427,471,153.739,230.608,230.608,230.608,230.608,307.477,230.608,153.739,307.477,384.347,230.608
427,472,76.8693,153.739,153.739,230.608,307.477,384.347,230.608,153.739,230.608,230.608,230.608
427,475,76.8693,153.739,153.739,153.739,153.739,153.739,153.739,614.955,461.216,307.477,384.347
427,476,153.739,153.739,153.739,153.739,76.8693,230.608,153.739,307.477,230.608,230.608,230.608
427,479,230.608,153.739,384.347,307.477,384.347,307.477,153.739,538.085,384.347,307.477,538.085
427,480,230.608,153.739,384.347,461.216,691.824,691.824,307.477,307.477,153.739,153.739,307.477
427,484,153.739,153.739,384.347,153.739,230.608,384.347,230.608,153.739,307.477,384.347,153.739
427,487,153.739,307.477,153.739,230.608,153.739,153.739,230.608,384.347,307.477,307.477,538.085
427,494,153.739,153.739,76.8693,153.739,76.8693,230.608,153.739,307.477,230.608,230.608,230.608
427,495,153.739,230.608,76.8693,76.8693,76.8693,153.739,153.739,230.608,384.347,461.216,384.347
427,496,153.739,230.608,76.8693,153.739,76.8693,384.347,307.477,307.477,307.477,307.477,307.477
427,497,153.739,153.739,76.8693,230.608,153.739,230.608,230.608,307.477,153.739,153.739,230.608
428,471,153.739,307.477,230.608,384.347,461.216,230.608,76.8693,384.347,230.608,153.739,307.477
428,474,76.8693,153.739,230.608,153.739,153.739,461.216,230.608,307.477,153.739,153.739,153.739
428,475,76.8693,153.739,153.739,230.608,230.608,230.608,76.8693,461.216,461.216,307.477,153.739
428,476,76.8693,153.739,230.608,230.608,230.608,153.739,153.739,384.347,691.824,691.824,384.347
428,477,153.739,230.608,384.347,307.477,76.8693,307.477,307.477,230.608,614.955,768.693,384.347
428,478,153.739,307.477,538.085,230.608,76.8693,230.608,307.477,230.608,230.608,461.216,230.608
428,479,230.608,307.477,538.085,461.216,461.216,153.739,153.739,230.608,153.739,230.608,153.739
428,480,230.608,230.608,384.347,1383.65,1153.04,230.608,307.477,153.739,153.739,153.739,76.8693
428,481,153.739,230.608,307.477,1153.04,768.693,461.216,614.955,76.8693,153.739,307.477,230.608
428,482,153.739,384.347,307.477,461.216,307.477,768.693,461.216,76.8693,307.477,384.347,307.477
428,484,230.608,230.608,461.216,230.608,307.477,230.608,153.739,384.347,614.955,384.347,384.347
428,485,153.739,230.608,384.347,614.955,461.216,307.477,230.608,461.216,538.085,461.216,461.216
428,491,76.8693,307.477,153.739,153.739,153.739,307.477,230.608,76.8693,153.739,307.477,76.8693
428,492,153.739,153.739,153.739,153.739,230.608,153.739,153.739,153.739,307.477,384.347,153.739
428,493,153.739,153.739,153.739,153.739,153.739,76.8693,76.8693,153.739,384.347,538.085,307.477
428,494,76.8693,153.739,153.739,153.739,230.608,153.739,76.8693,230.608,230.608,307.477,153.739
428,496,153.739,153.739,153.739,153.739,153.739,461.216,307.477,384.347,307.477,307.477,384.347
428,497,153.739,153.739,153.739,153.739,153.739,538.085,461.216,230.608,153.739,153.739,230.608
429,473,76.8693,153.739,153.739,153.739,76.8693,538.085,307.477,307.477,691.824,538.085,384.347
429,476,153.739,153.739,384.347,153.739,153.739,153.739,153.739,768.693,307.477,307.477,307.477
429,477,153.739,307.477,307.477,153.739,230.608,230.608,153.739,538.085,307.477,384.347,384.347
429,480,230.608,307.477,461.216,691.824,307.477,307.477,230.608,153.739,76.8693,153.739,76.8693
429,481,153.739,153.739,230.608,461.216,384.347,384.347,230.608,153.739,230.608,230.608,153.739
429,482,153.739,230.608,230.608,307.477,384.347,230.608,153.739,307.477,461.216,307.477,384.347
429,483,230.608,153.739,307.477,461.216,461.216,230.608,153.739,153.739,153.739,230.608,230.608
429,484,230.608,153.739,461.216,461.216,461.216,307.477,230.608,614.955,461.216,230.608,384.347
429,485,230.608,230.608,307.477,384.347,230.608,153.739,153.739,999.301,768.693,538.085,691.824
429,486,153.739,230.608,153.739,307.477,153.739,461.216,384.347,307.477,307.477,307.477,307.477
429,490,153.739,153.739,230.608,461.216,230.608,153.739,153.739,384.347,307.477,230.608,307.477
429,492,153.739,153.739,230.608,230.608,230.608,153.739,153.739,384.347,230.608,230.608,230.608
429,493,153.739,230.608,307.477,307.477,153.739,153.739,153.739,461.216,461.216,384.347,384.347
429,494,76.8693,153.739,230.608,384.347,384.347,153.739,153.739,307.477,614.955,768.693,538.085
429,495,76.8693,153.739,153.739,307.477,230.608,230.608,230.608,153.739,153.739,307.477,230.608
429,497,153.739,153.739,153.739,230.608,230.608,461.216,307.477,153.739,153.739,153.739,153.739
430,472,153.739,307.477,307.477,384.347,307.477,153.739,153.739,230.608,384.347,384.347,307.477
430,473,76.8693,230.608,153.739,461.216,307.477,153.739,307.477,614.955,538.085,384.347,461.216
430,480,230.608,999.301,461.216,845.563,384.347,384.347,538.085,153.739,614.955,691.824,384.347
430,481,230.608,614.955,384.347,1153.04,691.824,307.477,307.477,307.477,307.477,307.477,230.608
430,484,307.477,384.347,538.085,845.563,307.477,538.085,384.347,461.216,461.216,230.608,230.608
430,485,307.477,461.216,307.477,538.085,307.477,461.216,307.477,999.301,1460.52,1306.78,999.301
430,486,153.739,461.216,230.608,307.477,230.608,230.608,230.608,538.085,922.432,999.301,768.693
430,488,230.608,307.477,307.477,153.739,307.477,307.477,461.216,614.955,307.477,307.477,230.608
430,491,153.739,153.739,230.608,230.608,384.347,307.477,153.739,230.608,76.8693,153.739,153.739
430,492,76.8693,153.739,153.739,384.347,153.739,153.739,230.608,230.608,230.608,461.216,230.608
430,493,153.739,153.739,307.477,230.608,153.739,307.477,307.477,384.347,230.608,384.347,230.608
430,495,76.8693,153.739,230.608,230.608,153.739,691.824,538.085,307.477,230.608,307.477,384.347
430,496,153.739,153.739,153.739,538.085,384.347,1076.17,922.432,153.739,76.8693,76.8693,76.8693
431,469,153.739,76.8693,307.477,230.608,230.608,153.739,153.739,230.608,76.8693,230.608,76.8693
431,472,230.608,307.477,230.608,307.477,230.608,153.739,153.739,384.347,230.608,230.608,307.477
431,474,153.739,153.739,230.608,230.608,153.739,153.739,153.739,461.216,384.347,307.477,230.608
431,475,153.739,230.608,384.347,153.739,230.608,461.216,614.955,461.216,538.085,461.216,461.216
431,478,307.477,153.739,307.477,384.347,538.085,307.477,307.477,230.608,230.608,461.216,230.608
431,479,230.608,384.347,384.347,307.477,538.085,538.085,384.347,230.608,384.347,461.216,307.477
431,480,307.477,384.347,384.347,384.347,307.477,307.477,230.608,691.824,922.432,768.693,614.955
431,481,153.739,230.608,307.477,384.347,230.608,307.477,153.739,461.216,461.216,461.216,384.347
431,482,153.739,230.608,307.477,461.216,307.477,230.608,230.608,230.608,614.955,461.216,384.347
431,483,153.739,384.347,538.085,768.693,538.085,538.085,461.216,230.608,307.477,307.477,307.477
431,484,230.608,307.477,384.347,538.085,384.347,230.608,230.608,461.216,538.085,307.477,307.477
431,485,384.347,384.347,307.477,307.477,230.608,538.085,384.347,1691.13,1229.91,922.432,999.301
431,486,230.608,307.477,230.608,307.477,307.477,230.608,153.739,1306.78,691.824,614.955,691.824
431,488,230.608,384.347,614.955,307.477,461.216,1076.17,1229.91,461.216,153.739,307.477,230.608
431,490,230.608,230.608,461.216,230.608,230.608,461.216,538.085,461.216,999.301,845.563,691.824
431,491,230.608,153.739,538.085,384.347,307.477,153.739,153.739,153.739,461.216,538.085,461.216
431,492,230.608,230.608,461.216,307.477,230.608,153.739,153.739,384.347,768.693,922.432,307.477
431,493,153.739,614.955,614.955,461.216,461.216,230.608,153.739,461.216,999.301,1076.17,768.693
431,496,153.739,307.477,230.608,230.608,230.608,922.432,614.955,153.739,153.739,153.739,153.739
432,471,230.608,230.608,230.608,230.608,153.739,230.608,153.739,384.347,230.608,153.739,230.608
432,472,307.477,307.477,230.608,230.608,230.608,153.739,153.739,307.477,153.739,153.739,230.608
432,474,153.739,230.608,230.608,153.739,153.739,153.739,307.477,461.216,461.216,691.824,538.085
432,475,153.739,153.739,538.085,307.477,538.085,230.608,384.347,538.085,614.955,614.955,538.085
432,478,230.608,230.608,384.347,922.432,845.563,384.347,768.693,384.347,230.608,307.477,230.608
432,479,307.477,384.347,307.477,691.824,614.955,384.347,614.955,461.216,307.477,307.477,307.477
432,480,461.216,768.693,538.085,230.608,307.477,461.216,614.955,922.432,307.477,307.477,230.608
432,481,307.477,768.693,461.216,461.216,538.085,538.085,307.477,461.216,768.693,691.824,461.216
432,482,230.608,384.347,307.477,614.955,230.608,768.693,768.693,461.216,1076.17,691.824,845.563
432,483,307.477,614.955,461.216,768.693,538.085,1229.91,845.563,230.608,307.477,230.608,461.216
432,484,384.347,614.955,461.216,1229.91,538.085,230.608,230.608,461.216,230.608,153.739,153.739
432,485,384.347,307.477,384.347,461.216,461.216,614.955,538.085,1306.78,538.085,614.955,384.347
432,486,230.608,384.347,538.085,230.608,384.347,230.608,230.608,768.693,1153.04,1306.78,691.824
432,487,230.608,384.347,384.347,461.216,845.563,2382.95,1844.86,307.477,691.824,845.563,538.085
432,488,153.739,153.739,461.216,230.608,307.477,2844.16,2075.47,230.608,307.477,384.347,307.477
432,490,153.739,461.216,614.955,538.085,461.216,691.824,614.955,1383.65,999.301,691.824,922.432
432,491,230.608,307.477,461.216,307.477,307.477,230.608,153.739,922.432,922.432,845.563,1153.04
432,492,230.608,384.347,307.477,230.608,153.739,538.085,461.216,845.563,461.216,384.347,384.347
432,493,230.608,307.477,307.477,691.824,461.216,691.824,538.085,1306.78,691.824,614.955,691.824
432,494,230.608,230.608,461.216,461.216,538.085,768.693,768.693,384.347,230.608,307.477,384.347
432,495,230.608,384.347,307.477,768.693,691.824,1537.39,1614.26,153.739,153.739,76.8693,153.739
432,496,153.739,384.347,461.216,614.955,922.432,384.347,384.347,230.608,307.477,307.477,307.477
432,497,153.739,230.608,461.216,307.477,230.608,230.608,230.608,153.739,307.477,384.347,384.347
433,472,230.608,461.216,614.955,307.477,230.608,307.477,230.608,230.608,230.608,384.347,153.739
433,475,153.739,230.608,461.216,614.955,538.085,76.8693,153.739,461.216,384.347,384.347,307.477
433,478,230.608,307.477,845.563,614.955,461.216,691.824,691.824,230.608,153.739,307.477,230.608
433,479,307.477,307.477,614.955,1306.78,614.955,614.955,384.347,307.477,153.739,153.739,153.739
433,480,230.608,307.477,461.216,384.347,230.608,922.432,614.955,230.608,230.608,307.477,153.739
433,481,153.739,307.477,384.347,384.347,230.608,922.432,538.085,691.824,691.824,538.085,461.216
433,482,153.739,614.955,307.477,768.693,614.955,691.824,538.085,1076.17,614.955,307.477,538.085
433,483,307.477,691.824,384.347,1229.91,999.301,691.824,461.216,384.347,230.608,230.608,230.608
433,484,230.608,384.347,307.477,614.955,307.477,538.085,538.085,230.608,230.608,230.608,153.739
433,485,230.608,307.477,538.085,845.563,461.216,691.824,614.955,384.347,538.085,461.216,307.477
433,486,230.608,538.085,1383.65,384.347,461.216,230.608,153.739,999.301,1153.04,999.301,768.693
433,487,307.477,614.955,999.301,1229.91,1691.13,999.301,691.824,999.301,384.347,307.477,384.347
433,488,384.347,230.608,691.824,307.477,538.085,1229.91,922.432,461.216,1076.17,999.301,538.085
433,489,230.608,307.477,691.824,461.216,384.347,384.347,538.085,384.347,999.301,1306.78,614.955
433,490,307.477,614.955,845.563,538.085,461.216,614.955,461.216,845.563,230.608,230.608,230.608
433,491,461.216,614.955,1383.65,230.608,153.739,307.477,230.608,1153.04,461.216,307.477,614.955
433,492,307.477,614.955,461.216,153.739,230.608,845.563,922.432,461.216,153.739,153.739,230.608
433,493,384.347,461.216,538.085,307.477,230.608,1153.04,1153.04,614.955,230.608,230.608,230.608
433,494,307.477,307.477,461.216,384.347,461.216,922.432,845.563,384.347,538.085,691.824,384.347
433,495,230.608,307.477,307.477,614.955,538.085,2690.43,1691.13,153.739,384.347,461.216,230.608
433,496,230.608,230.608,384.347,1229.91,845.563,922.432,691.824,230.608,153.739,153.739,153.739
433,497,153.739,384.347,384.347,307.477,384.347,153.739,76.8693,384.347,153.739,153.739,230.608
433,499,153.739,153.739,153.739,461.216,230.608,538.085,461.216,76.8693,76.8693,76.8693,76.8693
434,471,153.739,230.608,691.824,230.608,153.739,307.477,307.477,230.608,153.739,307.477,230.608
434,472,153.739,153.739,538.085,384.347,307.477,614.955,461.216,307.477,230.608,307.477,153.739
434,473,153.739,153.739,307.477,538.085,538.085,384.347,153.739,230.608,153.739,76.8693,153.739
434,475,230.608,461.216,691.824,307.477,230.608,76.8693,153.739,384.347,307.477,307.477,307.477
434,476,384.347,384.347,691.824,691.824,922.432,230.608,384.347,153.739,153.739,307.477,153.739
434,477,538.085,384.347,922.432,1153.04,1306.78,614.955,922.432,307.477,384.347,538.085,384.347
434,478,230.608,538.085,691.824,768.693,845.563,845.563,614.955,153.739,230.608,307.477,230.608
434,479,384.347,461.216,922.432,1229.91,691.824,691.824,307.477,384.347,153.739,153.739,153.739
434,480,614.955,384.347,1229.91,922.432,538.085,461.216,153.739,384.347,230.608,307.477,230.608
434,481,384.347,461.216,538.085,614.955,307.477,538.085,384.347,614.955,153.739,153.739,153.739
434,482,230.608,538.085,538.085,1306.78,1153.04,230.608,230.608,538.085,307.477,384.347,153.739
434,483,461.216,1153.04,845.563,1460.52,768.693,614.955,538.085,230.608,614.955,691.824,384.347
434,484,538.085,768.693,461.216,538.085,307.477,768.693,614.955,307.477,691.824,614.955,461.216
434,485,153.739,230.608,384.347,922.432,538.085,307.477,230.608,384.347,230.608,230.608,153.739
434,486,230.608,384.347,922.432,538.085,691.824,307.477,153.739,922.432,538.085,384.347,384.347
434,487,307.477,538.085,691.824,2921.03,2690.43,461.216,538.085,461.216,538.085,461.216,384.347
434,488,307.477,307.477,538.085,999.301,999.301,1767.99,1998.6,1076.17,1076.17,922.432,768.693
434,489,230.608,691.824,999.301,691.824,384.347,1460.52,1460.52,2075.47,1306.78,1229.91,1153.04
434,490,307.477,461.216,384.347,691.824,461.216,384.347,461.216,614.955,384.347,461.216,384.347
434,491,384.347,307.477,614.955,307.477,230.608,845.563,1076.17,384.347,153.739,153.739,153.739
434,492,384.347,461.216,384.347,922.432,999.301,538.085,461.216,230.608,76.8693,76.8693,76.8693
434,493,307.477,538.085,538.085,614.955,768.693,691.824,614.955,153.739,230.608,230.608,230.608
434,494,384.347,384.347,691.824,1921.73,1691.13,307.477,307.477,614.955,1076.17,845.563,768.693
434,495,230.608,922.432,922.432,1460.52,2152.34,691.824,384.347,691.824,999.301,691.824,845.563
434,497,230.608,230.608,384.347,307.477,153.739,461.216,384.347,153.739,76.8693,76.8693,76.8693
434,498,230.608,307.477,230.608,384.347,230.608,230.608,153.739,153.739,76.8693,76.8693,76.8693
434,499,153.739,230.608,230.608,230.608,153.739,461.216,307.477,153.739,307.477,307.477,153.739
434,500,76.8693,230.608,307.477,230.608,153.739,538.085,307.477,153.739,307.477,307.477,230.608
435,467,76.8693,153.739,153.739,153.739,153.739,153.739,153.739,230.608,153.739,307.477,230.608
435,472,230.608,153.739,384.347,461.216,230.608,307.477,230.608,384.347,153.739,153.739,76.8693
435,473,307.477,153.739,384.347,461.216,230.608,230.608,153.739,307.477,230.608,230.608,153.739
435,475,230.608,384.347,614.955,384.347,307.477,307.477,538.085,768.693,230.608,230.608,153.739
435,476,307.477,307.477,538.085,384.347,461.216,153.739,153.739,230.608,614.955,691.824,461.216
435,477,614.955,307.477,691.824,845.563,768.693,230.608,461.216,384.347,1153.04,1229.91,1153.04
435,478,614.955,768.693,922.432,768.693,614.955,307.477,230.608,384.347,614.955,691.824,845.563
435,479,307.477,999.301,691.824,461.216,230.608,461.216,307.477,384.347,307.477,384.347,384.347
435,480,230.608,384.347,1460.52,1153.04,614.955,153.739,153.739,230.608,153.739,230.608,153.739
435,482,230.608,1076.17,1153.04,999.301,538.085,461.216,538.085,461.216,538.085,538.085,384.347
435,483,307.477,768.693,461.216,538.085,384.347,691.824,614.955,845.563,768.693,538.085,691.824
435,484,307.477,614.955,384.347,845.563,768.693,461.216,384.347,922.432,845.563,691.824,691.824
435,485,307.477,384.347,384.347,922.432,384.347,538.085,614.955,307.477,384.347,538.085,230.608
435,486,768.693,538.085,1306.78,307.477,230.608,461.216,461.216,845.563,538.085,307.477,461.216
435,487,614.955,614.955,1306.78,1537.39,691.824,538.085,384.347,1076.17,691.824,614.955,538.085
435,488,384.347,384.347,538.085,691.824,845.563,1767.99,999.301,1076.17,307.477,384.347,230.608
435,489,230.608,461.216,461.216,461.216,384.347,1306.78,768.693,1767.99,384.347,230.608,384.347
435,490,461.216,384.347,384.347,461.216,230.608,538.085,999.301,922.432,307.477,230.608,384.347
435,491,768.693,230.608,461.216,461.216,461.216,1921.73,2459.82,230.608,153.739,230.608,230.608
435,492,307.477,384.347,307.477,1767.99,1306.78,768.693,922.432,153.739,153.739,153.739,153.739
435,493,384.347,307.477,307.477,1153.04,1153.04,230.608,153.739,153.739,307.477,384.347,153.739
435,494,307.477,461.216,384.347,1767.99,999.301,230.608,153.739,845.563,461.216,461.216,538.085
435,495,230.608,691.824,845.563,2459.82,1460.52,153.739,153.739,1076.17,461.216,230.608,614.955
435,496,230.608,538.085,845.563,538.085,538.085,999.301,922.432,384.347,153.739,153.739,230.608
435,497,307.477,307.477,384.347,153.739,153.739,1229.91,1153.04,153.739,230.608,230.608,76.8693
435,498,230.608,307.477,230.608,384.347,307.477,461.216,384.347,76.8693,153.739,230.608,153.739
435,500,76.8693,230.608,461.216,230.608,307.477,153.739,76.8693,461.216,384.347,384.347,384.347
436,466,76.8693,153.739,461.216,153.739,230.608,153.739,153.739,307.477,384.347,461.216,384.347
436,474,230.608,153.739,384.347,461.216,307.477,230.608,384.347,384.347,153.739,230.608,153.739
436,475,384.347,461.216,691.824,384.347,307.477,307.477,384.347,307.477,230.608,307.477,230.608
436,476,307.477,845.563,768.693,768.693,768.693,230.608,230.608,461.216,1153.04,1076.17,1229.91
436,477,538.085,691.824,691.824,1076.17,922.432,461.216,461.216,1153.04,1383.65,1306.78,1998.6
436,478,538.085,691.824,691.824,922.432,614.955,461.216,230.608,922.432,461.216,461.216,922.432
436,479,538.085,1306.78,538.085,461.216,307.477,461.216,384.347,384.347,384.347,461.216,307.477
436,480,922.432,614.955,922.432,614.955,614.955,384.347,384.347,153.739,307.477,461.216,307.477
436,481,538.085,922.432,2229.21,768.693,845.563,691.824,461.216,307.477,461.216,307.477,230.608
436,482,307.477,1767.99,1614.26,461.216,691.824,1076.17,614.955,614.955,307.477,307.477,153.739
436,483,538.085,1076.17,461.216,845.563,1153.04,384.347,230.608,614.955,307.477,153.739,230.608
436,484,384.347,691.824,461.216,768.693,768.693,614.955,768.693,845.563,614.955,461.216,538.085
436,485,230.608,461.216,538.085,538.085,230.608,1153.04,1153.04,384.347,538.085,845.563,538.085
436,486,691.824,1460.52,1844.86,538.085,384.347,691.824,768.693,691.824,230.608,307.477,230.608
436,487,614.955,2536.69,1460.52,922.432,1153.04,538.085,538.085,922.432,691.824,691.824,384.347
436,488,384.347,538.085,461.216,2306.08,2690.43,384.347,614.955,538.085,845.563,922.432,538.085
436,489,538.085,691.824,461.216,922.432,1076.17,768.693,1076.17,384.347,307.477,307.477,384.347
436,490,307.477,538.085,461.216,1076.17,1383.65,768.693,999.301,384.347,230.608,230.608,230.608
436,491,538.085,384.347,1306.78,1383.65,1691.13,922.432,922.432,230.608,307.477,461.216,230.608
436,492,307.477,845.563,1153.04,768.693,461.216,614.955,461.216,153.739,153.739,153.739,153.739
436,493,461.216,768.693,614.955,691.824,461.216,307.477,230.608,230.608,384.347,384.347,307.477
436,494,461.216,2382.95,1076.17,384.347,230.608,384.347,230.608,461.216,307.477,307.477,230.608
436,495,538.085,768.693,384.347,538.085,307.477,384.347,230.608,384.347,230.608,230.608,153.739
436,496,538.085,307.477,384.347,768.693,922.432,691.824,614.955,230.608,384.347,538.085,153.739
436,497,307.477,461.216,307.477,614.955,614.955,768.693,614.955,230.608,384.347,384.347,230.608
436,498,153.739,307.477,384.347,307.477,153.739,307.477,230.608,307.477,307.477,307.477,230.608
436,499,153.739,230.608,307.477,999.301,461.216,153.739,153.739,230.608,153.739,230.608,153.739
436,500,153.739,230.608,384.347,461.216,461.216,153.739,230.608,461.216,307.477,307.477,307.477
436,502,153.739,153.739,230.608,153.739,230.608,614.955,538.085,384.347,384.347,384.347,230.608
436,504,153.739,153.739,153.739,153.739,230.608,307.477,230.608,230.608,230.608,230.608,153.739
437,468,76.8693,76.8693,307.477,153.739,230.608,230.608,230.608,76.8693,153.739,384.347,153.739
437,469,153.739,76.8693,384.347,230.608,230.608,538.085,384.347,307.477,307.477,691.824,384.347
437,470,153.739,153.739,384.347,153.739,76.8693,153.739,76.8693,384.347,153.739,230.608,230.608
437,475,384.347,307.477,691.824,768.693,614.955,461.216,461.216,230.608,153.739,307.477,307.477
437,476,307.477,307.477,768.693,384.347,307.477,845.563,614.955,922.432,461.216,384.347,691.824
437,477,461.216,384.347,845.563,538.085,384.347,461.216,230.608,1153.04,384.347,384.347,691.824
437,478,768.693,384.347,768.693,384.347,307.477,384.347,614.955,461.216,691.824,845.563,461.216
437,479,768.693,461.216,922.432,384.347,307.477,691.824,1229.91,384.347,1383.65,1767.99,1229.91
437,480,1153.04,1076.17,1153.04,307.477,384.347,768.693,922.432,307.477,614.955,845.563,922.432
437,481,922.432,768.693,614.955,614.955,614.955,768.693,461.216,307.477,307.477,230.608,384.347
437,482,691.824,691.824,691.824,1383.65,1076.17,461.216,307.477,307.477,307.477,384.347,230.608
437,483,538.085,538.085,1153.04,922.432,538.085,307.477,307.477,307.477,614.955,538.085,384.347
437,484,230.608,845.563,614.955,538.085,845.563,845.563,768.693,768.693,845.563,461.216,461.216
437,485,307.477,614.955,384.347,845.563,845.563,461.216,384.347,538.085,1076.17,1153.04,999.301
437,486,614.955,614.955,999.301,691.824,614.955,307.477,461.216,384.347,461.216,461.216,538.085
437,487,691.824,1460.52,1306.78,922.432,614.955,768.693,614.955,614.955,307.477,307.477,230.608
437,488,384.347,384.347,1153.04,2459.82,1383.65,538.085,461.216,691.824,384.347,307.477,307.477
437,489,307.477,538.085,845.563,845.563,922.432,691.824,768.693,307.477,307.477,230.608,230.608
437,490,230.608,384.347,461.216,1998.6,1844.86,1383.65,1306.78,230.608,538.085,461.216,307.477
437,491,230.608,461.216,1076.17,2613.56,2613.56,691.824,691.824,307.477,614.955,768.693,538.085
437,494,230.608,2075.47,1076.17,230.608,153.739,230.608,230.608,461.216,230.608,153.739,153.739
437,495,614.955,1460.52,614.955,538.085,230.608,461.216,384.347,307.477,384.347,384.347,230.608
437,496,768.693,461.216,307.477,1153.04,1076.17,614.955,461.216,614.955,461.216,461.216,384.347
437,497,384.347,230.608,384.347,1076.17,999.301,153.739,153.739,538.085,307.477,230.608,307.477
437,498,153.739,538.085,614.955,538.085,461.216,768.693,768.693,614.955,230.608,153.739,153.739
437,499,230.608,614.955,538.085,384.347,307.477,768.693,691.824,230.608,153.739,153.739,76.8693
437,500,384.347,230.608,461.216,230.608,153.739,768.693,691.824,461.216,230.608,230.608,153.739
437,501,230.608,307.477,307.477,538.085,538.085,461.216,384.347,230.608,153.739,153.739,76.8693
437,502,153.739,153.739,153.739,384.347,538.085,461.216,384.347,461.216,307.477,307.477,230.608
437,503,153.739,230.608,230.608,307.477,384.347,230.608,153.739,384.347,230.608,230.608,230.608
438,468,153.739,153.739,307.477,307.477,307.477,230.608,307.477,230.608,461.216,614.955,384.347
438,469,230.608,153.739,230.608,307.477,307.477,538.085,461.216,538.085,691.824,768.693,538.085
438,471,307.477,230.608,614.955,307.477,230.608,384.347,384.347,461.216,384.347,384.347,538.085
438,472,230.608,153.739,538.085,230.608,230.608,230.608,230.608,384.347,153.739,153.739,307.477
438,475,307.477,307.477,691.824,461.216,461.216,768.693,461.216,230.608,153.739,230.608,230.608
438,476,768.693,538.085,768.693,384.347,614.955,614.955,307.477,461.216,153.739,153.739,153.739
438,477,461.216,614.955,768.693,614.955,691.824,230.608,230.608,384.347,384.347,461.216,307.477
438,478,538.085,691.824,614.955,614.955,691.824,691.824,768.693,614.955,1076.17,1153.04,1076.17
438,479,691.824,538.085,999.301,307.477,614.955,1076.17,1076.17,1306.78,1076.17,1076.17,1460.52
438,480,614.955,1153.04,1076.17,384.347,768.693,538.085,461.216,461.216,461.216,461.216,768.693
438,481,1614.26,999.301,538.085,999.301,691.824,307.477,538.085,538.085,461.216,307.477,384.347
438,482,1460.52,614.955,768.693,1229.91,538.085,691.824,614.955,384.347,384.347,307.477,307.477
438,483,614.955,999.301,999.301,614.955,461.216,768.693,538.085,691.824,845.563,614.955,768.693
438,484,538.085,461.216,614.955,1537.39,1383.65,614.955,384.347,1076.17,384.347,230.608,307.477
438,485,384.347,538.085,538.085,1229.91,999.301,538.085,538.085,1076.17,922.432,691.824,845.563
438,486,1076.17,538.085,538.085,1383.65,1076.17,538.085,845.563,691.824,307.477,384.347,384.347
438,487,1229.91,1076.17,1153.04,999.301,922.432,845.563,922.432,307.477,845.563,768.693,384.347
438,488,538.085,1537.39,1383.65,1229.91,1537.39,691.824,845.563,384.347,691.824,538.085,691.824
438,489,538.085,461.216,999.301,1460.52,2306.08,768.693,845.563,384.347,538.085,538.085,614.955
438,490,461.216,999.301,1537.39,845.563,845.563,1614.26,999.301,614.955,384.347,307.477,461.216
438,491,691.824,845.563,922.432,922.432,461.216,922.432,461.216,845.563,384.347,307.477,538.085
438,492,691.824,768.693,768.693,230.608,230.608,230.608,384.347,384.347,230.608,153.739,230.608
438,493,384.347,614.955,614.955,307.477,307.477,614.955,768.693,230.608,76.8693,76.8693,76.8693
438,494,845.563,307.477,461.216,538.085,307.477,230.608,307.477,230.608,153.739,153.739,76.8693
438,495,461.216,538.085,538.085,461.216,307.477,230.608,230.608,384.347,230.608,230.608,153.739
438,496,307.477,768.693,999.301,538.085,538.085,384.347,307.477,538.085,230.608,153.739,307.477
438,497,230.608,614.955,384.347,461.216,384.347,307.477,307.477,384.347,153.739,76.8693,230.608
438,498,230.608,538.085,307.477,461.216,307.477,1460.52,1153.04,461.216,76.8693,76.8693,153.739
438,499,230.608,1076.17,538.085,538.085,538.085,1076.17,768.693,153.739,76.8693,76.8693,153.739
438,500,307.477,307.477,384.347,384.347,461.216,845.563,768.693,384.347,153.739,153.739,153.739
438,501,230.608,307.477,230.608,768.693,538.085,461.216,384.347,230.608,76.8693,76.8693,76.8693
438,502,153.739,230.608,307.477,691.824,614.955,384.347,461.216,384.347,153.739,153.739,153.739
439,466,153.739,153.739,230.608,230.608,307.477,230.608,230.608,538.085,461.216,461.216,384.347
439,467,153.739,230.608,230.608,153.739,230.608,153.739,76.8693,461.216,153.739,153.739,153.739
439,469,153.739,153.739,153.739,230.608,384.347,461.216,461.216,691.824,614.955,384.347,538.085
439,470,153.739,230.608,384.347,230.608,153.739,307.477,230.608,230.608,461.216,384.347,230.608
439,471,153.739,230.608,614.955,307.477,384.347,614.955,538.085,614.955,691.824,614.955,538.085
439,474,307.477,1153.04,1229.91,230.608,461.216,230.608,307.477,230.608,538.085,538.085,614.955
439,475,230.608,538.085,922.432,691.824,922.432,230.608,153.739,153.739,230.608,307.477,307.477
439,476,384.347,307.477,1306.78,922.432,922.432,384.347,307.477,230.608,153.739,153.739,153.739
439,477,538.085,384.347,999.301,461.216,307.477,691.824,307.477,307.477,230.608,384.347,307.477
439,478,614.955,384.347,461.216,922.432,768.693,461.216,230.608,999.301,307.477,307.477,538.085
439,479,538.085,384.347,461.216,614.955,1153.04,307.477,307.477,999.301,461.216,384.347,461.216
439,480,538.085,538.085,461.216,691.824,768.693,307.477,614.955,538.085,1153.04,1153.04,768.693
439,481,538.085,614.955,538.085,768.693,307.477,1383.65,1614.26,922.432,691.824,691.824,614.955
439,482,461.216,1153.04,461.216,384.347,153.739,1076.17,922.432,538.085,538.085,384.347,384.347
439,483,538.085,614.955,538.085,922.432,461.216,538.085,614.955,1153.04,922.432,614.955,845.563
439,484,845.563,614.955,538.085,1076.17,614.955,230.608,230.608,538.085,307.477,230.608,153.739
439,485,461.216,691.824,1153.04,384.347,384.347,691.824,768.693,614.955,768.693,461.216,614.955
439,486,768.693,538.085,845.563,691.824,538.085,768.693,922.432,384.347,461.216,614.955,307.477
439,487,1229.91,1306.78,845.563,1229.91,691.824,1076.17,999.301,845.563,922.432,768.693,614.955
439,488,922.432,1767.99,922.432,999.301,538.085,845.563,768.693,922.432,461.216,461.216,538.085
439,489,691.824,614.955,1153.04,1614.26,1076.17,538.085,614.955,461.216,1229.91,1383.65,922.432
439,490,461.216,1844.86,2536.69,1537.39,1229.91,461.216,461.216,307.477,614.955,691.824,538.085
439,491,691.824,1306.78,1614.26,461.216,538.085,153.739,230.608,384.347,153.739,230.608,153.739
439,492,999.301,230.608,461.216,153.739,230.608,461.216,538.085,384.347,230.608,153.739,230.608
439,493,461.216,230.608,461.216,230.608,307.477,922.432,768.693,153.739,76.8693,76.8693,76.8693
439,494,845.563,307.477,307.477,461.216,230.608,384.347,384.347,230.608,153.739,153.739,76.8693
439,495,691.824,538.085,538.085,922.432,691.824,307.477,230.608,307.477,153.739,76.8693,76.8693
439,497,230.608,1229.91,691.824,538.085,461.216,230.608,230.608,230.608,153.739,153.739,153.739
439,498,384.347,461.216,461.216,1153.04,1306.78,614.955,384.347,153.739,76.8693,76.8693,76.8693
439,499,461.216,461.216,307.477,1153.04,1306.78,307.477,153.739,153.739,153.739,76.8693,153.739
439,500,307.477,461.216,538.085,1229.91,1153.04,230.608,230.608,230.608,76.8693,76.8693,153.739
439,502,153.739,384.347,614.955,538.085,384.347,461.216,384.347,230.608,76.8693,76.8693,76.8693
440,466,230.608,153.739,384.347,384.347,307.477,153.739,153.739,845.563,384.347,384.347,307.477
440,468,153.739,307.477,230.608,538.085,538.085,461.216,384.347,307.477,538.085,384.347,384.347
440,469,76.8693,230.608,230.608,768.693,691.824,307.477,307.477,538.085,307.477,230.608,307.477
440,471,153.739,230.608,307.477,307.477,384.347,691.824,922.432,922.432,768.693,461.216,461.216
440,473,230.608,384.347,999.301,461.216,614.955,461.216,614.955,768.693,768.693,538.085,691.824
440,474,307.477,614.955,922.432,384.347,461.216,384.347,538.085,845.563,384.347,307.477,538.085
440,475,384.347,461.216,1153.04,1229.91,691.824,384.347,307.477,307.477,307.477,230.608,307.477
440,476,384.347,614.955,1076.17,845.563,461.216,768.693,461.216,230.608,538.085,384.347,538.085
440,477,384.347,614.955,691.824,461.216,307.477,384.347,230.608,230.608,384.347,307.477,461.216
440,478,461.216,691.824,538.085,845.563,614.955,230.608,153.739,384.347,153.739,153.739,230.608
440,479,614.955,307.477,384.347,614.955,538.085,461.216,384.347,384.347,384.347,384.347,230.608
440,480,999.301,614.955,384.347,307.477,307.477,768.693,691.824,1306.78,922.432,922.432,691.824
440,481,1076.17,999.301,538.085,461.216,768.693,1306.78,999.301,1306.78,845.563,768.693,538.085
440,482,461.216,845.563,384.347,384.347,384.347,691.824,614.955,691.824,1153.04,845.563,614.955
440,483,845.563,845.563,614.955,768.693,538.085,1306.78,1306.78,1460.52,538.085,307.477,461.216
440,484,922.432,999.301,1076.17,691.824,538.085,461.216,307.477,307.477,614.955,461.216,384.347
440,485,307.477,1076.17,1383.65,1614.26,1229.91,538.085,768.693,845.563,768.693,461.216,845.563
440,486,461.216,1383.65,1460.52,1383.65,1614.26,307.477,307.477,691.824,614.955,691.824,461.216
440,487,768.693,999.301,1767.99,845.563,999.301,768.693,614.955,922.432,691.824,538.085,614.955
440,488,1076.17,1691.13,2306.08,768.693,999.301,845.563,768.693,461.216,461.216,384.347,230.608
440,489,768.693,691.824,999.301,1076.17,614.955,2306.08,1691.13,1306.78,1537.39,1153.04,1076.17
440,490,768.693,614.955,1076.17,1229.91,461.216,1306.78,922.432,1153.04,768.693,461.216,845.563
440,492,614.955,384.347,922.432,538.085,922.432,691.824,999.301,230.608,153.739,153.739,76.8693
440,493,461.216,461.216,307.477,614.955,922.432,307.477,384.347,153.739,153.739,153.739,76.8693
440,494,384.347,461.216,461.216,307.477,307.477,230.608,230.608,230.608,153.739,76.8693,76.8693
440,495,384.347,614.955,461.216,538.085,384.347,230.608,153.739,230.608,153.739,76.8693,76.8693
440,496,461.216,538.085,845.563,614.955,307.477,307.477,307.477,153.739,230.608,230.608,153.739
440,497,307.477,614.955,614.955,845.563,614.955,153.739,153.739,153.739,153.739,153.739,153.739
440,498,230.608,538.085,461.216,1844.86,1153.04,230.608,153.739,153.739,76.8693,76.8693,76.8693
440,499,461.216,691.824,614.955,1229.91,922.432,230.608,230.608,230.608,76.8693,76.8693,76.8693
440,500,307.477,538.085,691.824,1306.78,999.301,153.739,153.739,153.739,153.739,76.8693,76.8693
441,468,230.608,230.608,230.608,538.085,384.347,614.955,461.216,614.955,461.216,384.347,384.347
441,469,153.739,153.739,307.477,538.085,538.085,307.477,307.477,614.955,307.477,384.347,307.477
441,471,307.477,230.608,307.477,691.824,691.824,768.693,922.432,922.432,461.216,384.347,384.347
441,472,384.347,230.608,384.347,307.477,307.477,384.347,307.477,230.608,153.739,153.739,153.739
441,473,461.216,307.477,461.216,307.477,461.216,845.563,1153.04,999.301,384.347,307.477,384.347
441,474,691.824,230.608,845.563,307.477,538.085,691.824,768.693,614.955,230.608,307.477,307.477
441,476,307.477,922.432,461.216,461.216,307.477,845.563,999.301,768.693,768.693,538.085,999.301
441,477,538.085,691.824,538.085,307.477,153.739,230.608,384.347,461.216,691.824,614.955,691.824
441,478,384.347,999.301,768.693,307.477,230.608,230.608,307.477,230.608,307.477,307.477,307.477
441,479,230.608,768.693,461.216,230.608,153.739,307.477,230.608,307.477,230.608,230.608,230.608
441,480,384.347,768.693,307.477,922.432,999.301,307.477,230.608,1076.17,538.085,538.085,538.085
441,481,461.216,691.824,461.216,1306.78,1153.04,307.477,384.347,1306.78,1460.52,999.301,999.301
441,482,384.347,307.477,384.347,461.216,691.824,1076.17,1691.13,1614.26,1229.91,691.824,922.432
441,483,384.347,922.432,691.824,922.432,1153.04,1614.26,2306.08,922.432,384.347,384.347,230.608
441,484,307.477,538.085,614.955,384.347,384.347,614.955,845.563,691.824,1229.91,999.301,1153.04
441,485,538.085,691.824,768.693,1460.52,999.301,691.824,922.432,1306.78,538.085,384.347,922.432
441,486,768.693,845.563,845.563,1306.78,1153.04,153.739,230.608,538.085,614.955,845.563,461.216
441,487,691.824,1153.04,1153.04,1153.04,845.563,384.347,614.955,768.693,614.955,538.085,691.824
441,488,845.563,1306.78,1229.91,999.301,768.693,614.955,614.955,614.955,461.216,461.216,307.477
441,489,461.216,1076.17,691.824,768.693,845.563,1537.39,1153.04,1614.26,768.693,768.693,691.824
441,490,1076.17,691.824,922.432,461.216,614.955,538.085,307.477,1229.91,307.477,384.347,384.347
441,491,1076.17,384.347,845.563,461.216,384.347,1614.26,1614.26,307.477,230.608,153.739,153.739
441,492,307.477,384.347,538.085,922.432,768.693,1691.13,1383.65,230.608,384.347,307.477,230.608
441,493,384.347,384.347,307.477,845.563,768.693,845.563,538.085,230.608,153.739,153.739,76.8693
441,494,230.608,614.955,461.216,461.216,307.477,691.824,461.216,153.739,153.739,153.739,76.8693
441,496,768.693,538.085,384.347,230.608,230.608,230.608,230.608,230.608,538.085,461.216,307.477
441,497,614.955,1076.17,461.216,384.347,307.477,76.8693,76.8693,230.608,230.608,230.608,307.477
441,498,307.477,922.432,307.477,538.085,230.608,384.347,230.608,153.739,153.739,76.8693,153.739
441,499,307.477,1383.65,691.824,230.608,153.739,230.608,230.608,153.739,76.8693,76.8693,153.739
441,501,384.347,461.216,691.824,384.347,307.477,230.608,153.739,76.8693,76.8693,76.8693,153.739
442,468,153.739,538.085,461.216,691.824,614.955,384.347,307.477,614.955,384.347,307.477,307.477
442,469,153.739,461.216,307.477,230.608,384.347,230.608,307.477,614.955,538.085,461.216,384.347
442,471,230.608,230.608,307.477,999.301,922.432,691.824,691.824,538.085,538.085,384.347,461.216
442,472,307.477,230.608,538.085,538.085,538.085,230.608,230.608,230.608,153.739,230.608,230.608
442,473,307.477,384.347,614.955,614.955,691.824,922.432,1076.17,461.216,230.608,153.739,153.739
442,474,461.216,307.477,538.085,614.955,691.824,614.955,384.347,461.216,384.347,461.216,384.347
442,475,307.477,922.432,384.347,768.693,614.955,922.432,1076.17,538.085,307.477,307.477,461.216
442,476,461.216,461.216,384.347,845.563,461.216,1153.04,999.301,691.824,307.477,230.608,461.216
442,477,614.955,691.824,538.085,384.347,153.739,307.477,307.477,461.216,307.477,307.477,384.347
442,478,538.085,1076.17,614.955,307.477,230.608,461.216,691.824,230.608,153.739,153.739,230.608
442,479,461.216,461.216,461.216,307.477,307.477,307.477,461.216,76.8693,153.739,307.477,153.739
442,480,614.955,384.347,768.693,922.432,691.824,307.477,461.216,307.477,230.608,461.216,307.477
442,481,384.347,384.347,538.085,538.085,384.347,230.608,307.477,1460.52,691.824,461.216,768.693
442,482,307.477,461.216,614.955,1306.78,1691.13,1306.78,1076.17,1844.86,461.216,307.477,538.085
442,483,384.347,768.693,768.693,1460.52,1614.26,1460.52,1537.39,538.085,845.563,768.693,461.216
442,484,538.085,691.824,845.563,461.216,691.824,1153.04,1614.26,1691.13,1306.78,999.301,1229.91
442,485,922.432,2075.47,1921.73,614.955,768.693,538.085,691.824,922.432,307.477,307.477,461.216
442,486,768.693,1460.52,1460.52,307.477,307.477,230.608,461.216,538.085,922.432,1229.91,691.824
442,487,922.432,845.563,922.432,1076.17,691.824,153.739,384.347,768.693,614.955,768.693,922.432
442,488,1153.04,461.216,768.693,1383.65,1153.04,307.477,384.347,614.955,307.477,307.477,307.477
442,489,691.824,922.432,461.216,2767.3,1767.99,307.477,461.216,768.693,1076.17,1229.91,845.563
442,490,614.955,691.824,691.824,768.693,538.085,153.739,307.477,384.347,922.432,999.301,691.824
442,491,1229.91,614.955,1076.17,1614.26,1460.52,691.824,691.824,230.608,153.739,153.739,153.739
442,492,538.085,691.824,922.432,614.955,768.693,538.085,384.347,384.347,307.477,307.477,230.608
442,493,307.477,691.824,614.955,384.347,307.477,384.347,153.739,230.608,153.739,153.739,76.8693
442,494,307.477,307.477,384.347,307.477,384.347,461.216,384.347,153.739,307.477,384.347,153.739
442,495,307.477,999.301,1076.17,384.347,230.608,461.216,461.216,230.608,153.739,230.608,153.739
442,496,614.955,614.955,538.085,307.477,384.347,153.739,153.739,538.085,538.085,384.347,384.347
442,497,538.085,1076.17,384.347,153.739,153.739,153.739,153.739,461.216,307.477,230.608,384.347
442,498,384.347,1076.17,384.347,384.347,230.608,307.477,384.347,230.608,230.608,230.608,153.739
442,501,538.085,461.216,614.955,153.739,153.739,153.739,153.739,153.739,76.8693,76.8693,76.8693
442,502,461.216,307.477,538.085,230.608,230.608,76.8693,76.8693,76.8693,153.739,153.739,76.8693
443,469,76.8693,307.477,307.477,307.477,307.477,153.739,153.739,614.955,230.608,153.739,384.347
443,471,230.608,461.216,384.347,461.216,845.563,691.824,691.824,768.693,307.477,307.477,384.347
443,472,230.608,230.608,614.955,461.216,384.347,384.347,384.347,461.216,307.477,384.347,307.477
443,473,153.739,307.477,691.824,1229.91,1153.04,691.824,768.693,230.608,153.739,153.739,76.8693
443,474,230.608,230.608,461.216,538.085,538.085,384.347,461.216,614.955,307.477,307.477,307.477
443,475,538.085,307.477,461.216,1460.52,1844.86,384.347,307.477,384.347,461.216,614.955,307.477
443,476,538.085,307.477,461.216,999.301,1153.04,384.347,384.347,230.608,307.477,384.347,230.608
443,478,768.693,384.347,461.216,307.477,614.955,461.216,461.216,230.608,230.608,230.608,76.8693
443,479,691.824,461.216,614.955,230.608,307.477,691.824,461.216,230.608,614.955,691.824,307.477
443,480,538.085,1153.04,1153.04,307.477,153.739,845.563,691.824,230.608,461.216,691.824,384.347
443,481,461.216,691.824,538.085,384.347,461.216,384.347,384.347,691.824,307.477,307.477,461.216
443,482,230.608,461.216,1153.04,2152.34,1844.86,538.085,384.347,845.563,230.608,153.739,230.608
443,483,384.347,768.693,1229.91,1460.52,1691.13,691.824,614.955,845.563,691.824,614.955,384.347
443,484,384.347,614.955,2229.21,1921.73,2306.08,1153.04,1229.91,2306.08,845.563,538.085,538.085
443,485,614.955,1537.39,2306.08,1153.04,1306.78,384.347,461.216,538.085,461.216,614.955,307.477
443,486,614.955,1229.91,1229.91,230.608,384.347,922.432,1460.52,1076.17,1153.04,1691.13,1229.91
443,487,1153.04,922.432,1153.04,691.824,845.563,461.216,538.085,1076.17,845.563,999.301,1153.04
443,488,845.563,614.955,691.824,691.824,614.955,614.955,768.693,307.477,153.739,153.739,230.608
443,489,538.085,538.085,538.085,1306.78,538.085,461.216,691.824,999.301,691.824,614.955,691.824
443,490,691.824,307.477,768.693,1076.17,614.955,230.608,307.477,1460.52,1076.17,768.693,999.301
443,491,922.432,538.085,691.824,3612.86,2229.21,768.693,845.563,307.477,230.608,153.739,307.477
443,492,538.085,768.693,691.824,1153.04,999.301,1460.52,1306.78,384.347,230.608,230.608,76.8693
443,493,307.477,845.563,999.301,845.563,384.347,384.347,307.477,307.477,230.608,230.608,153.739
443,494,307.477,538.085,461.216,614.955,461.216,538.085,461.216,384.347,461.216,384.347,307.477
443,495,691.824,307.477,307.477,307.477,307.477,307.477,307.477,384.347,538.085,614.955,384.347
443,496,384.347,230.608,230.608,153.739,230.608,307.477,307.477,614.955,538.085,461.216,538.085
443,497,538.085,307.477,307.477,230.608,153.739,153.739,153.739,461.216,153.739,153.739,230.608
443,498,307.477,461.216,384.347,384.347,307.477,384.347,384.347,230.608,230.608,230.608,153.739
443,500,384.347,230.608,307.477,461.216,307.477,153.739,153.739,153.739,76.8693,76.8693,76.8693
443,503,384.347,307.477,384.347,230.608,230.608,153.739,76.8693,153.739,153.739,76.8693,76.8693
444,467,153.739,307.477,230.608,76.8693,153.739,153.739,76.8693,153.739,153.739,230.608,153.739
444,470,307.477,461.216,614.955,307.477,461.216,153.739,153.739,307.477,153.739,153.739,76.8693
444,471,307.477,614.955,384.347,384.347,691.824,384.347,384.347,614.955,461.216,307.477,384.347
444,472,153.739,307.477,691.824,307.477,384.347,307.477,307.477,845.563,538.085,307.477,384.347
444,473,307.477,538.085,691.824,845.563,922.432,307.477,384.347,307.477,153.739,76.8693,76.8693
444,474,230.608,461.216,461.216,461.216,384.347,538.085,691.824,307.477,307.477,307.477,307.477
444,475,307.477,614.955,384.347,2306.08,1614.26,384.347,461.216,538.085,768.693,768.693,538.085
444,476,307.477,538.085,307.477,1306.78,614.955,153.739,307.477,230.608,384.347,307.477,384.347
444,478,768.693,384.347,461.216,538.085,768.693,461.216,538.085,153.739,230.608,230.608,153.739
444,479,538.085,461.216,384.347,230.608,230.608,384.347,230.608,614.955,384.347,461.216,384.347
444,480,614.955,691.824,461.216,230.608,230.608,538.085,307.477,691.824,614.955,461.216,538.085
444,481,538.085,461.216,768.693,691.824,384.347,538.085,384.347,461.216,461.216,307.477,538.085
444,482,307.477,1306.78,1537.39,1691.13,691.824,691.824,845.563,384.347,230.608,230.608,153.739
444,483,538.085,845.563,1076.17,1537.39,1383.65,538.085,461.216,845.563,845.563,999.301,538.085
444,484,538.085,538.085,2844.16,1921.73,2075.47,691.824,461.216,1383.65,999.301,999.301,845.563
444,485,1229.91,538.085,2306.08,845.563,922.432,384.347,614.955,307.477,538.085,691.824,614.955
444,486,999.301,384.347,614.955,461.216,768.693,1614.26,1844.86,845.563,614.955,922.432,768.693
444,487,461.216,768.693,691.824,538.085,461.216,691.824,538.085,922.432,384.347,384.347,614.955
444,488,538.085,1306.78,768.693,307.477,307.477,768.693,1076.17,384.347,307.477,230.608,230.608
444,489,461.216,1921.73,999.301,307.477,307.477,1306.78,1537.39,461.216,230.608,230.608,153.739
444,490,538.085,691.824,614.955,614.955,307.477,461.216,461.216,1306.78,153.739,153.739,307.477
444,491,538.085,1229.91,1076.17,1153.04,614.955,922.432,845.563,384.347,76.8693,76.8693,153.739
444,492,538.085,384.347,538.085,461.216,307.477,1767.99,1767.99,230.608,153.739,153.739,76.8693
444,493,538.085,461.216,1153.04,307.477,230.608,384.347,384.347,307.477,307.477,230.608,230.608
444,494,384.347,307.477,538.085,538.085,538.085,768.693,614.955,614.955,230.608,153.739,153.739
444,495,845.563,384.347,153.739,230.608,230.608,307.477,384.347,845.563,614.955,461.216,384.347
444,496,538.085,307.477,461.216,153.739,153.739,845.563,768.693,845.563,614.955,538.085,691.824
444,497,307.477,230.608,384.347,230.608,153.739,461.216,538.085,230.608,230.608,230.608,230.608
444,503,384.347,230.608,153.739,153.739,76.8693,153.739,76.8693,153.739,76.8693,76.8693,76.8693
445,467,153.739,307.477,307.477,153.739,230.608,76.8693,76.8693,461.216,230.608,230.608,230.608
445,468,384.347,538.085,384.347,153.739,153.739,76.8693,76.8693,384.347,307.477,230.608,153.739
445,469,307.477,538.085,153.739,230.608,153.739,153.739,153.739,76.8693,153.739,153.739,76.8693
445,470,307.477,230.608,307.477,538.085,384.347,153.739,153.739,76.8693,230.608,230.608,230.608
445,471,307.477,461.216,307.477,845.563,768.693,76.8693,76.8693,461.216,538.085,461.216,538.085
445,472,230.608,614.955,691.824,538.085,614.955,153.739,230.608,999.301,461.216,307.477,461.216
445,473,538.085,845.563,614.955,461.216,691.824,153.739,153.739,384.347,153.739,76.8693,153.739
445,474,614.955,461.216,1460.52,230.608,307.477,614.955,614.955,307.477,230.608,230.608,153.739
445,475,307.477,1537.39,768.693,461.216,230.608,845.563,691.824,614.955,538.085,384.347,384.347
445,478,384.347,461.216,461.216,845.563,384.347,1383.65,1076.17,153.739,230.608,153.739,230.608
445,479,230.608,384.347,307.477,614.955,307.477,461.216,230.608,384.347,230.608,230.608,230.608
445,480,922.432,230.608,307.477,307.477,461.216,230.608,384.347,538.085,691.824,461.216,538.085
445,481,691.824,614.955,922.432,614.955,230.608,384.347,461.216,538.085,461.216,384.347,461.216
445,482,614.955,1537.39,1076.17,614.955,307.477,1153.04,1306.78,230.608,307.477,230.608,230.608
445,483,1306.78,1076.17,1460.52,845.563,999.301,845.563,614.955,999.301,1306.78,999.301,1076.17
445,484,1229.91,1691.13,1921.73,845.563,1229.91,230.608,230.608,1383.65,1076.17,922.432,1229.91
445,485,1767.99,538.085,845.563,1229.91,1306.78,307.477,461.216,384.347,384.347,307.477,384.347
445,486,1153.04,614.955,1691.13,1691.13,2075.47,845.563,1076.17,384.347,384.347,538.085,153.739
445,487,614.955,922.432,1076.17,614.955,538.085,384.347,461.216,307.477,230.608,461.216,230.608
445,488,691.824,691.824,614.955,691.824,922.432,1691.13,1460.52,461.216,384.347,461.216,307.477
445,489,461.216,768.693,614.955,691.824,845.563,2459.82,1767.99,307.477,691.824,691.824,538.085
445,490,614.955,1460.52,1153.04,461.216,461.216,768.693,691.824,230.608,538.085,538.085,307.477
445,492,538.085,691.824,1306.78,1306.78,1537.39,384.347,461.216,153.739,230.608,153.739,76.8693
445,493,691.824,691.824,461.216,384.347,230.608,153.739,153.739,384.347,307.477,230.608,230.608
445,494,384.347,461.216,461.216,461.216,307.477,538.085,384.347,384.347,230.608,307.477,153.739
445,495,384.347,307.477,307.477,307.477,230.608,384.347,384.347,461.216,384.347,307.477,307.477
445,496,230.608,230.608,461.216,307.477,384.347,614.955,538.085,614.955,307.477,230.608,384.347
445,497,153.739,307.477,461.216,230.608,230.608,614.955,614.955,230.608,230.608,230.608,153.739
446,467,230.608,153.739,230.608,153.739,153.739,153.739,76.8693,384.347,76.8693,153.739,153.739
446,468,384.347,307.477,153.739,153.739,230.608,76.8693,76.8693,384.347,153.739,153.739,153.739
446,470,230.608,307.477,230.608,230.608,153.739,307.477,307.477,153.739,153.739,384.347,153.739
446,471,307.477,307.477,230.608,384.347,307.477,153.739,153.739,384.347,384.347,538.085,307.477
446,472,384.347,384.347,230.608,307.477,307.477,230.608,153.739,614.955,230.608,307.477,307.477
446,473,614.955,614.955,538.085,230.608,461.216,307.477,230.608,230.608,76.8693,153.739,76.8693
446,474,384.347,768.693,1383.65,538.085,691.824,384.347,461.216,384.347,230.608,307.477,153.739
446,475,307.477,1844.86,614.955,384.347,384.347,538.085,461.216,538.085,307.477,153.739,230.608
446,477,307.477,768.693,384.347,384.347,538.085,845.563,845.563,230.608,307.477,230.608,230.608
446,478,230.608,384.347,230.608,614.955,614.955,1229.91,691.824,230.608,307.477,153.739,230.608
446,479,307.477,230.608,384.347,384.347,153.739,307.477,307.477,153.739,230.608,230.608,153.739
446,480,461.216,384.347,384.347,307.477,461.216,538.085,768.693,461.216,461.216,307.477,307.477
446,481,307.477,614.955,384.347,461.216,384.347,307.477,307.477,845.563,230.608,307.477,230.608
446,482,999.301,845.563,922.432,614.955,1076.17,614.955,461.216,307.477,230.608,153.739,307.477
446,483,1383.65,1153.04,3305.38,461.216,384.347,461.216,384.347,1767.99,845.563,614.955,999.301
446,484,1614.26,1614.26,2152.34,691.824,538.085,153.739,230.608,2075.47,768.693,538.085,845.563
446,485,2075.47,538.085,999.301,1691.13,1306.78,614.955,768.693,614.955,538.085,614.955,307.477
446,486,538.085,691.824,1921.73,2536.69,2152.34,1537.39,1844.86,384.347,922.432,1306.78,691.824
446,487,538.085,614.955,768.693,845.563,461.216,922.432,922.432,384.347,845.563,1229.91,845.563
446,488,538.085,384.347,538.085,1229.91,1229.91,1767.99,1076.17,461.216,307.477,461.216,461.216
446,489,922.432,384.347,384.347,1153.04,1306.78,1614.26,1076.17,691.824,384.347,307.477,538.085
446,490,384.347,1076.17,999.301,691.824,538.085,307.477,384.347,691.824,461.216,384.347,461.216
446,491,614.955,691.824,1229.91,2152.34,1691.13,614.955,845.563,384.347,153.739,153.739,153.739
446,492,384.347,461.216,999.301,1460.52,1460.52,538.085,614.955,230.608,461.216,307.477,230.608
446,493,691.824,461.216,614.955,384.347,230.608,230.608,230.608,538.085,461.216,307.477,307.477
446,494,538.085,538.085,768.693,307.477,384.347,153.739,153.739,461.216,538.085,538.085,307.477
446,495,230.608,307.477,538.085,384.347,307.477,153.739,230.608,538.085,461.216,384.347,384.347
446,498,230.608,384.347,461.216,153.739,230.608,230.608,307.477,153.739,307.477,384.347,307.477
446,499,153.739,230.608,307.477,230.608,153.739,307.477,230.608,153.739,230.608,307.477,153.739
447,469,307.477,230.608,153.739,230.608,230.608,153.739,153.739,230.608,307.477,307.477,153.739
447,470,307.477,614.955,307.477,384.347,153.739,230.608,230.608,307.477,538.085,538.085,230.608
447,471,230.608,691.824,461.216,153.739,76.8693,230.608,230.608,384.347,691.824,461.216,230.608
447,472,614.955,307.477,384.347,153.739,153.739,153.739,76.8693,307.477,230.608,153.739,76.8693
447,473,768.693,230.608,384.347,153.739,153.739,461.216,230.608,153.739,384.347,614.955,230.608
447,474,384.347,230.608,384.347,768.693,691.824,614.955,461.216,384.347,691.824,614.955,461.216
447,475,691.824,307.477,384.347,691.824,614.955,538.085,384.347,384.347,230.608,153.739,230.608
447,476,307.477,461.216,461.216,230.608,153.739,153.739,153.739,230.608,76.8693,153.739,76.8693
447,477,384.347,768.693,307.477,1076.17,768.693,384.347,384.347,307.477,230.608,230.608,230.608
447,478,461.216,614.955,307.477,1306.78,691.824,307.477,230.608,461.216,230.608,153.739,153.739
447,479,384.347,461.216,384.347,230.608,230.608,538.085,384.347,307.477,153.739,153.739,153.739
447,480,230.608,384.347,384.347,307.477,307.477,922.432,691.824,384.347,153.739,153.739,153.739
447,481,461.216,538.085,461.216,384.347,538.085,384.347,384.347,691.824,153.739,153.739,153.739
447,482,768.693,307.477,614.955,1383.65,1383.65,153.739,153.739,230.608,153.739,153.739,153.739
447,483,999.301,768.693,1691.13,461.216,384.347,307.477,538.085,1153.04,614.955,538.085,461.216
447,484,1383.65,614.955,1076.17,538.085,307.477,230.608,307.477,1383.65,1076.17,768.693,845.563
447,485,1076.17,1614.26,2459.82,1537.39,999.301,307.477,384.347,845.563,1153.04,1229.91,1076.17
447,486,999.301,1306.78,1614.26,1844.86,1229.91,1460.52,1460.52,845.563,1460.52,1691.13,1460.52
447,487,1153.04,384.347,845.563,691.824,538.085,691.824,768.693,614.955,845.563,999.301,1229.91
447,488,384.347,999.301,1844.86,2921.03,1691.13,1229.91,922.432,384.347,230.608,307.477,384.347
447,489,614.955,768.693,1076.17,1921.73,1306.78,1998.6,1691.13,384.347,76.8693,76.8693,153.739
447,490,461.216,768.693,1229.91,691.824,614.955,768.693,691.824,614.955,153.739,230.608,230.608
447,491,1460.52,1306.78,1383.65,384.347,307.477,768.693,768.693,384.347,153.739,153.739,153.739
447,492,922.432,768.693,538.085,307.477,230.608,922.432,922.432,614.955,538.085,307.477,307.477
447,493,538.085,384.347,384.347,230.608,153.739,230.608,307.477,768.693,384.347,307.477,384.347
447,494,461.216,307.477,384.347,230.608,230.608,230.608,230.608,538.085,384.347,230.608,307.477
447,495,230.608,384.347,384.347,230.608,307.477,230.608,384.347,691.824,307.477,307.477,307.477
447,496,384.347,230.608,307.477,614.955,461.216,845.563,845.563,153.739,230.608,307.477,153.739
447,497,307.477,230.608,384.347,384.347,461.216,768.693,768.693,307.477,307.477,307.477,384.347
447,498,153.739,307.477,538.085,384.347,384.347,153.739,230.608,230.608,461.216,461.216,538.085
447,499,230.608,384.347,230.608,307.477,230.608,230.608,230.608,307.477,230.608,230.608,230.608
447,500,461.216,230.608,307.477,230.608,153.739,384.347,307.477,76.8693,76.8693,76.8693,76.8693
448,469,153.739,153.739,230.608,307.477,153.739,307.477,230.608,230.608,307.477,307.477,307.477
448,470,153.739,230.608,307.477,538.085,307.477,153.739,153.739,230.608,384.347,384.347,384.347
448,472,384.347,307.477,538.085,230.608,384.347,384.347,230.608,153.739,153.739,230.608,76.8693
448,473,461.216,307.477,999.301,153.739,230.608,538.085,384.347,461.216,768.693,922.432,538.085
448,474,691.824,384.347,999.301,768.693,614.955,691.824,538.085,922.432,845.563,614.955,768.693
448,475,1383.65,230.608,307.477,922.432,538.085,384.347,230.608,384.347,153.739,153.739,230.608
448,476,461.216,230.608,307.477,230.608,153.739,307.477,384.347,153.739,153.739,230.608,153.739
448,477,614.955,307.477,307.477,614.955,538.085,538.085,461.216,230.608,153.739,153.739,230.608
448,478,461.216,384.347,230.608,614.955,538.085,153.739,153.739,230.608,153.739,153.739,153.739
448,479,230.608,538.085,384.347,384.347,538.085,307.477,230.608,153.739,153.739,153.739,153.739
448,480,384.347,461.216,614.955,461.216,461.216,384.347,384.347,230.608,76.8693,153.739,153.739
448,481,384.347,538.085,1460.52,384.347,307.477,384.347,307.477,384.347,230.608,230.608,230.608
448,482,614.955,384.347,538.085,691.824,461.216,153.739,153.739,153.739,153.739,153.739,153.739
448,483,1691.13,538.085,1153.04,768.693,768.693,461.216,384.347,538.085,307.477,230.608,153.739
448,484,2459.82,614.955,1614.26,384.347,230.608,461.216,230.608,922.432,614.955,384.347,691.824
448,485,768.693,2306.08,2921.03,1614.26,1153.04,153.739,153.739,1306.78,845.563,768.693,1153.04
448,486,1767.99,1998.6,1383.65,2382.95,1998.6,845.563,922.432,1537.39,1076.17,999.301,1460.52
448,487,1306.78,538.085,614.955,999.301,999.301,768.693,1076.17,999.301,691.824,538.085,1153.04
448,488,614.955,1076.17,1460.52,2075.47,768.693,1383.65,1076.17,384.347,230.608,153.739,384.347
448,489,614.955,922.432,768.693,922.432,538.085,1998.6,1383.65,153.739,153.739,230.608,153.739
448,490,538.085,999.301,1383.65,614.955,538.085,768.693,538.085,307.477,230.608,230.608,153.739
448,491,768.693,2229.21,3151.64,845.563,768.693,307.477,230.608,307.477,153.739,153.739,153.739
448,492,691.824,922.432,1153.04,538.085,461.216,614.955,461.216,768.693,307.477,230.608,230.608
448,493,461.216,384.347,384.347,230.608,230.608,153.739,230.608,922.432,307.477,307.477,307.477
448,494,538.085,230.608,307.477,230.608,230.608,307.477,461.216,384.347,230.608,230.608,153.739
448,495,461.216,614.955,614.955,230.608,307.477,307.477,538.085,384.347,614.955,768.693,384.347
448,496,230.608,384.347,538.085,461.216,538.085,691.824,614.955,307.477,384.347,461.216,384.347
448,497,230.608,230.608,384.347,307.477,307.477,614.955,538.085,230.608,153.739,153.739,230.608
448,498,230.608,230.608,230.608,230.608,230.608,384.347,307.477,384.347,307.477,384.347,384.347
448,500,307.477,153.739,153.739,230.608,230.608,614.955,461.216,153.739,153.739,153.739,76.8693
448,501,230.608,153.739,230.608,153.739,153.739,384.347,307.477,153.739,153.739,153.739,153.739
449,469,76.8693,307.477,538.085,153.739,76.8693,384.347,230.608,153.739,230.608,307.477,307.477
449,470,153.739,230.608,307.477,307.477,153.739,153.739,76.8693,153.739,76.8693,153.739,307.477
449,473,153.739,307.477,614.955,384.347,307.477,384.347,538.085,614.955,691.824,538.085,461.216
449,474,307.477,307.477,614.955,614.955,691.824,307.477,307.477,1076.17,461.216,307.477,461.216
449,475,538.085,307.477,230.608,691.824,384.347,307.477,307.477,384.347,153.739,153.739,153.739
449,476,461.216,307.477,384.347,384.347,230.608,1229.91,1153.04,153.739,307.477,384.347,307.477
449,477,461.216,691.824,384.347,384.347,230.608,922.432,538.085,307.477,307.477,230.608,307.477
449,478,307.477,999.301,230.608,307.477,384.347,153.739,153.739,307.477,153.739,153.739,153.739
449,479,307.477,384.347,230.608,614.955,538.085,153.739,153.739,230.608,153.739,76.8693,153.739
449,480,538.085,538.085,461.216,691.824,922.432,153.739,153.739,230.608,153.739,153.739,153.739
449,481,384.347,614.955,1153.04,768.693,691.824,153.739,230.608,384.347,384.347,307.477,384.347
449,482,384.347,768.693,538.085,614.955,614.955,153.739,230.608,230.608,538.085,384.347,461.216
449,483,999.301,230.608,614.955,845.563,922.432,307.477,153.739,230.608,384.347,307.477,307.477
449,484,1076.17,461.216,614.955,384.347,384.347,230.608,153.739,307.477,230.608,307.477,153.739
449,485,1076.17,1383.65,1383.65,999.301,845.563,230.608,230.608,614.955,307.477,307.477,307.477
449,486,1691.13,1306.78,768.693,2690.43,1691.13,845.563,691.824,999.301,384.347,307.477,538.085
449,487,999.301,614.955,384.347,922.432,845.563,1153.04,1153.04,845.563,230.608,153.739,461.216
449,488,1460.52,1921.73,614.955,1691.13,922.432,1229.91,1076.17,384.347,153.739,153.739,230.608
449,489,922.432,1229.91,461.216,1844.86,1153.04,845.563,768.693,153.739,307.477,307.477,307.477
449,490,538.085,461.216,384.347,461.216,384.347,307.477,384.347,384.347,307.477,307.477,307.477
449,491,768.693,691.824,1153.04,1076.17,538.085,384.347,307.477,230.608,153.739,153.739,153.739
449,492,461.216,384.347,614.955,922.432,768.693,461.216,307.477,384.347,384.347,307.477,230.608
449,493,307.477,384.347,461.216,461.216,384.347,153.739,153.739,614.955,307.477,230.608,307.477
449,494,384.347,230.608,307.477,768.693,845.563,307.477,307.477,230.608,384.347,307.477,230.608
449,495,307.477,230.608,307.477,461.216,461.216,461.216,614.955,691.824,922.432,845.563,691.824
449,496,153.739,230.608,384.347,1460.52,1229.91,307.477,307.477,614.955,384.347,307.477,461.216
449,497,230.608,230.608,461.216,614.955,538.085,538.085,538.085,153.739,153.739,153.739,76.8693
449,498,384.347,307.477,307.477,230.608,230.608,922.432,768.693,384.347,230.608,230.608,307.477
449,500,230.608,230.608,153.739,538.085,307.477,614.955,461.216,153.739,76.8693,153.739,76.8693
449,501,230.608,230.608,153.739,230.608,230.608,230.608,153.739,230.608,76.8693,76.8693,153.739
450,469,153.739,307.477,384.347,384.347,230.608,307.477,153.739,307.477,384.347,307.477,307.477
450,470,153.739,230.608,153.739,230.608,153.739,153.739,76.8693,230.608,153.739,153.739,153.739
450,471,307.477,153.739,384.347,153.739,230.608,307.477,307.477,384.347,307.477,230.608,230.608
450,473,384.347,230.608,691.824,461.216,230.608,230.608,307.477,384.347,307.477,153.739,384.347
450,474,461.216,461.216,922.432,614.955,461.216,230.608,307.477,461.216,76.8693,153.739,153.739
450,475,307.477,384.347,461.216,307.477,307.477,461.216,538.085,153.739,230.608,230.608,153.739
450,476,230.608,307.477,307.477,768.693,845.563,1076.17,922.432,307.477,384.347,307.477,384.347
450,477,307.477,384.347,307.477,614.955,461.216,461.216,230.608,461.216,384.347,307.477,384.347
450,478,230.608,461.216,230.608,153.739,153.739,230.608,230.608,307.477,384.347,307.477,307.477
450,481,614.955,384.347,384.347,461.216,384.347,307.477,384.347,461.216,153.739,153.739,153.739
450,482,461.216,461.216,999.301,461.216,307.477,153.739,230.608,461.216,307.477,230.608,230.608
450,483,691.824,307.477,691.824,691.824,307.477,461.216,384.347,538.085,461.216,384.347,384.347
450,484,922.432,461.216,1229.91,538.085,230.608,307.477,230.608,538.085,614.955,538.085,461.216
450,485,1998.6,1383.65,2229.21,307.477,461.216,230.608,230.608,307.477,461.216,538.085,384.347
450,486,1691.13,1537.39,1076.17,1229.91,922.432,230.608,461.216,307.477,384.347,538.085,307.477
450,487,538.085,845.563,461.216,768.693,1306.78,538.085,614.955,230.608,307.477,461.216,230.608
450,488,1076.17,1460.52,538.085,1153.04,1460.52,768.693,538.085,153.739,230.608,307.477,153.739
450,489,768.693,614.955,461.216,1076.17,768.693,538.085,384.347,230.608,230.608,307.477,307.477
450,490,691.824,691.824,768.693,307.477,230.608,153.739,153.739,384.347,153.739,153.739,307.477
450,491,1844.86,768.693,768.693,614.955,153.739,230.608,230.608,230.608,153.739,76.8693,153.739
450,492,922.432,461.216,768.693,614.955,461.216,307.477,307.477,307.477,307.477,153.739,230.608
450,493,230.608,384.347,461.216,384.347,384.347,153.739,153.739,307.477,153.739,153.739,230.608
450,494,230.608,230.608,307.477,1306.78,1153.04,153.739,230.608,230.608,384.347,307.477,230.608
450,495,461.216,384.347,538.085,768.693,845.563,461.216,538.085,845.563,538.085,384.347,461.216
450,496,461.216,307.477,538.085,1229.91,922.432,230.608,230.608,538.085,153.739,153.739,230.608
450,498,230.608,153.739,384.347,538.085,384.347,999.301,922.432,307.477,153.739,153.739,230.608
451,469,230.608,153.739,230.608,384.347,230.608,230.608,230.608,538.085,461.216,230.608,384.347
451,470,307.477,230.608,153.739,153.739,153.739,153.739,153.739,384.347,230.608,153.739,230.608
451,471,384.347,230.608,230.608,461.216,384.347,307.477,230.608,153.739,153.739,153.739,153.739
451,472,384.347,307.477,153.739,230.608,307.477,307.477,307.477,307.477,384.347,230.608,384.347
451,474,461.216,461.216,384.347,307.477,153.739,461.216,691.824,153.739,230.608,384.347,76.8693
451,475,307.477,230.608,307.477,768.693,614.955,384.347,461.216,153.739,307.477,384.347,230.608
451,476,538.085,230.608,614.955,1306.78,1383.65,230.608,230.608,307.477,153.739,230.608,230.608
451,477,307.477,307.477,768.693,614.955,614.955,384.347,153.739,384.347,153.739,153.739,153.739
451,478,307.477,307.477,307.477,153.739,153.739,614.955,230.608,538.085,153.739,153.739,230.608
451,479,307.477,307.477,768.693,230.608,230.608,307.477,307.477,614.955,230.608,230.608,230.608
451,480,307.477,614.955,1076.17,230.608,307.477,230.608,384.347,230.608,307.477,461.216,230.608
451,481,614.955,691.824,538.085,230.608,384.347,461.216,614.955,307.477,384.347,614.955,307.477
451,482,691.824,845.563,1153.04,384.347,230.608,384.347,461.216,307.477,230.608,307.477,230.608
451,483,538.085,614.955,691.824,384.347,153.739,614.955,614.955,461.216,153.739,153.739,153.739
451,484,538.085,384.347,1460.52,307.477,307.477,461.216,461.216,614.955,307.477,230.608,384.347
451,485,845.563,1076.17,2075.47,461.216,538.085,384.347,614.955,461.216,384.347,307.477,461.216
451,486,691.824,2152.34,1306.78,845.563,538.085,999.301,1460.52,461.216,538.085,538.085,614.955
451,487,307.477,614.955,538.085,922.432,999.301,1229.91,922.432,538.085,691.824,614.955,691.824
451,488,538.085,1383.65,461.216,614.955,1076.17,768.693,384.347,384.347,384.347,384.347,461.216
451,489,461.216,1537.39,614.955,538.085,384.347,384.347,384.347,230.608,153.739,153.739,230.608
451,491,768.693,1306.78,1383.65,461.216,153.739,230.608,307.477,153.739,153.739,153.739,76.8693
451,494,307.477,614.955,1537.39,1229.91,768.693,230.608,153.739,230.608,307.477,230.608,230.608
451,495,230.608,614.955,691.824,999.301,845.563,384.347,307.477,461.216,230.608,307.477,230.608
451,496,384.347,845.563,1153.04,614.955,461.216,153.739,153.739,230.608,153.739,153.739,153.739
451,497,307.477,230.608,307.477,1076.17,999.301,614.955,768.693,230.608,153.739,153.739,153.739
451,498,230.608,230.608,230.608,691.824,538.085,461.216,461.216,153.739,76.8693,76.8693,153.739
452,469,384.347,230.608,230.608,230.608,230.608,230.608,307.477,461.216,307.477,153.739,307.477
452,470,230.608,153.739,153.739,230.608,76.8693,153.739,153.739,461.216,230.608,230.608,307.477
452,471,153.739,230.608,153.739,691.824,384.347,384.347,307.477,153.739,153.739,76.8693,76.8693
452,472,230.608,307.477,153.739,384.347,384.347,538.085,538.085,307.477,230.608,153.739,76.8693
452,473,230.608,307.477,153.739,307.477,461.216,153.739,153.739,230.608,307.477,307.477,76.8693
452,474,384.347,538.085,230.608,307.477,230.608,538.085,614.955,153.739,307.477,461.216,153.739
452,475,307.477,384.347,384.347,845.563,845.563,614.955,614.955,230.608,307.477,307.477,230.608
452,476,384.347,614.955,461.216,538.085,614.955,307.477,153.739,230.608,153.739,230.608,307.477
452,477,230.608,307.477,538.085,307.477,384.347,307.477,153.739,153.739,230.608,461.216,230.608
452,478,230.608,230.608,307.477,307.477,307.477,384.347,153.739,153.739,230.608,307.477,153.739
452,479,307.477,307.477,614.955,384.347,307.477,307.477,230.608,230.608,153.739,153.739,76.8693
452,481,307.477,307.477,538.085,384.347,538.085,768.693,845.563,614.955,307.477,230.608,384.347
452,482,307.477,461.216,461.216,230.608,230.608,384.347,384.347,538.085,307.477,230.608,384.347
452,485,1229.91,384.347,922.432,461.216,461.216,307.477,307.477,307.477,153.739,76.8693,230.608
452,486,845.563,922.432,1153.04,461.216,538.085,768.693,768.693,538.085,307.477,153.739,384.347
452,487,384.347,768.693,845.563,614.955,538.085,1076.17,538.085,922.432,461.216,307.477,538.085
452,488,538.085,845.563,1306.78,845.563,768.693,691.824,307.477,538.085,307.477,230.608,384.347
452,490,384.347,384.347,461.216,230.608,153.739,230.608,461.216,230.608,230.608,307.477,153.739
452,491,461.216,691.824,922.432,307.477,307.477,230.608,230.608,230.608,153.739,230.608,153.739
452,492,538.085,461.216,845.563,230.608,230.608,153.739,153.739,153.739,153.739,153.739,153.739
452,495,307.477,691.824,614.955,538.085,461.216,153.739,76.8693,230.608,307.477,307.477,230.608
452,496,384.347,922.432,845.563,614.955,461.216,230.608,230.608,153.739,153.739,153.739,230.608
452,497,153.739,307.477,230.608,1076.17,1076.17,384.347,384.347,153.739,76.8693,76.8693,76.8693
452,498,307.477,538.085,384.347,384.347,307.477,230.608,153.739,76.8693,76.8693,76.8693,76.8693
453,469,230.608,230.608,153.739,230.608,307.477,307.477,307.477,230.608,76.8693,153.739,153.739
453,470,153.739,153.739,153.739,153.739,76.8693,230.608,153.739,461.216,153.739,153.739,153.739
453,472,230.608,384.347,153.739,153.739,230.608,538.085,691.824,153.739,230.608,307.477,153.739
453,473,307.477,230.608,153.739,538.085,538.085,230.608,307.477,230.608,230.608,230.608,153.739
453,474,384.347,307.477,307.477,384.347,614.955,153.739,230.608,307.477,230.608,153.739,153.739
453,476,461.216,922.432,922.432,153.739,307.477,153.739,153.739,384.347,153.739,153.739,384.347
453,477,538.085,384.347,384.347,461.216,461.216,307.477,153.739,230.608,153.739,307.477,230.608
453,478,384.347,230.608,307.477,461.216,538.085,538.085,230.608,307.477,230.608,230.608,230.608
453,479,461.216,230.608,614.955,307.477,461.216,614.955,230.608,307.477,230.608,230.608,230.608
453,480,691.824,461.216,768.693,384.347,384.347,307.477,230.608,153.739,153.739,230.608,153.739
453,481,384.347,538.085,384.347,538.085,384.347,230.608,230.608,384.347,230.608,153.739,153.739
453,482,538.085,307.477,307.477,461.216,230.608,307.477,153.739,538.085,307.477,153.739,230.608
453,483,384.347,307.477,538.085,614.955,538.085,768.693,538.085,307.477,153.739,153.739,230.608
453,484,691.824,384.347,538.085,614.955,461.216,922.432,691.824,153.739,153.739,230.608,153.739
453,485,1306.78,307.477,384.347,1153.04,999.301,614.955,384.347,153.739,230.608,307.477,153.739
453,486,1153.04,614.955,768.693,1306.78,1153.04,461.216,230.608,230.608,307.477,384.347,230.608
453,487,614.955,1229.91,1076.17,845.563,538.085,384.347,153.739,461.216,384.347,384.347,230.608
453,488,461.216,768.693,1691.13,845.563,922.432,230.608,153.739,384.347,230.608,230.608,153.739
453,490,614.955,384.347,384.347,461.216,307.477,307.477,384.347,384.347,307.477,461.216,307.477
453,491,999.301,384.347,614.955,461.216,307.477,230.608,153.739,307.477,153.739,153.739,153.739
453,492,999.301,307.477,461.216,153.739,153.739,230.608,307.477,153.739,230.608,153.739,153.739
453,493,614.955,691.824,845.563,153.739,153.739,384.347,461.216,230.608,153.739,153.739,230.608
453,494,1076.17,1383.65,1306.78,384.347,230.608,153.739,153.739,153.739,153.739,230.608,153.739
453,495,384.347,461.216,461.216,461.216,384.347,76.8693,153.739,230.608,230.608,230.608,307.477
453,496,691.824,768.693,461.216,384.347,307.477,230.608,230.608,153.739,76.8693,153.739,153.739
453,497,230.608,691.824,384.347,691.824,614.955,307.477,307.477,76.8693,76.8693,153.739,76.8693
453,498,230.608,461.216,230.608,307.477,153.739,230.608,153.739,76.8693,76.8693,76.8693,76.8693
454,469,230.608,230.608,153.739,307.477,384.347,230.608,230.608,153.739,153.739,230.608,153.739
454,473,230.608,307.477,230.608,230.608,230.608,230.608,307.477,307.477,307.477,461.216,307.477
454,474,230.608,307.477,691.824,461.216,461.216,153.739,76.8693,230.608,153.739,307.477,153.739
454,475,307.477,768.693,845.563,384.347,384.347,307.477,230.608,307.477,153.739,230.608,230.608
454,476,384.347,384.347,1076.17,153.739,153.739,461.216,461.216,538.085,153.739,153.739,307.477
454,477,461.216,307.477,614.955,230.608,230.608,384.347,230.608,307.477,153.739,230.608,230.608
454,478,307.477,384.347,307.477,307.477,230.608,230.608,230.608,384.347,153.739,153.739,153.739
454,479,307.477,461.216,538.085,384.347,230.608,230.608,153.739,307.477,76.8693,153.739,230.608
454,480,461.216,845.563,768.693,845.563,307.477,153.739,384.347,307.477,153.739,153.739,153.739
454,481,384.347,614.955,384.347,922.432,307.477,230.608,307.477,538.085,153.739,153.739,230.608
454,482,461.216,230.608,307.477,461.216,384.347,230.608,153.739,538.085,153.739,76.8693,230.608
454,483,307.477,307.477,384.347,845.563,922.432,230.608,230.608,384.347,230.608,230.608,153.739
454,484,307.477,461.216,461.216,538.085,461.216,307.477,307.477,307.477,461.216,461.216,307.477
454,485,461.216,307.477,307.477,691.824,461.216,230.608,153.739,384.347,691.824,614.955,691.824
454,486,845.563,461.216,384.347,922.432,461.216,307.477,153.739,461.216,691.824,538.085,691.824
454,487,768.693,1153.04,691.824,538.085,230.608,153.739,153.739,461.216,384.347,307.477,384.347
454,488,614.955,768.693,614.955,461.216,614.955,153.739,230.608,384.347,230.608,153.739,230.608
454,489,691.824,384.347,384.347,691.824,922.432,307.477,461.216,230.608,230.608,230.608,230.608
454,490,614.955,307.477,307.477,691.824,384.347,691.824,614.955,307.477,230.608,230.608,230.608
454,491,538.085,307.477,384.347,307.477,230.608,307.477,230.608,153.739,76.8693,76.8693,76.8693
454,492,691.824,461.216,384.347,384.347,384.347,307.477,384.347,153.739,230.608,230.608,153.739
454,493,922.432,230.608,230.608,384.347,307.477,384.347,384.347,153.739,153.739,153.739,153.739
454,494,1537.39,461.216,461.216,153.739,153.739,153.739,153.739,153.739,153.739,153.739,153.739
454,495,384.347,461.216,307.477,153.739,153.739,153.739,230.608,230.608,230.608,230.608,230.608
454,496,614.955,922.432,691.824,384.347,307.477,153.739,153.739,153.739,153.739,307.477,153.739
455,473,307.477,307.477,307.477,153.739,153.739,153.739,153.739,461.216,538.085,461.216,538.085
455,474,230.608,384.347,691.824,230.608,230.608,153.739,76.8693,384.347,307.477,538.085,307.477
455,475,461.216,538.085,538.085,153.739,307.477,307.477,230.608,153.739,230.608,461.216,153.739
455,476,768.693,384.347,307.477,230.608,307.477,307.477,307.477,230.608,230.608,230.608,230.608
455,477,384.347,614.955,307.477,230.608,307.477,153.739,153.739,384.347,230.608,230.608,307.477
455,478,307.477,538.085,538.085,307.477,153.739,153.739,230.608,614.955,153.739,153.739,230.608
455,479,384.347,461.216,614.955,384.347,76.8693,153.739,153.739,307.477,153.739,76.8693,153.739
455,480,691.824,384.347,461.216,384.347,76.8693,230.608,384.347,153.739,230.608,76.8693,153.739
455,481,384.347,538.085,461.216,384.347,153.739,153.739,153.739,230.608,230.608,153.739,153.739
455,482,307.477,845.563,307.477,614.955,384.347,307.477,153.739,230.608,307.477,230.608,230.608
455,483,307.477,307.477,230.608,1153.04,768.693,307.477,307.477,307.477,307.477,307.477,230.608
455,484,230.608,461.216,461.216,1076.17,614.955,230.608,230.608,538.085,538.085,384.347,538.085
455,485,230.608,845.563,538.085,691.824,230.608,153.739,153.739,768.693,461.216,307.477,691.824
455,486,461.216,999.301,538.085,461.216,153.739,153.739,230.608,614.955,307.477,153.739,384.347
455,487,768.693,1229.91,1153.04,230.608,307.477,230.608,384.347,384.347,153.739,153.739,153.739
455,488,999.301,845.563,1306.78,230.608,230.608,538.085,768.693,153.739,153.739,153.739,153.739
455,489,999.301,384.347,614.955,384.347,461.216,999.301,845.563,153.739,153.739,153.739,153.739
455,490,384.347,307.477,230.608,461.216,461.216,691.824,384.347,230.608,76.8693,76.8693,76.8693
455,492,307.477,230.608,230.608,461.216,461.216,384.347,307.477,153.739,153.739,230.608,153.739
455,493,538.085,230.608,230.608,384.347,307.477,307.477,230.608,153.739,76.8693,153.739,153.739
455,494,922.432,384.347,384.347,153.739,153.739,153.739,153.739,153.739,153.739,76.8693,153.739
455,495,461.216,384.347,307.477,153.739,153.739,230.608,230.608,230.608,230.608,153.739,230.608
455,496,307.477,384.347,307.477,307.477,230.608,153.739,153.739,153.739,230.608,230.608,230.608
455,498,230.608,230.608,230.608,384.347,153.739,307.477,230.608,76.8693,76.8693,153.739,76.8693
455,499,153.739,153.739,384.347,307.477,230.608,461.216,384.347,153.739,230.608,230.608,153.739
456,472,230.608,153.739,153.739,230.608,153.739,384.347,230.608,153.739,230.608,230.608,153.739
456,473,230.608,230.608,307.477,153.739,153.739,230.608,230.608,461.216,307.477,307.477,384.347
456,474,230.608,384.347,538.085,307.477,307.477,153.739,153.739,538.085,230.608,384.347,384.347
456,475,614.955,461.216,614.955,538.085,538.085,461.216,307.477,384.347,307.477,384.347,307.477
456,476,614.955,307.477,614.955,461.216,538.085,384.347,384.347,307.477,384.347,307.477,384.347
456,477,307.477,307.477,538.085,230.608,461.216,307.477,230.608,384.347,307.477,230.608,384.347
456,478,230.608,307.477,691.824,307.477,307.477,307.477,153.739,461.216,153.739,153.739,230.608
456,479,307.477,461.216,614.955,538.085,153.739,384.347,307.477,307.477,153.739,153.739,153.739
456,480,768.693,999.301,461.216,461.216,153.739,461.216,307.477,230.608,230.608,230.608,153.739
456,481,538.085,691.824,384.347,461.216,230.608,153.739,153.739,307.477,384.347,307.477,307.477
456,482,153.739,922.432,845.563,538.085,461.216,153.739,153.739,614.955,384.347,384.347,384.347
456,483,230.608,538.085,768.693,538.085,691.824,153.739,153.739,691.824,307.477,307.477,384.347
456,484,307.477,307.477,384.347,461.216,614.955,230.608,230.608,538.085,230.608,307.477,307.477
456,485,230.608,461.216,614.955,230.608,230.608,461.216,307.477,384.347,230.608,307.477,230.608
456,486,384.347,538.085,691.824,230.608,230.608,461.216,461.216,230.608,307.477,461.216,153.739
456,487,614.955,538.085,999.301,230.608,538.085,384.347,461.216,153.739,307.477,461.216,230.608
456,488,461.216,614.955,1229.91,307.477,538.085,614.955,538.085,230.608,153.739,230.608,153.739
456,489,307.477,922.432,922.432,1076.17,614.955,461.216,307.477,153.739,76.8693,76.8693,76.8693
456,490,230.608,538.085,461.216,1076.17,922.432,153.739,230.608,153.739,76.8693,76.8693,76.8693
456,492,307.477,614.955,691.824,538.085,538.085,230.608,153.739,230.608,153.739,153.739,153.739
456,496,384.347,461.216,307.477,307.477,230.608,153.739,153.739,153.739,76.8693,76.8693,76.8693
456,497,461.216,307.477,384.347,307.477,230.608,153.739,153.739,153.739,76.8693,76.8693,76.8693
456,499,153.739,153.739,230.608,153.739,153.739,538.085,384.347,153.739,153.739,153.739,153.739
457,472,230.608,230.608,307.477,153.739,230.608,461.216,307.477,153.739,230.608,307.477,230.608
457,473,230.608,153.739,307.477,76.8693,76.8693,461.216,307.477,153.739,230.608,384.347,230.608
457,474,384.347,307.477,384.347,230.608,384.347,153.739,230.608,230.608,153.739,307.477,230.608
457,475,614.955,230.608,230.608,461.216,461.216,384.347,307.477,384.347,153.739,153.739,153.739
457,476,307.477,307.477,461.216,230.608,153.739,538.085,614.955,461.216,307.477,153.739,230.608
457,477,307.477,230.608,461.216,307.477,230.608,461.216,461.216,461.216,307.477,230.608,230.608
457,478,384.347,307.477,384.347,230.608,230.608,307.477,307.477,230.608,384.347,384.347,307.477
457,479,384.347,307.477,230.608,845.563,307.477,384.347,307.477,153.739,307.477,384.347,384.347
457,480,230.608,614.955,307.477,614.955,384.347,461.216,153.739,230.608,307.477,307.477,384.347
457,481,230.608,461.216,614.955,307.477,230.608,153.739,153.739,307.477,384.347,307.477,384.347
457,482,307.477,999.301,768.693,768.693,384.347,153.739,76.8693,538.085,384.347,307.477,307.477
457,483,153.739,691.824,922.432,538.085,461.216,230.608,230.608,461.216,384.347,307.477,230.608
457,484,230.608,461.216,538.085,384.347,307.477,307.477,307.477,307.477,384.347,307.477,230.608
457,485,384.347,538.085,922.432,307.477,307.477,768.693,461.216,307.477,461.216,384.347,384.347
457,486,461.216,614.955,461.216,230.608,384.347,691.824,614.955,384.347,461.216,384.347,461.216
457,487,922.432,384.347,461.216,307.477,845.563,230.608,307.477,538.085,307.477,230.608,307.477
457,488,845.563,461.216,1076.17,768.693,922.432,230.608,307.477,307.477,76.8693,153.739,153.739
457,489,384.347,691.824,1153.04,999.301,461.216,538.085,384.347,153.739,153.739,153.739,76.8693
457,490,230.608,461.216,461.216,538.085,384.347,538.085,461.216,76.8693,153.739,76.8693,153.739
458,472,153.739,230.608,230.608,230.608,384.347,153.739,153.739,230.608,230.608,307.477,230.608
458,473,153.739,153.739,384.347,153.739,153.739,307.477,230.608,307.477,307.477,384.347,307.477
458,474,230.608,307.477,845.563,230.608,461.216,153.739,153.739,307.477,307.477,384.347,307.477
458,475,307.477,922.432,614.955,538.085,768.693,153.739,153.739,307.477,230.608,230.608,230.608
458,476,230.608,768.693,614.955,384.347,307.477,230.608,230.608,461.216,230.608,230.608,230.608
458,477,230.608,307.477,1076.17,384.347,153.739,384.347,230.608,384.347,384.347,307.477,307.477
458,478,307.477,307.477,768.693,307.477,614.955,384.347,230.608,307.477,384.347,384.347,461.216
458,479,307.477,384.347,307.477,614.955,768.693,307.477,307.477,461.216,230.608,307.477,461.216
458,482,768.693,538.085,768.693,384.347,230.608,230.608,230.608,307.477,230.608,230.608,153.739
458,483,768.693,845.563,1229.91,461.216,384.347,384.347,307.477,230.608,307.477,230.608,153.739
458,484,307.477,307.477,1229.91,922.432,768.693,538.085,384.347,307.477,307.477,153.739,230.608
458,485,307.477,307.477,1229.91,538.085,614.955,768.693,461.216,384.347,230.608,153.739,307.477
458,486,461.216,538.085,768.693,461.216,384.347,461.216,538.085,461.216,153.739,153.739,153.739
458,487,845.563,384.347,461.216,768.693,691.824,384.347,538.085,384.347,153.739,153.739,153.739
458,488,691.824,384.347,768.693,845.563,614.955,845.563,614.955,153.739,153.739,230.608,153.739
458,489,538.085,1076.17,922.432,384.347,307.477,922.432,614.955,153.739,153.739,153.739,153.739
458,490,307.477,1153.04,538.085,307.477,230.608,461.216,307.477,153.739,76.8693,76.8693,153.739
458,492,384.347,768.693,307.477,461.216,384.347,153.739,153.739,153.739,153.739,153.739,153.739
459,472,307.477,230.608,153.739,384.347,384.347,153.739,76.8693,153.739,230.608,153.739,153.739
459,473,230.608,153.739,230.608,230.608,230.608,153.739,153.739,384.347,307.477,230.608,230.608
459,474,307.477,153.739,461.216,153.739,153.739,230.608,153.739,384.347,307.477,230.608,307.477
459,475,153.739,614.955,538.085,384.347,538.085,384.347,307.477,307.477,230.608,230.608,307.477
459,476,230.608,384.347,538.085,538.085,461.216,384.347,307.477,307.477,307.477,307.477,307.477
459,477,230.608,384.347,768.693,538.085,307.477,307.477,307.477,307.477,461.216,461.216,384.347
459,478,307.477,461.216,691.824,461.216,691.824,461.216,230.608,384.347,384.347,384.347,384.347
459,479,230.608,384.347,538.085,384.347,461.216,538.085,307.477,461.216,230.608,230.608,307.477
459,480,230.608,461.216,384.347,230.608,230.608,461.216,384.347,461.216,230.608,230.608,153.739
459,481,461.216,230.608,461.216,153.739,230.608,307.477,307.477,307.477,384.347,461.216,230.608
459,482,1229.91,768.693,922.432,230.608,230.608,307.477,230.608,153.739,538.085,614.955,307.477
459,483,1076.17,922.432,922.432,384.347,230.608,614.955,307.477,230.608,384.347,461.216,307.477
459,484,461.216,307.477,614.955,614.955,461.216,538.085,307.477,230.608,153.739,230.608,230.608
459,485,461.216,307.477,691.824,768.693,461.216,307.477,230.608,230.608,76.8693,153.739,76.8693
459,486,384.347,384.347,845.563,614.955,307.477,307.477,307.477,76.8693,153.739,153.739,76.8693
459,487,384.347,461.216,538.085,384.347,307.477,461.216,307.477,153.739,230.608,230.608,153.739
459,488,614.955,538.085,614.955,461.216,461.216,538.085,307.477,230.608,230.608,153.739,153.739
459,489,845.563,691.824,768.693,691.824,691.824,230.608,230.608,230.608,153.739,76.8693,153.739
459,490,461.216,461.216,384.347,538.085,307.477,153.739,153.739,153.739,76.8693,76.8693,76.8693
459,492,461.216,922.432,538.085,307.477,230.608,153.739,153.739,153.739,153.739,76.8693,153.739
460,474,307.477,230.608,384.347,153.739,153.739,153.739,153.739,230.608,153.739,230.608,153.739
460,475,307.477,307.477,384.347,230.608,307.477,307.477,307.477,230.608,153.739,230.608,153.739
460,476,230.608,384.347,461.216,307.477,461.216,461.216,384.347,230.608,230.608,307.477,230.608
460,477,384.347,538.085,461.216,384.347,461.216,384.347,461.216,461.216,307.477,307.477,307.477
460,478,384.347,384.347,461.216,384.347,538.085,307.477,384.347,461.216,307.477,230.608,307.477
460,481,384.347,307.477,384.347,230.608,384.347,307.477,307.477,230.608,461.216,461.216,384.347
460,482,461.216,307.477,461.216,384.347,614.955,153.739,230.608,538.085,614.955,461.216,538.085
460,483,691.824,384.347,922.432,614.955,614.955,153.739,153.739,538.085,384.347,307.477,384.347
460,484,922.432,614.955,1306.78,768.693,461.216,230.608,384.347,307.477,153.739,76.8693,153.739
460,485,768.693,614.955,1537.39,614.955,384.347,538.085,691.824,153.739,76.8693,76.8693,76.8693
460,486,384.347,691.824,1229.91,384.347,461.216,614.955,461.216,153.739,153.739,153.739,153.739
460,487,307.477,845.563,691.824,614.955,461.216,307.477,153.739,307.477,153.739,76.8693,153.739
460,488,384.347,1076.17,307.477,1076.17,614.955,153.739,153.739,307.477,76.8693,76.8693,76.8693
460,489,461.216,384.347,230.608,922.432,538.085,307.477,230.608,153.739,153.739,76.8693,76.8693
460,490,461.216,307.477,307.477,384.347,153.739,461.216,307.477,76.8693,153.739,76.8693,76.8693
461,474,230.608,307.477,614.955,230.608,230.608,230.608,153.739,153.739,153.739,230.608,230.608
461,475,384.347,307.477,768.693,384.347,461.216,153.739,153.739,153.739,153.739,230.608,230.608
461,476,307.477,384.347,691.824,307.477,307.477,230.608,153.739,230.608,153.739,230.608,230.608
461,477,461.216,614.955,845.563,230.608,230.608,307.477,230.608,307.477,153.739,153.739,230.608
461,478,461.216,691.824,768.693,384.347,307.477,384.347,230.608,307.477,153.739,153.739,230.608
461,479,230.608,461.216,461.216,538.085,307.477,384.347,307.477,230.608,153.739,153.739,153.739
461,480,230.608,307.477,307.477,384.347,307.477,384.347,307.477,230.608,153.739,230.608,153.739
461,481,307.477,307.477,307.477,384.347,307.477,307.477,230.608,384.347,153.739,153.739,230.608
461,482,845.563,384.347,538.085,461.216,384.347,230.608,230.608,538.085,153.739,153.739,230.608
461,483,999.301,384.347,999.301,461.216,307.477,384.347,307.477,384.347,76.8693,76.8693,153.739
461,484,614.955,538.085,922.432,461.216,307.477,614.955,614.955,153.739,76.8693,153.739,76.8693
461,485,384.347,768.693,538.085,538.085,384.347,691.824,614.955,76.8693,153.739,153.739,76.8693
461,486,384.347,538.085,538.085,614.955,461.216,461.216,307.477,153.739,153.739,153.739,76.8693
461,487,307.477,384.347,614.955,768.693,384.347,230.608,153.739,153.739,76.8693,76.8693,76.8693
461,489,461.216,538.085,461.216,230.608,153.739,307.477,230.608,153.739,153.739,153.739,153.739
461,490,384.347,384.347,230.608,230.608,230.608,230.608,153.739,153.739,153.739,76.8693,153.739
462,476,230.608,230.608,461.216,384.347,307.477,230.608,153.739,153.739,230.608,230.608,230.608
462,477,230.608,230.608,461.216,230.608,230.608,230.608,153.739,153.739,230.608,230.608,153.739
462,478,230.608,307.477,384.347,230.608,307.477,230.608,230.608,153.739,230.608,307.477,230.608
462,479,384.347,307.477,384.347,384.347,384.347,307.477,230.608,153.739,307.477,307.477,230.608
462,480,538.085,307.477,538.085,307.477,384.347,384.347,230.608,153.739,307.477,307.477,230.608
462,481,230.608,230.608,538.085,230.608,230.608,230.608,153.739,153.739,153.739,230.608,153.739
462,482,307.477,307.477,461.216,153.739,153.739,307.477,230.608,153.739,153.739,153.739,76.8693
462,483,384.347,538.085,384.347,307.477,230.608,307.477,307.477,76.8693,153.739,153.739,153.739
462,484,614.955,768.693,461.216,691.824,538.085,384.347,230.608,76.8693,153.739,153.739,153.739
462,485,845.563,691.824,614.955,768.693,538.085,230.608,153.739,153.739,153.739,153.739,153.739
462,486,768.693,384.347,461.216,384.347,307.477,153.739,153.739,76.8693,76.8693,76.8693,153.739
462,487,538.085,614.955,307.477,153.739,153.739,153.739,153.739,76.8693,76.8693,76.8693,76.8693
462,489,230.608,691.824,384.347,614.955,384.347,76.8693,76.8693,153.739,76.8693,76.8693,76.8693
462,491,307.477,307.477,307.477,307.477,153.739,153.739,76.8693,76.8693,76.8693,76.8693,76.8693
463,477,538.085,538.085,691.824,230.608,230.608,307.477,230.608,230.608,153.739,76.8693,153.739
463,478,461.216,614.955,538.085,307.477,307.477,230.608,230.608,230.608,153.739,153.739,230.608
463,479,307.477,461.216,307.477,461.216,384.347,230.608,230.608,230.608,153.739,153.739,230.608
463,480,307.477,307.477,384.347,384.347,307.477,230.608,230.608,230.608,153.739,153.739,230.608
463,483,538.085,538.085,461.216,461.216,461.216,230.608,230.608,153.739,153.739,76.8693,153.739
463,484,691.824,384.347,307.477,384.347,461.216,153.739,153.739,153.739,76.8693,76.8693,153.739
463,485,538.085,307.477,461.216,307.477,307.477,153.739,153.739,153.739,76.8693,76.8693,76.8693
463,486,461.216,538.085,461.216,307.477,230.608,153.739,153.739,76.8693,76.8693,76.8693,76.8693
463,487,384.347,691.824,307.477,230.608,153.739,230.608,153.739,76.8693,76.8693,76.8693,76.8693
463,488,307.477,384.347,307.477,230.608,153.739,230.608,153.739,76.8693,76.8693,76.8693,76.8693
464,485,384.347,614.955,384.347,230.608,76.8693,153.739,153.739,76.8693,76.8693,76.8693,76.8693
465,477,230.608,230.608,230.608,307.477,307.477,153.739,76.8693,153.739,153.739,153.739,76.8693
465,482,384.347,230.608,307.477,230.608,230.608,153.739,76.8693,76.8693,76.8693,76.8693,76.8693