294,34,153.739,76.8693,76.8693,76.8693,153.739,153.739,153.739,230.608,230.608,307.477,230.608
295,28,230.608,153.739,307.477,230.608,153.739,230.608,153.739,153.739,153.739,153.739,153.739
295,34,153.739,153.739,76.8693,76.8693,153.739,307.477,307.477,153.739,230.608,307.477,230.608
296,32,76.8693,76.8693,76.8693,230.608,307.477,153.739,153.739,307.477,538.085,614.955,230.608
296,33,153.739,153.739,76.8693,230.608,230.608,230.608,230.608,230.608,307.477,461.216,153.739
296,34,230.608,230.608,76.8693,153.739,153.739,307.477,307.477,153.739,76.8693,153.739,76.8693
297,18,76.8693,76.8693,76.8693,230.608,230.608,153.739,153.739,614.955,384.347,307.477,230.608
297,23,230.608,153.739,230.608,153.739,76.8693,153.739,153.739,153.739,230.608,307.477,153.739
297,24,230.608,153.739,153.739,153.739,153.739,153.739,153.739,153.739,230.608,307.477,153.739
297,25,307.477,230.608,153.739,230.608,153.739,153.739,76.8693,153.739,76.8693,153.739,153.739
297,31,76.8693,153.739,307.477,461.216,461.216,230.608,153.739,691.824,691.824,691.824,461.216
297,32,153.739,76.8693,76.8693,230.608,461.216,691.824,461.216,768.693,614.955,691.824,538.085
297,33,153.739,153.739,153.739,153.739,230.608,845.563,922.432,307.477,538.085,691.824,461.216
297,36,76.8693,153.739,230.608,230.608,76.8693,230.608,153.739,384.347,461.216,461.216,230.608
297,37,76.8693,76.8693,230.608,307.477,153.739,153.739,153.739,230.608,384.347,461.216,307.477
297,43,76.8693,153.739,230.608,230.608,230.608,461.216,307.477,153.739,153.739,153.739,153.739
298,18,76.8693,76.8693,153.739,538.085,614.955,230.608,230.608,461.216,153.739,153.739,153.739
298,19,76.8693,76.8693,153.739,307.477,461.216,461.216,384.347,461.216,230.608,230.608,153.739
298,23,230.608,230.608,230.608,230.608,153.739,307.477,230.608,230.608,230.608,230.608,230.608
298,24,230.608,230.608,153.739,461.216,153.739,384.347,307.477,153.739,230.608,307.477,307.477
298,25,230.608,230.608,153.739,384.347,307.477,230.608,307.477,153.739,76.8693,153.739,230.608
298,28,307.477,614.955,1229.91,153.739,153.739,153.739,153.739,384.347,461.216,461.216,230.608
298,29,76.8693,461.216,1153.04,384.347,153.739,230.608,307.477,845.563,768.693,614.955,384.347
298,30,76.8693,153.739,614.955,614.955,461.216,307.477,461.216,922.432,922.432,845.563,691.824
298,31,153.739,76.8693,230.608,538.085,768.693,461.216,691.824,614.955,691.824,691.824,768.693
298,32,153.739,153.739,76.8693,230.608,614.955,1153.04,768.693,538.085,307.477,307.477,614.955
298,33,153.739,230.608,153.739,230.608,307.477,1921.73,1306.78,307.477,307.477,307.477,384.347
298,34,153.739,230.608,230.608,153.739,153.739,1460.52,1383.65,153.739,230.608,384.347,307.477
298,36,76.8693,230.608,153.739,230.608,76.8693,307.477,230.608,461.216,230.608,153.739,153.739
298,37,76.8693,153.739,153.739,307.477,76.8693,461.216,461.216,384.347,307.477,307.477,307.477
298,40,153.739,153.739,230.608,384.347,153.739,230.608,153.739,461.216,307.477,153.739,153.739
298,41,153.739,230.608,230.608,230.608,384.347,538.085,461.216,153.739,230.608,230.608,307.477
299,19,230.608,153.739,307.477,307.477,691.824,384.347,230.608,153.739,153.739,153.739,76.8693
299,20,230.608,153.739,307.477,230.608,230.608,538.085,384.347,153.739,76.8693,76.8693,76.8693
299,23,153.739,307.477,307.477,307.477,230.608,307.477,230.608,153.739,153.739,153.739,230.608
299,24,153.739,307.477,307.477,538.085,307.477,307.477,230.608,153.739,153.739,153.739,153.739
299,25,307.477,230.608,384.347,461.216,384.347,230.608,153.739,76.8693,76.8693,76.8693,153.739
299,26,461.216,230.608,384.347,461.216,384.347,153.739,153.739,307.477,230.608,153.739,76.8693
299,27,307.477,384.347,461.216,461.216,384.347,153.739,153.739,538.085,538.085,384.347,307.477
299,28,230.608,384.347,691.824,384.347,538.085,307.477,307.477,538.085,691.824,538.085,614.955
299,29,153.739,307.477,691.824,1076.17,461.216,614.955,461.216,768.693,538.085,461.216,768.693
299,30,76.8693,153.739,384.347,2152.34,768.693,1153.04,845.563,845.563,461.216,384.347,691.824
299,31,230.608,153.739,153.739,1844.86,1614.26,1460.52,1460.52,461.216,307.477,230.608,538.085
299,33,153.739,230.608,153.739,153.739,461.216,614.955,461.216,307.477,230.608,153.739,230.608
299,34,153.739,307.477,153.739,307.477,153.739,922.432,614.955,307.477,230.608,153.739,230.608
299,35,153.739,307.477,230.608,461.216,307.477,614.955,538.085,230.608,230.608,153.739,153.739
299,37,153.739,230.608,153.739,307.477,307.477,461.216,230.608,230.608,76.8693,153.739,76.8693
299,38,153.739,153.739,230.608,538.085,153.739,461.216,384.347,230.608,153.739,76.8693,153.739
299,41,153.739,153.739,153.739,384.347,384.347,384.347,307.477,230.608,153.739,153.739,153.739
300,16,153.739,230.608,230.608,384.347,153.739,230.608,230.608,76.8693,153.739,230.608,230.608
300,17,153.739,153.739,153.739,845.563,384.347,153.739,153.739,230.608,76.8693,153.739,153.739
300,20,230.608,230.608,307.477,230.608,153.739,230.608,230.608,153.739,153.739,230.608,153.739
300,26,614.955,307.477,768.693,614.955,230.608,153.739,76.8693,384.347,153.739,153.739,153.739
300,27,384.347,845.563,538.085,1383.65,461.216,230.608,153.739,538.085,230.608,230.608,230.608
300,28,153.739,999.301,614.955,1767.99,1153.04,461.216,461.216,538.085,307.477,307.477,538.085
300,29,76.8693,461.216,538.085,1229.91,1691.13,461.216,538.085,461.216,153.739,153.739,538.085
300,30,153.739,153.739,230.608,922.432,1229.91,538.085,384.347,384.347,76.8693,76.8693,307.477
300,31,230.608,230.608,153.739,999.301,691.824,845.563,538.085,230.608,76.8693,76.8693,153.739
300,32,230.608,307.477,153.739,538.085,691.824,614.955,461.216,153.739,153.739,153.739,153.739
300,33,153.739,307.477,384.347,230.608,384.347,230.608,153.739,384.347,230.608,230.608,230.608
300,34,153.739,230.608,384.347,307.477,153.739,307.477,153.739,461.216,153.739,230.608,230.608
300,35,153.739,384.347,153.739,538.085,307.477,230.608,307.477,307.477,153.739,153.739,153.739
300,38,153.739,307.477,384.347,538.085,230.608,153.739,153.739,230.608,76.8693,153.739,76.8693
300,42,153.739,153.739,230.608,230.608,384.347,384.347,230.608,230.608,307.477,230.608,230.608
300,43,153.739,153.739,230.608,153.739,307.477,384.347,384.347,153.739,307.477,384.347,384.347
300,45,153.739,153.739,230.608,153.739,153.739,384.347,230.608,307.477,230.608,153.739,76.8693
301,11,384.347,76.8693,153.739,307.477,230.608,153.739,153.739,230.608,230.608,153.739,153.739
301,12,461.216,153.739,230.608,230.608,307.477,153.739,153.739,230.608,153.739,153.739,230.608
301,15,153.739,538.085,461.216,76.8693,153.739,384.347,384.347,230.608,307.477,307.477,384.347
301,16,153.739,153.739,230.608,230.608,76.8693,384.347,384.347,76.8693,153.739,230.608,307.477
301,19,307.477,76.8693,307.477,153.739,153.739,384.347,230.608,230.608,153.739,153.739,153.739
301,20,307.477,153.739,230.608,461.216,153.739,461.216,384.347,230.608,230.608,230.608,230.608
301,21,307.477,230.608,384.347,614.955,461.216,307.477,307.477,307.477,153.739,230.608,153.739
301,24,307.477,614.955,614.955,230.608,76.8693,461.216,384.347,307.477,384.347,230.608,153.739
301,25,307.477,845.563,538.085,307.477,230.608,384.347,307.477,230.608,461.216,307.477,230.608
301,26,307.477,538.085,768.693,461.216,384.347,307.477,307.477,153.739,461.216,384.347,230.608
301,27,153.739,538.085,538.085,845.563,538.085,230.608,230.608,153.739,307.477,230.608,230.608
301,28,76.8693,999.301,384.347,1691.13,614.955,307.477,230.608,153.739,153.739,153.739,153.739
301,29,153.739,691.824,307.477,1537.39,922.432,307.477,307.477,153.739,153.739,76.8693,76.8693
301,31,230.608,230.608,538.085,153.739,461.216,230.608,76.8693,153.739,230.608,230.608,153.739
301,32,153.739,384.347,384.347,230.608,153.739,153.739,153.739,307.477,230.608,307.477,153.739
301,33,230.608,461.216,384.347,384.347,384.347,153.739,153.739,384.347,384.347,384.347,307.477
301,34,230.608,307.477,691.824,230.608,461.216,307.477,230.608,307.477,384.347,384.347,384.347
301,36,230.608,461.216,384.347,230.608,153.739,230.608,230.608,153.739,461.216,538.085,230.608
301,37,230.608,230.608,691.824,230.608,230.608,307.477,153.739,153.739,230.608,307.477,153.739
301,38,153.739,384.347,461.216,307.477,230.608,384.347,230.608,153.739,153.739,153.739,76.8693
301,39,153.739,384.347,461.216,614.955,230.608,230.608,153.739,307.477,230.608,153.739,76.8693
301,41,153.739,153.739,307.477,230.608,461.216,153.739,153.739,153.739,230.608,384.347,307.477
301,43,153.739,153.739,307.477,230.608,307.477,538.085,307.477,307.477,461.216,384.347,307.477
301,46,153.739,153.739,230.608,230.608,153.739,384.347,384.347,230.608,230.608,307.477,230.608
302,11,307.477,153.739,230.608,461.216,384.347,153.739,76.8693,230.608,153.739,153.739,153.739
302,12,384.347,76.8693,230.608,461.216,461.216,153.739,153.739,230.608,153.739,76.8693,153.739
302,13,230.608,153.739,153.739,461.216,461.216,230.608,153.739,307.477,153.739,153.739,153.739
302,14,153.739,461.216,307.477,307.477,461.216,307.477,230.608,307.477,230.608,230.608,153.739
302,15,230.608,307.477,384.347,230.608,307.477,384.347,307.477,307.477,230.608,230.608,307.477
302,16,230.608,230.608,230.608,461.216,153.739,384.347,307.477,153.739,153.739,153.739,230.608
302,19,461.216,153.739,230.608,384.347,461.216,230.608,153.739,76.8693,76.8693,76.8693,76.8693
302,20,614.955,153.739,153.739,922.432,307.477,384.347,230.608,76.8693,76.8693,76.8693,76.8693
302,21,538.085,153.739,153.739,1076.17,691.824,384.347,307.477,153.739,153.739,76.8693,76.8693
302,22,384.347,230.608,384.347,384.347,768.693,307.477,230.608,230.608,153.739,153.739,153.739
302,23,461.216,307.477,691.824,153.739,307.477,230.608,153.739,384.347,230.608,230.608,153.739
302,24,384.347,614.955,845.563,153.739,153.739,230.608,230.608,614.955,307.477,230.608,230.608
302,25,230.608,1306.78,768.693,307.477,153.739,461.216,384.347,768.693,538.085,307.477,384.347
302,26,384.347,1383.65,768.693,461.216,230.608,614.955,461.216,691.824,768.693,461.216,614.955
302,27,230.608,691.824,691.824,461.216,384.347,384.347,384.347,691.824,614.955,461.216,691.824
302,28,230.608,307.477,538.085,384.347,384.347,153.739,230.608,538.085,384.347,307.477,461.216
302,32,307.477,153.739,538.085,461.216,230.608,230.608,307.477,307.477,153.739,307.477,230.608
302,33,230.608,307.477,307.477,614.955,614.955,230.608,230.608,384.347,153.739,153.739,230.608
302,34,384.347,384.347,384.347,307.477,691.824,307.477,307.477,691.824,307.477,153.739,307.477
302,35,230.608,230.608,384.347,461.216,307.477,461.216,461.216,691.824,384.347,307.477,384.347
302,36,230.608,461.216,307.477,461.216,230.608,538.085,614.955,384.347,384.347,461.216,461.216
302,37,230.608,461.216,614.955,307.477,153.739,691.824,768.693,230.608,384.347,307.477,384.347
302,39,153.739,230.608,384.347,461.216,384.347,230.608,230.608,307.477,307.477,384.347,230.608
302,40,153.739,153.739,384.347,538.085,307.477,307.477,230.608,461.216,461.216,230.608,153.739
302,41,153.739,153.739,461.216,384.347,461.216,461.216,307.477,307.477,538.085,538.085,461.216
302,42,153.739,153.739,461.216,307.477,461.216,230.608,307.477,461.216,230.608,307.477,384.347
302,43,230.608,230.608,307.477,384.347,384.347,384.347,230.608,461.216,461.216,384.347,230.608
302,44,230.608,230.608,307.477,230.608,538.085,614.955,538.085,153.739,307.477,384.347,384.347
302,46,153.739,230.608,230.608,307.477,153.739,461.216,230.608,230.608,230.608,153.739,153.739
302,47,76.8693,153.739,230.608,230.608,153.739,614.955,538.085,153.739,153.739,230.608,230.608
303,13,230.608,307.477,153.739,538.085,461.216,153.739,153.739,307.477,230.608,153.739,153.739
303,14,153.739,538.085,307.477,384.347,461.216,153.739,153.739,384.347,384.347,307.477,230.608
303,15,307.477,461.216,614.955,230.608,307.477,307.477,230.608,307.477,384.347,307.477,230.608
303,16,230.608,307.477,384.347,307.477,153.739,307.477,307.477,153.739,230.608,307.477,230.608
303,19,307.477,230.608,153.739,307.477,384.347,76.8693,76.8693,76.8693,230.608,230.608,153.739
303,20,461.216,230.608,307.477,230.608,230.608,153.739,153.739,153.739,76.8693,230.608,153.739
303,21,538.085,230.608,461.216,307.477,230.608,153.739,76.8693,384.347,230.608,153.739,76.8693
303,22,461.216,230.608,307.477,307.477,230.608,76.8693,76.8693,307.477,307.477,230.608,230.608
303,23,538.085,384.347,384.347,384.347,230.608,76.8693,153.739,230.608,230.608,230.608,230.608
303,24,614.955,461.216,538.085,461.216,307.477,153.739,230.608,461.216,153.739,230.608,153.739
303,25,384.347,461.216,845.563,538.085,384.347,230.608,307.477,768.693,230.608,230.608,230.608
303,26,230.608,461.216,845.563,384.347,307.477,384.347,538.085,845.563,384.347,230.608,384.347
303,27,307.477,384.347,1153.04,384.347,307.477,461.216,614.955,691.824,461.216,307.477,461.216
303,28,538.085,230.608,1460.52,538.085,307.477,384.347,538.085,614.955,768.693,538.085,384.347
303,29,538.085,230.608,768.693,461.216,384.347,307.477,461.216,307.477,999.301,845.563,384.347
303,30,230.608,614.955,845.563,307.477,307.477,230.608,384.347,230.608,614.955,845.563,384.347
303,32,384.347,307.477,614.955,845.563,307.477,307.477,230.608,153.739,614.955,614.955,307.477
303,33,230.608,307.477,230.608,1076.17,768.693,230.608,230.608,230.608,384.347,538.085,384.347
303,34,307.477,307.477,230.608,1153.04,922.432,153.739,153.739,307.477,230.608,307.477,153.739
303,35,461.216,461.216,461.216,922.432,845.563,307.477,307.477,230.608,230.608,230.608,153.739
303,36,230.608,384.347,538.085,691.824,691.824,768.693,691.824,307.477,307.477,230.608,153.739
303,37,230.608,307.477,307.477,538.085,384.347,768.693,614.955,1076.17,614.955,384.347,153.739
303,38,230.608,230.608,461.216,768.693,230.608,384.347,461.216,999.301,1076.17,768.693,384.347
303,39,230.608,230.608,538.085,538.085,461.216,538.085,768.693,384.347,614.955,768.693,614.955
303,41,230.608,230.608,538.085,614.955,384.347,384.347,384.347,461.216,614.955,538.085,307.477
303,42,230.608,230.608,461.216,384.347,614.955,461.216,538.085,307.477,307.477,384.347,461.216
303,43,230.608,307.477,230.608,461.216,384.347,230.608,307.477,384.347,307.477,230.608,230.608
303,44,153.739,307.477,230.608,538.085,384.347,538.085,384.347,230.608,384.347,384.347,384.347
303,45,153.739,230.608,230.608,230.608,461.216,461.216,384.347,230.608,230.608,230.608,307.477
303,47,76.8693,76.8693,153.739,153.739,153.739,614.955,307.477,230.608,153.739,153.739,230.608
304,12,384.347,307.477,538.085,307.477,153.739,153.739,153.739,230.608,153.739,153.739,76.8693
304,13,230.608,153.739,307.477,384.347,307.477,153.739,76.8693,384.347,230.608,153.739,153.739
304,14,153.739,461.216,230.608,307.477,307.477,153.739,153.739,538.085,307.477,230.608,230.608
304,15,230.608,538.085,307.477,153.739,307.477,307.477,307.477,461.216,461.216,384.347,307.477
304,16,230.608,230.608,307.477,153.739,230.608,384.347,461.216,307.477,461.216,538.085,384.347
304,17,153.739,230.608,153.739,153.739,153.739,307.477,461.216,76.8693,230.608,461.216,307.477
304,20,307.477,230.608,691.824,230.608,76.8693,230.608,153.739,153.739,153.739,307.477,230.608
304,22,384.347,307.477,614.955,461.216,153.739,230.608,230.608,230.608,76.8693,76.8693,153.739
304,23,538.085,307.477,384.347,922.432,538.085,461.216,538.085,230.608,230.608,153.739,153.739
304,24,691.824,307.477,384.347,1076.17,999.301,307.477,384.347,153.739,307.477,384.347,153.739
304,25,768.693,538.085,384.347,768.693,1076.17,230.608,230.608,230.608,230.608,461.216,230.608
304,26,691.824,384.347,384.347,614.955,768.693,230.608,307.477,461.216,307.477,230.608,230.608
304,27,538.085,153.739,384.347,538.085,691.824,384.347,384.347,845.563,307.477,230.608,153.739
304,28,845.563,384.347,538.085,461.216,614.955,538.085,538.085,1537.39,768.693,384.347,307.477
304,29,614.955,614.955,538.085,538.085,538.085,1153.04,999.301,1383.65,1691.13,1229.91,845.563
304,30,230.608,999.301,1153.04,384.347,538.085,1306.78,1537.39,691.824,1537.39,1614.26,1383.65
304,31,230.608,768.693,1460.52,153.739,384.347,768.693,1076.17,614.955,691.824,999.301,922.432
304,32,307.477,614.955,538.085,384.347,230.608,614.955,691.824,538.085,691.824,614.955,538.085
304,33,384.347,922.432,538.085,1229.91,461.216,384.347,614.955,384.347,614.955,614.955,768.693
304,34,307.477,614.955,538.085,1460.52,1076.17,307.477,384.347,461.216,461.216,384.347,538.085
304,35,307.477,538.085,307.477,538.085,1076.17,538.085,461.216,691.824,538.085,461.216,307.477
304,36,384.347,384.347,461.216,691.824,461.216,691.824,614.955,691.824,768.693,614.955,384.347
304,37,230.608,230.608,461.216,461.216,461.216,538.085,614.955,1076.17,614.955,614.955,538.085
304,38,384.347,307.477,307.477,538.085,307.477,1767.99,1229.91,922.432,384.347,384.347,538.085
304,39,307.477,307.477,614.955,461.216,384.347,2382.95,2229.21,384.347,307.477,307.477,461.216
304,41,230.608,461.216,384.347,614.955,230.608,307.477,384.347,538.085,461.216,461.216,307.477
304,42,230.608,307.477,461.216,614.955,538.085,461.216,614.955,230.608,230.608,307.477,384.347
304,43,230.608,307.477,230.608,307.477,538.085,307.477,307.477,384.347,230.608,153.739,153.739
304,44,153.739,230.608,230.608,461.216,307.477,307.477,307.477,307.477,307.477,307.477,230.608
304,45,76.8693,153.739,153.739,307.477,384.347,614.955,384.347,307.477,153.739,153.739,230.608
305,16,153.739,153.739,230.608,153.739,307.477,538.085,538.085,461.216,461.216,384.347,384.347
305,17,230.608,230.608,153.739,307.477,153.739,691.824,768.693,153.739,307.477,461.216,461.216
305,18,384.347,230.608,230.608,307.477,230.608,538.085,691.824,153.739,153.739,230.608,153.739
305,20,307.477,538.085,538.085,538.085,307.477,153.739,153.739,153.739,230.608,307.477,307.477
305,23,307.477,768.693,1076.17,538.085,230.608,384.347,230.608,230.608,153.739,153.739,76.8693
305,24,384.347,614.955,1076.17,461.216,538.085,461.216,307.477,384.347,307.477,230.608,230.608
305,25,538.085,538.085,1153.04,614.955,614.955,691.824,461.216,230.608,307.477,384.347,384.347
305,26,768.693,538.085,1229.91,1229.91,691.824,461.216,461.216,307.477,230.608,230.608,307.477
305,27,461.216,384.347,922.432,1460.52,999.301,307.477,307.477,384.347,230.608,153.739,153.739
305,28,922.432,307.477,768.693,845.563,1153.04,538.085,384.347,845.563,230.608,230.608,153.739
305,29,691.824,538.085,1076.17,538.085,691.824,1076.17,845.563,1383.65,614.955,461.216,384.347
305,30,230.608,1229.91,1691.13,384.347,538.085,1998.6,1767.99,768.693,922.432,691.824,1076.17
305,31,307.477,1844.86,1844.86,307.477,384.347,1844.86,1691.13,307.477,384.347,461.216,999.301
305,32,307.477,1076.17,1460.52,691.824,307.477,1383.65,1076.17,384.347,153.739,153.739,384.347
305,33,307.477,614.955,845.563,1076.17,614.955,845.563,845.563,307.477,230.608,153.739,384.347
305,34,384.347,384.347,768.693,614.955,922.432,461.216,461.216,384.347,153.739,153.739,384.347
305,35,230.608,614.955,538.085,1691.13,538.085,768.693,538.085,691.824,153.739,153.739,307.477
305,36,384.347,384.347,384.347,2844.16,1383.65,1153.04,922.432,691.824,307.477,230.608,307.477
305,37,461.216,307.477,384.347,1383.65,2382.95,845.563,999.301,384.347,307.477,230.608,384.347
305,38,230.608,384.347,384.347,384.347,1229.91,922.432,691.824,230.608,307.477,384.347,307.477
305,39,307.477,614.955,384.347,461.216,384.347,922.432,768.693,230.608,384.347,538.085,153.739
305,40,153.739,307.477,614.955,461.216,461.216,384.347,384.347,384.347,384.347,538.085,384.347
305,41,153.739,384.347,307.477,461.216,384.347,538.085,384.347,384.347,230.608,307.477,384.347
305,42,153.739,307.477,307.477,691.824,307.477,614.955,614.955,230.608,76.8693,76.8693,230.608
305,43,153.739,153.739,307.477,538.085,461.216,384.347,384.347,384.347,230.608,230.608,153.739
305,44,76.8693,153.739,230.608,307.477,538.085,461.216,384.347,307.477,230.608,307.477,230.608
305,46,76.8693,76.8693,153.739,153.739,307.477,614.955,384.347,307.477,153.739,230.608,153.739
306,17,230.608,384.347,307.477,153.739,230.608,922.432,691.824,153.739,153.739,153.739,307.477
306,18,384.347,230.608,307.477,153.739,76.8693,922.432,691.824,153.739,153.739,153.739,153.739
306,19,461.216,307.477,230.608,307.477,76.8693,461.216,307.477,153.739,153.739,76.8693,153.739
306,20,461.216,538.085,230.608,461.216,153.739,230.608,153.739,230.608,230.608,153.739,230.608
306,21,614.955,538.085,307.477,384.347,307.477,230.608,230.608,153.739,230.608,153.739,230.608
306,22,691.824,538.085,538.085,538.085,384.347,230.608,153.739,153.739,230.608,230.608,153.739
306,23,538.085,614.955,461.216,614.955,384.347,307.477,230.608,230.608,153.739,230.608,153.739
306,24,461.216,845.563,384.347,307.477,384.347,230.608,153.739,384.347,153.739,153.739,153.739
306,25,384.347,538.085,461.216,307.477,230.608,461.216,230.608,230.608,307.477,230.608,307.477
306,26,384.347,307.477,384.347,691.824,307.477,538.085,384.347,461.216,153.739,153.739,307.477
306,27,691.824,230.608,461.216,1460.52,691.824,230.608,230.608,691.824,307.477,153.739,153.739
306,28,1229.91,230.608,538.085,1383.65,1306.78,307.477,307.477,230.608,384.347,384.347,153.739
306,29,999.301,307.477,461.216,1229.91,1229.91,384.347,461.216,461.216,230.608,384.347,230.608
306,30,614.955,614.955,538.085,922.432,999.301,768.693,538.085,691.824,230.608,153.739,230.608
306,31,538.085,845.563,845.563,538.085,845.563,768.693,845.563,307.477,307.477,230.608,384.347
306,32,461.216,538.085,768.693,1076.17,538.085,384.347,384.347,153.739,230.608,230.608,230.608
306,33,461.216,1537.39,691.824,1691.13,768.693,307.477,230.608,153.739,153.739,230.608,153.739
306,34,230.608,1229.91,922.432,922.432,1383.65,153.739,153.739,153.739,76.8693,153.739,153.739
306,35,461.216,384.347,768.693,1153.04,845.563,384.347,153.739,153.739,230.608,153.739,153.739
306,36,307.477,307.477,538.085,1229.91,922.432,538.085,307.477,307.477,230.608,307.477,153.739
306,37,461.216,461.216,461.216,691.824,1229.91,307.477,384.347,384.347,230.608,230.608,153.739
306,38,307.477,384.347,538.085,384.347,768.693,461.216,384.347,307.477,384.347,384.347,230.608
306,39,153.739,461.216,461.216,614.955,384.347,691.824,538.085,384.347,461.216,461.216,384.347
306,40,230.608,538.085,461.216,922.432,614.955,538.085,461.216,307.477,307.477,384.347,538.085
306,41,153.739,230.608,384.347,768.693,614.955,614.955,384.347,153.739,153.739,153.739,307.477
306,42,153.739,307.477,307.477,461.216,614.955,538.085,461.216,153.739,153.739,230.608,153.739
306,43,76.8693,153.739,307.477,614.955,384.347,307.477,230.608,230.608,230.608,307.477,153.739
306,44,76.8693,76.8693,230.608,384.347,614.955,461.216,307.477,230.608,153.739,230.608,230.608
307,9,461.216,153.739,153.739,76.8693,76.8693,76.8693,76.8693,153.739,76.8693,76.8693,76.8693
307,13,307.477,461.216,691.824,384.347,153.739,153.739,153.739,384.347,384.347,230.608,153.739
307,14,153.739,153.739,230.608,768.693,384.347,153.739,230.608,230.608,384.347,384.347,307.477
307,15,153.739,384.347,384.347,922.432,691.824,153.739,153.739,76.8693,230.608,230.608,153.739
307,18,153.739,384.347,230.608,153.739,153.739,307.477,153.739,307.477,153.739,76.8693,153.739
307,19,384.347,461.216,307.477,76.8693,76.8693,153.739,153.739,461.216,153.739,76.8693,76.8693
307,20,538.085,384.347,307.477,153.739,76.8693,76.8693,153.739,538.085,230.608,153.739,76.8693
307,21,461.216,230.608,384.347,230.608,76.8693,153.739,230.608,384.347,230.608,153.739,153.739
307,22,461.216,230.608,384.347,538.085,153.739,307.477,307.477,230.608,307.477,153.739,153.739
307,23,461.216,614.955,230.608,768.693,384.347,461.216,307.477,153.739,307.477,384.347,230.608
307,24,461.216,1306.78,614.955,307.477,538.085,384.347,230.608,230.608,153.739,307.477,230.608
307,25,461.216,1153.04,1076.17,845.563,230.608,153.739,153.739,230.608,153.739,76.8693,153.739
307,26,384.347,691.824,614.955,614.955,614.955,230.608,230.608,307.477,230.608,153.739,153.739
307,27,384.347,614.955,538.085,538.085,461.216,230.608,230.608,461.216,153.739,230.608,153.739
307,28,538.085,461.216,691.824,614.955,538.085,922.432,614.955,230.608,153.739,153.739,153.739
307,29,691.824,768.693,538.085,538.085,768.693,922.432,922.432,153.739,230.608,230.608,230.608
307,30,461.216,1460.52,538.085,384.347,461.216,307.477,384.347,230.608,153.739,230.608,153.739
307,31,461.216,768.693,614.955,307.477,307.477,384.347,307.477,153.739,153.739,230.608,153.739
307,32,384.347,538.085,384.347,691.824,230.608,461.216,384.347,230.608,153.739,153.739,153.739
307,33,461.216,1076.17,691.824,845.563,384.347,307.477,230.608,230.608,230.608,153.739,153.739
307,34,307.477,999.301,999.301,461.216,538.085,153.739,153.739,230.608,153.739,153.739,153.739
307,35,461.216,538.085,1460.52,768.693,461.216,307.477,153.739,384.347,307.477,153.739,153.739
307,36,307.477,384.347,1076.17,845.563,691.824,461.216,307.477,307.477,307.477,307.477,230.608
307,37,307.477,691.824,768.693,614.955,614.955,307.477,384.347,230.608,153.739,230.608,307.477
307,38,307.477,768.693,691.824,691.824,307.477,461.216,307.477,461.216,153.739,153.739,153.739
307,39,153.739,384.347,614.955,999.301,461.216,614.955,461.216,538.085,307.477,230.608,230.608
307,40,153.739,538.085,461.216,691.824,768.693,384.347,461.216,230.608,307.477,307.477,230.608
307,42,153.739,153.739,461.216,384.347,538.085,230.608,230.608,230.608,538.085,538.085,230.608
307,43,76.8693,153.739,384.347,384.347,384.347,384.347,230.608,153.739,307.477,461.216,384.347
308,9,614.955,153.739,153.739,153.739,153.739,76.8693,76.8693,153.739,76.8693,76.8693,76.8693
308,10,614.955,230.608,230.608,153.739,153.739,76.8693,153.739,307.477,153.739,76.8693,76.8693
308,13,384.347,614.955,538.085,153.739,153.739,230.608,307.477,461.216,307.477,230.608,230.608
308,14,230.608,307.477,307.477,307.477,153.739,307.477,384.347,307.477,384.347,461.216,384.347
308,15,153.739,230.608,384.347,384.347,230.608,384.347,461.216,153.739,230.608,307.477,307.477
308,20,153.739,1076.17,614.955,307.477,153.739,230.608,230.608,461.216,153.739,153.739,76.8693
308,21,230.608,538.085,614.955,307.477,230.608,307.477,384.347,461.216,153.739,153.739,76.8693
308,22,461.216,461.216,384.347,153.739,153.739,461.216,614.955,461.216,307.477,153.739,153.739
308,23,384.347,384.347,614.955,307.477,230.608,384.347,461.216,307.477,538.085,384.347,307.477
308,24,307.477,384.347,538.085,461.216,307.477,307.477,384.347,153.739,384.347,538.085,384.347
308,25,461.216,461.216,691.824,1460.52,307.477,230.608,230.608,230.608,76.8693,230.608,153.739
308,26,384.347,461.216,845.563,999.301,1076.17,230.608,153.739,384.347,230.608,153.739,76.8693
308,28,384.347,230.608,614.955,538.085,384.347,307.477,307.477,153.739,153.739,153.739,153.739
308,29,384.347,384.347,691.824,538.085,461.216,384.347,307.477,230.608,153.739,153.739,153.739
308,30,461.216,691.824,691.824,384.347,461.216,461.216,307.477,384.347,384.347,307.477,153.739
308,31,691.824,461.216,538.085,461.216,230.608,384.347,307.477,384.347,614.955,538.085,307.477
308,32,691.824,461.216,691.824,768.693,230.608,307.477,307.477,307.477,461.216,538.085,307.477
308,33,691.824,538.085,1076.17,691.824,307.477,230.608,230.608,307.477,153.739,230.608,153.739
308,34,538.085,691.824,1306.78,461.216,307.477,307.477,384.347,230.608,76.8693,76.8693,76.8693
308,36,461.216,768.693,845.563,614.955,461.216,307.477,230.608,230.608,153.739,153.739,230.608
308,38,307.477,768.693,691.824,845.563,384.347,153.739,230.608,307.477,614.955,461.216,153.739
308,39,230.608,384.347,538.085,691.824,614.955,230.608,230.608,384.347,307.477,384.347,230.608
308,40,230.608,307.477,538.085,461.216,538.085,538.085,461.216,384.347,153.739,230.608,230.608
308,41,153.739,307.477,461.216,538.085,307.477,384.347,461.216,768.693,307.477,230.608,153.739
308,42,153.739,153.739,538.085,307.477,384.347,461.216,384.347,538.085,768.693,614.955,307.477
308,43,76.8693,153.739,384.347,307.477,230.608,768.693,768.693,230.608,461.216,614.955,614.955
308,44,76.8693,230.608,230.608,230.608,307.477,461.216,461.216,230.608,307.477,307.477,384.347
309,9,538.085,76.8693,76.8693,307.477,230.608,76.8693,76.8693,153.739,76.8693,76.8693,76.8693
309,10,691.824,76.8693,153.739,307.477,307.477,153.739,153.739,230.608,153.739,76.8693,76.8693
309,11,614.955,307.477,153.739,307.477,384.347,153.739,76.8693,230.608,153.739,153.739,153.739
309,12,384.347,461.216,153.739,307.477,384.347,153.739,230.608,153.739,76.8693,76.8693,76.8693
309,13,461.216,307.477,153.739,307.477,384.347,230.608,230.608,230.608,230.608,153.739,153.739
309,14,307.477,153.739,307.477,230.608,384.347,230.608,307.477,153.739,230.608,307.477,307.477
309,15,230.608,153.739,461.216,230.608,307.477,461.216,461.216,153.739,76.8693,153.739,230.608
309,16,307.477,153.739,384.347,307.477,230.608,461.216,384.347,153.739,76.8693,76.8693,76.8693
309,17,461.216,153.739,230.608,384.347,307.477,153.739,153.739,230.608,76.8693,76.8693,76.8693
309,18,461.216,384.347,230.608,691.824,538.085,76.8693,76.8693,230.608,153.739,76.8693,76.8693
309,19,461.216,230.608,538.085,768.693,691.824,76.8693,76.8693,153.739,307.477,153.739,153.739
309,20,230.608,538.085,768.693,691.824,845.563,153.739,76.8693,153.739,307.477,230.608,153.739
309,21,230.608,307.477,922.432,384.347,691.824,230.608,153.739,153.739,153.739,307.477,153.739
309,22,384.347,1076.17,384.347,153.739,307.477,461.216,307.477,307.477,153.739,153.739,76.8693
309,23,538.085,1229.91,1229.91,307.477,153.739,461.216,384.347,384.347,384.347,230.608,230.608
309,24,538.085,384.347,1460.52,384.347,230.608,614.955,538.085,230.608,307.477,461.216,384.347
309,25,461.216,384.347,691.824,461.216,384.347,614.955,614.955,230.608,153.739,307.477,230.608
309,26,384.347,461.216,461.216,538.085,384.347,230.608,307.477,538.085,153.739,153.739,153.739
309,27,384.347,384.347,691.824,461.216,461.216,461.216,307.477,384.347,153.739,76.8693,153.739
309,28,538.085,307.477,614.955,461.216,384.347,922.432,691.824,153.739,76.8693,153.739,153.739
309,29,461.216,691.824,614.955,307.477,307.477,538.085,538.085,307.477,76.8693,76.8693,76.8693
309,30,538.085,691.824,768.693,307.477,230.608,461.216,307.477,614.955,153.739,153.739,153.739
309,31,614.955,384.347,384.347,691.824,307.477,1076.17,691.824,614.955,461.216,307.477,307.477
309,32,922.432,461.216,461.216,614.955,614.955,922.432,845.563,307.477,461.216,461.216,538.085
309,33,1076.17,538.085,768.693,461.216,614.955,307.477,461.216,153.739,230.608,230.608,384.347
309,34,614.955,384.347,614.955,461.216,384.347,384.347,307.477,153.739,153.739,153.739,153.739
309,35,538.085,691.824,461.216,384.347,614.955,230.608,230.608,153.739,76.8693,76.8693,76.8693
309,36,461.216,999.301,538.085,538.085,384.347,230.608,153.739,538.085,230.608,153.739,76.8693
309,37,461.216,461.216,691.824,691.824,384.347,307.477,307.477,1306.78,768.693,307.477,153.739
309,38,384.347,384.347,461.216,461.216,538.085,230.608,307.477,845.563,1076.17,845.563,538.085
309,39,307.477,384.347,384.347,461.216,461.216,538.085,768.693,307.477,384.347,538.085,614.955
309,40,230.608,230.608,538.085,691.824,384.347,538.085,614.955,307.477,307.477,230.608,230.608
309,41,153.739,230.608,461.216,461.216,538.085,384.347,307.477,614.955,384.347,384.347,153.739
309,42,153.739,230.608,307.477,230.608,384.347,845.563,614.955,461.216,307.477,307.477,230.608
309,45,76.8693,230.608,153.739,230.608,230.608,307.477,307.477,230.608,153.739,230.608,307.477
310,16,538.085,538.085,999.301,230.608,153.739,307.477,230.608,230.608,76.8693,76.8693,76.8693
310,17,614.955,461.216,768.693,307.477,153.739,230.608,153.739,307.477,76.8693,76.8693,76.8693
310,18,538.085,384.347,384.347,614.955,230.608,230.608,230.608,538.085,230.608,76.8693,153.739
310,19,538.085,230.608,230.608,845.563,384.347,153.739,230.608,538.085,384.347,230.608,230.608
310,20,384.347,307.477,230.608,768.693,691.824,230.608,307.477,307.477,461.216,307.477,307.477
310,21,691.824,307.477,384.347,461.216,691.824,153.739,307.477,153.739,384.347,384.347,307.477
310,22,461.216,384.347,230.608,384.347,461.216,153.739,153.739,230.608,153.739,153.739,153.739
310,23,384.347,614.955,538.085,307.477,461.216,153.739,153.739,307.477,230.608,153.739,153.739
310,24,538.085,384.347,768.693,614.955,307.477,461.216,230.608,153.739,230.608,230.608,307.477
310,25,614.955,384.347,538.085,1614.26,461.216,845.563,461.216,153.739,153.739,153.739,153.739
310,26,538.085,307.477,307.477,1306.78,1153.04,614.955,461.216,230.608,76.8693,76.8693,76.8693
310,27,845.563,230.608,230.608,691.824,845.563,230.608,153.739,153.739,153.739,76.8693,76.8693
310,28,538.085,538.085,307.477,922.432,384.347,461.216,307.477,153.739,153.739,153.739,76.8693
310,29,384.347,691.824,845.563,691.824,691.824,384.347,307.477,153.739,153.739,153.739,76.8693
310,30,538.085,614.955,1153.04,614.955,614.955,230.608,230.608,461.216,230.608,153.739,76.8693
310,31,691.824,768.693,1076.17,768.693,461.216,614.955,384.347,691.824,230.608,230.608,153.739
310,32,538.085,538.085,1460.52,614.955,461.216,768.693,691.824,384.347,230.608,153.739,230.608
310,33,461.216,614.955,1383.65,461.216,538.085,768.693,768.693,153.739,153.739,230.608,153.739
310,34,461.216,461.216,1076.17,538.085,384.347,307.477,384.347,153.739,153.739,307.477,76.8693
310,35,461.216,384.347,691.824,384.347,538.085,230.608,230.608,153.739,76.8693,153.739,153.739
310,36,384.347,307.477,461.216,614.955,384.347,307.477,230.608,461.216,153.739,153.739,76.8693
310,37,461.216,384.347,307.477,845.563,691.824,384.347,307.477,1076.17,307.477,230.608,153.739
310,38,384.347,461.216,307.477,691.824,691.824,768.693,691.824,614.955,384.347,384.347,461.216
310,39,230.608,230.608,307.477,845.563,461.216,1229.91,1460.52,691.824,384.347,307.477,461.216
310,40,230.608,153.739,307.477,538.085,845.563,461.216,614.955,845.563,922.432,845.563,307.477
310,41,153.739,153.739,307.477,230.608,691.824,614.955,614.955,384.347,614.955,845.563,614.955
310,42,76.8693,230.608,307.477,307.477,230.608,691.824,768.693,230.608,230.608,307.477,384.347
310,47,76.8693,153.739,230.608,384.347,230.608,461.216,307.477,153.739,153.739,153.739,153.739
311,12,538.085,230.608,153.739,307.477,153.739,153.739,153.739,76.8693,76.8693,153.739,153.739
311,13,614.955,307.477,230.608,230.608,230.608,153.739,153.739,153.739,76.8693,76.8693,76.8693
311,14,461.216,307.477,384.347,307.477,153.739,76.8693,76.8693,153.739,153.739,76.8693,76.8693
311,15,230.608,461.216,307.477,538.085,230.608,307.477,153.739,76.8693,76.8693,76.8693,76.8693
311,16,230.608,768.693,384.347,461.216,614.955,230.608,153.739,76.8693,76.8693,76.8693,76.8693
311,17,230.608,768.693,538.085,461.216,538.085,153.739,76.8693,153.739,76.8693,76.8693,76.8693
311,18,307.477,538.085,614.955,384.347,461.216,153.739,153.739,384.347,153.739,76.8693,153.739
311,19,461.216,307.477,461.216,230.608,384.347,230.608,230.608,461.216,153.739,153.739,153.739
311,20,307.477,230.608,384.347,153.739,153.739,614.955,614.955,461.216,307.477,153.739,153.739
311,21,768.693,384.347,538.085,230.608,153.739,691.824,691.824,230.608,384.347,384.347,384.347
311,22,768.693,691.824,461.216,691.824,153.739,461.216,461.216,307.477,153.739,230.608,230.608
311,23,461.216,768.693,461.216,845.563,461.216,230.608,230.608,538.085,230.608,153.739,76.8693
311,24,307.477,614.955,691.824,461.216,538.085,230.608,230.608,384.347,307.477,230.608,230.608
311,25,230.608,691.824,384.347,1229.91,384.347,153.739,307.477,307.477,153.739,153.739,230.608
311,26,307.477,384.347,384.347,1229.91,922.432,230.608,230.608,461.216,307.477,153.739,153.739
311,27,538.085,461.216,461.216,307.477,845.563,153.739,153.739,461.216,538.085,307.477,230.608
311,28,614.955,768.693,538.085,614.955,307.477,153.739,153.739,230.608,461.216,461.216,384.347
311,29,922.432,768.693,538.085,1306.78,614.955,153.739,153.739,307.477,153.739,230.608,230.608
311,30,922.432,461.216,691.824,1614.26,1153.04,153.739,153.739,461.216,230.608,153.739,76.8693
311,31,768.693,538.085,691.824,614.955,1460.52,307.477,307.477,307.477,230.608,230.608,230.608
311,32,538.085,461.216,922.432,384.347,461.216,538.085,538.085,384.347,384.347,230.608,153.739
311,33,384.347,538.085,999.301,538.085,307.477,384.347,384.347,461.216,768.693,614.955,230.608
311,34,307.477,538.085,768.693,614.955,307.477,461.216,384.347,230.608,384.347,538.085,307.477
311,35,230.608,614.955,691.824,922.432,461.216,461.216,538.085,307.477,153.739,153.739,153.739
311,36,307.477,461.216,691.824,1383.65,845.563,230.608,153.739,230.608,307.477,230.608,76.8693
311,37,230.608,461.216,461.216,845.563,1614.26,384.347,307.477,230.608,230.608,307.477,153.739
311,38,230.608,307.477,614.955,845.563,768.693,461.216,384.347,307.477,230.608,230.608,230.608
311,39,153.739,230.608,307.477,1076.17,614.955,538.085,538.085,845.563,461.216,384.347,230.608
311,40,153.739,230.608,230.608,538.085,768.693,691.824,538.085,768.693,691.824,691.824,461.216
311,41,153.739,230.608,307.477,384.347,461.216,1614.26,1460.52,461.216,384.347,461.216,768.693
311,42,153.739,230.608,307.477,461.216,307.477,845.563,999.301,461.216,614.955,384.347,384.347
311,43,153.739,230.608,384.347,384.347,384.347,461.216,461.216,230.608,538.085,614.955,384.347
311,44,153.739,230.608,230.608,230.608,307.477,614.955,538.085,153.739,307.477,384.347,307.477
311,47,153.739,76.8693,230.608,307.477,230.608,307.477,153.739,153.739,76.8693,76.8693,153.739
312,12,384.347,230.608,384.347,384.347,76.8693,153.739,153.739,153.739,76.8693,76.8693,153.739
312,13,384.347,307.477,614.955,461.216,230.608,153.739,153.739,153.739,76.8693,76.8693,76.8693
312,14,461.216,307.477,691.824,384.347,230.608,153.739,153.739,153.739,76.8693,76.8693,76.8693
312,15,538.085,307.477,384.347,614.955,230.608,153.739,153.739,76.8693,76.8693,76.8693,76.8693
312,16,461.216,230.608,230.608,691.824,461.216,153.739,153.739,76.8693,76.8693,153.739,76.8693
312,17,307.477,153.739,230.608,1153.04,538.085,76.8693,76.8693,76.8693,76.8693,76.8693,76.8693
312,18,307.477,230.608,461.216,1229.91,999.301,76.8693,76.8693,76.8693,76.8693,76.8693,76.8693
312,19,307.477,461.216,384.347,538.085,845.563,230.608,230.608,153.739,230.608,307.477,153.739
312,20,230.608,845.563,461.216,230.608,384.347,384.347,307.477,384.347,461.216,461.216,230.608
312,21,307.477,614.955,999.301,307.477,230.608,538.085,307.477,384.347,614.955,614.955,461.216
312,22,384.347,1076.17,999.301,384.347,307.477,461.216,307.477,153.739,230.608,307.477,384.347
312,23,384.347,1844.86,1306.78,384.347,307.477,307.477,230.608,307.477,153.739,76.8693,153.739
312,24,307.477,691.824,1153.04,384.347,307.477,384.347,307.477,230.608,153.739,153.739,230.608
312,25,307.477,538.085,384.347,384.347,307.477,384.347,384.347,307.477,153.739,153.739,153.739
312,26,461.216,538.085,768.693,307.477,307.477,230.608,307.477,691.824,307.477,307.477,153.739
312,27,691.824,999.301,614.955,230.608,230.608,384.347,384.347,845.563,461.216,384.347,307.477
312,28,691.824,691.824,1076.17,384.347,153.739,614.955,691.824,307.477,307.477,307.477,384.347
312,29,922.432,384.347,614.955,922.432,307.477,461.216,614.955,153.739,153.739,153.739,230.608
312,30,999.301,384.347,384.347,999.301,845.563,307.477,230.608,230.608,153.739,153.739,153.739
312,31,845.563,538.085,461.216,538.085,845.563,384.347,307.477,538.085,230.608,153.739,153.739
312,32,538.085,768.693,538.085,614.955,461.216,307.477,307.477,1076.17,691.824,384.347,230.608
312,33,461.216,999.301,1076.17,307.477,614.955,384.347,307.477,614.955,691.824,614.955,614.955
312,34,307.477,845.563,1691.13,384.347,230.608,1076.17,999.301,230.608,307.477,307.477,538.085
312,35,307.477,614.955,1153.04,538.085,307.477,691.824,691.824,538.085,384.347,307.477,230.608
312,36,307.477,614.955,538.085,614.955,461.216,307.477,307.477,307.477,307.477,307.477,307.477
312,37,230.608,614.955,614.955,922.432,614.955,538.085,538.085,153.739,153.739,153.739,230.608
312,38,230.608,461.216,691.824,1537.39,691.824,307.477,307.477,230.608,153.739,153.739,230.608
312,39,230.608,384.347,307.477,922.432,1460.52,307.477,230.608,461.216,230.608,153.739,230.608
312,40,230.608,384.347,230.608,768.693,922.432,614.955,461.216,461.216,230.608,153.739,307.477
312,41,230.608,230.608,307.477,768.693,614.955,691.824,614.955,768.693,307.477,153.739,384.347
312,42,153.739,307.477,230.608,307.477,614.955,384.347,384.347,614.955,614.955,461.216,307.477
312,43,153.739,307.477,384.347,307.477,230.608,999.301,768.693,461.216,538.085,538.085,614.955
312,44,153.739,230.608,230.608,307.477,230.608,768.693,768.693,461.216,461.216,384.347,538.085
312,45,153.739,230.608,230.608,307.477,230.608,384.347,384.347,153.739,307.477,307.477,307.477
313,16,538.085,691.824,538.085,384.347,153.739,76.8693,76.8693,76.8693,153.739,153.739,153.739
313,17,384.347,230.608,230.608,768.693,307.477,76.8693,76.8693,76.8693,76.8693,153.739,76.8693
313,18,614.955,153.739,230.608,768.693,538.085,153.739,76.8693,153.739,153.739,76.8693,76.8693
313,19,845.563,230.608,307.477,307.477,461.216,153.739,153.739,307.477,461.216,384.347,230.608
313,20,614.955,461.216,230.608,230.608,230.608,230.608,153.739,538.085,768.693,691.824,614.955
313,21,768.693,384.347,307.477,538.085,153.739,384.347,230.608,461.216,614.955,691.824,845.563
313,22,538.085,384.347,384.347,768.693,384.347,384.347,384.347,153.739,153.739,230.608,461.216
313,23,384.347,691.824,538.085,768.693,691.824,153.739,230.608,230.608,307.477,153.739,153.739
313,24,384.347,307.477,384.347,999.301,768.693,230.608,153.739,153.739,307.477,307.477,153.739
313,25,538.085,230.608,307.477,1537.39,922.432,153.739,153.739,230.608,307.477,230.608,153.739
313,26,538.085,538.085,922.432,845.563,1229.91,230.608,153.739,384.347,538.085,614.955,307.477
313,27,384.347,1153.04,1076.17,384.347,768.693,461.216,384.347,307.477,384.347,538.085,461.216
313,28,384.347,691.824,1691.13,461.216,307.477,614.955,614.955,230.608,153.739,230.608,230.608
313,30,461.216,230.608,384.347,384.347,538.085,153.739,230.608,307.477,153.739,153.739,76.8693
313,31,845.563,307.477,384.347,922.432,307.477,153.739,153.739,691.824,384.347,153.739,153.739
313,32,845.563,538.085,461.216,691.824,845.563,153.739,153.739,614.955,461.216,307.477,384.347
313,33,538.085,691.824,538.085,614.955,614.955,384.347,461.216,307.477,307.477,230.608,538.085
313,34,307.477,614.955,768.693,999.301,538.085,461.216,614.955,538.085,538.085,307.477,307.477
313,35,461.216,1153.04,461.216,614.955,845.563,230.608,307.477,384.347,691.824,614.955,384.347
313,36,461.216,999.301,845.563,307.477,384.347,384.347,384.347,230.608,384.347,384.347,538.085
313,38,230.608,538.085,461.216,538.085,461.216,153.739,153.739,153.739,230.608,307.477,153.739
313,39,230.608,384.347,384.347,538.085,461.216,153.739,153.739,307.477,153.739,153.739,153.739
313,40,230.608,307.477,307.477,922.432,384.347,153.739,153.739,307.477,153.739,76.8693,153.739
313,41,153.739,230.608,384.347,614.955,922.432,230.608,153.739,384.347,153.739,153.739,153.739
313,42,153.739,230.608,230.608,384.347,691.824,461.216,307.477,384.347,307.477,230.608,230.608
313,43,153.739,230.608,230.608,538.085,384.347,384.347,461.216,691.824,384.347,307.477,461.216
313,44,153.739,153.739,230.608,307.477,384.347,230.608,307.477,461.216,384.347,307.477,461.216
314,11,461.216,230.608,307.477,230.608,230.608,76.8693,76.8693,76.8693,76.8693,76.8693,76.8693
314,12,538.085,153.739,230.608,230.608,230.608,76.8693,76.8693,76.8693,76.8693,76.8693,76.8693
314,18,384.347,307.477,384.347,230.608,153.739,307.477,153.739,153.739,76.8693,76.8693,76.8693
314,19,614.955,461.216,230.608,230.608,153.739,153.739,76.8693,614.955,230.608,153.739,230.608
314,20,461.216,691.824,538.085,230.608,230.608,307.477,230.608,768.693,538.085,384.347,614.955
314,21,691.824,614.955,691.824,307.477,307.477,538.085,461.216,307.477,384.347,307.477,691.824
314,22,384.347,999.301,461.216,230.608,230.608,461.216,614.955,538.085,230.608,153.739,230.608
314,23,461.216,845.563,538.085,307.477,230.608,230.608,230.608,1076.17,768.693,461.216,307.477
314,24,845.563,461.216,384.347,538.085,230.608,384.347,307.477,614.955,691.824,538.085,614.955
314,25,768.693,461.216,307.477,845.563,384.347,461.216,538.085,307.477,307.477,230.608,384.347
314,26,768.693,461.216,691.824,384.347,691.824,384.347,307.477,307.477,461.216,384.347,384.347
314,27,384.347,538.085,1460.52,230.608,461.216,768.693,461.216,230.608,384.347,461.216,538.085
314,28,307.477,691.824,1460.52,230.608,230.608,845.563,614.955,153.739,153.739,230.608,307.477
314,29,307.477,614.955,691.824,307.477,230.608,384.347,384.347,153.739,76.8693,76.8693,153.739
314,30,384.347,538.085,614.955,768.693,307.477,230.608,153.739,307.477,230.608,76.8693,76.8693
314,31,538.085,768.693,538.085,845.563,922.432,153.739,153.739,538.085,614.955,307.477,230.608
314,32,461.216,538.085,691.824,384.347,999.301,230.608,307.477,461.216,614.955,538.085,461.216
314,33,384.347,307.477,384.347,461.216,384.347,307.477,384.347,691.824,538.085,538.085,384.347
314,34,614.955,384.347,230.608,845.563,384.347,307.477,384.347,691.824,614.955,614.955,307.477
314,35,538.085,461.216,384.347,614.955,614.955,461.216,614.955,538.085,384.347,461.216,691.824
314,36,307.477,461.216,461.216,230.608,307.477,384.347,461.216,768.693,461.216,307.477,538.085
314,37,230.608,461.216,461.216,307.477,153.739,538.085,461.216,461.216,768.693,614.955,307.477
314,38,307.477,461.216,768.693,384.347,230.608,845.563,768.693,153.739,384.347,538.085,538.085
314,39,230.608,307.477,691.824,538.085,230.608,538.085,461.216,153.739,76.8693,153.739,230.608
314,42,153.739,230.608,230.608,614.955,384.347,230.608,230.608,461.216,307.477,230.608,153.739
315,19,230.608,384.347,922.432,538.085,230.608,76.8693,76.8693,461.216,230.608,307.477,153.739
315,20,153.739,614.955,1306.78,461.216,614.955,153.739,76.8693,614.955,384.347,307.477,230.608
315,22,230.608,999.301,691.824,538.085,307.477,614.955,691.824,845.563,230.608,230.608,153.739
315,23,384.347,614.955,538.085,461.216,538.085,307.477,384.347,1460.52,461.216,307.477,384.347
315,24,768.693,307.477,461.216,538.085,384.347,614.955,768.693,922.432,461.216,230.608,614.955
315,25,922.432,230.608,384.347,691.824,384.347,691.824,1076.17,538.085,461.216,307.477,384.347
315,26,691.824,230.608,230.608,691.824,461.216,230.608,461.216,461.216,461.216,384.347,384.347
315,27,307.477,384.347,461.216,538.085,307.477,614.955,384.347,230.608,230.608,307.477,384.347
315,28,230.608,768.693,845.563,307.477,307.477,845.563,614.955,76.8693,153.739,230.608,153.739
315,29,384.347,614.955,1306.78,538.085,230.608,384.347,307.477,230.608,153.739,307.477,153.739
315,30,384.347,461.216,922.432,538.085,384.347,153.739,153.739,461.216,153.739,153.739,76.8693
315,31,230.608,538.085,538.085,384.347,538.085,230.608,153.739,768.693,461.216,230.608,307.477
315,32,230.608,614.955,538.085,307.477,384.347,461.216,461.216,691.824,538.085,461.216,538.085
315,33,307.477,230.608,230.608,307.477,384.347,691.824,691.824,538.085,384.347,307.477,461.216
315,34,384.347,230.608,307.477,614.955,307.477,999.301,845.563,307.477,230.608,230.608,384.347
315,35,384.347,461.216,461.216,999.301,384.347,845.563,845.563,461.216,76.8693,153.739,307.477
315,36,384.347,538.085,384.347,691.824,614.955,307.477,307.477,768.693,307.477,153.739,230.608
315,37,307.477,307.477,614.955,384.347,384.347,691.824,614.955,461.216,384.347,384.347,384.347
315,38,230.608,230.608,614.955,307.477,230.608,922.432,845.563,153.739,230.608,307.477,614.955
315,40,153.739,384.347,307.477,307.477,307.477,230.608,153.739,230.608,153.739,153.739,76.8693
315,41,153.739,230.608,307.477,384.347,384.347,307.477,230.608,230.608,153.739,230.608,230.608
316,14,538.085,76.8693,153.739,307.477,153.739,76.8693,76.8693,76.8693,76.8693,76.8693,76.8693
316,15,614.955,153.739,307.477,230.608,230.608,76.8693,76.8693,76.8693,153.739,153.739,76.8693
316,16,614.955,230.608,461.216,153.739,230.608,76.8693,76.8693,76.8693,153.739,153.739,76.8693
316,17,461.216,538.085,691.824,76.8693,76.8693,76.8693,76.8693,153.739,153.739,153.739,76.8693
316,18,768.693,461.216,845.563,307.477,153.739,76.8693,76.8693,230.608,307.477,307.477,230.608
316,19,614.955,230.608,691.824,922.432,538.085,230.608,153.739,307.477,461.216,538.085,384.347
316,20,307.477,230.608,768.693,691.824,1076.17,307.477,230.608,384.347,461.216,538.085,384.347
316,21,307.477,307.477,999.301,1076.17,691.824,307.477,307.477,307.477,384.347,384.347,307.477
316,22,307.477,384.347,538.085,1921.73,1153.04,614.955,538.085,384.347,307.477,230.608,230.608
316,23,230.608,384.347,230.608,1153.04,1921.73,384.347,307.477,845.563,538.085,307.477,153.739
316,24,307.477,614.955,307.477,922.432,1153.04,384.347,461.216,1153.04,999.301,614.955,307.477
316,25,614.955,384.347,384.347,1076.17,691.824,461.216,691.824,999.301,1153.04,922.432,614.955
316,26,691.824,384.347,230.608,538.085,768.693,538.085,768.693,538.085,691.824,691.824,614.955
316,27,538.085,384.347,384.347,230.608,384.347,538.085,691.824,153.739,307.477,384.347,384.347
316,28,384.347,461.216,922.432,307.477,230.608,307.477,384.347,153.739,307.477,384.347,153.739
316,29,461.216,384.347,1076.17,461.216,230.608,307.477,153.739,153.739,307.477,384.347,230.608
316,30,384.347,230.608,461.216,538.085,384.347,384.347,230.608,307.477,307.477,230.608,153.739
316,31,230.608,384.347,614.955,691.824,461.216,230.608,153.739,384.347,307.477,307.477,230.608
316,32,307.477,768.693,691.824,691.824,614.955,307.477,230.608,461.216,230.608,230.608,384.347
316,33,384.347,384.347,384.347,384.347,691.824,538.085,461.216,384.347,153.739,153.739,307.477
316,34,307.477,384.347,307.477,614.955,384.347,461.216,461.216,230.608,153.739,153.739,230.608
316,35,307.477,307.477,461.216,1076.17,691.824,307.477,230.608,230.608,230.608,153.739,153.739
316,36,307.477,307.477,461.216,538.085,1076.17,153.739,153.739,307.477,230.608,153.739,230.608
317,14,461.216,76.8693,153.739,153.739,76.8693,76.8693,0,153.739,76.8693,76.8693,76.8693
317,15,538.085,153.739,307.477,153.739,153.739,76.8693,76.8693,230.608,230.608,153.739,153.739
317,16,614.955,614.955,614.955,153.739,153.739,153.739,153.739,230.608,153.739,153.739,153.739
317,17,768.693,922.432,1076.17,76.8693,76.8693,153.739,230.608,230.608,153.739,153.739,153.739
317,18,922.432,461.216,768.693,230.608,76.8693,153.739,230.608,384.347,230.608,153.739,230.608
317,19,768.693,1076.17,1076.17,614.955,307.477,230.608,230.608,384.347,384.347,384.347,461.216
317,20,307.477,1153.04,2229.21,538.085,614.955,384.347,384.347,307.477,384.347,461.216,538.085
317,21,307.477,768.693,1844.86,691.824,384.347,384.347,384.347,384.347,307.477,307.477,384.347
317,22,384.347,614.955,768.693,1229.91,691.824,461.216,307.477,845.563,384.347,230.608,307.477
317,23,307.477,614.955,307.477,1153.04,1153.04,230.608,230.608,1460.52,845.563,461.216,461.216
317,24,230.608,461.216,230.608,922.432,999.301,461.216,538.085,1537.39,1076.17,768.693,922.432
317,25,384.347,384.347,230.608,461.216,691.824,1229.91,1306.78,999.301,999.301,845.563,1153.04
317,26,691.824,461.216,307.477,307.477,461.216,1460.52,1614.26,538.085,614.955,538.085,845.563
317,27,691.824,384.347,384.347,230.608,230.608,922.432,1076.17,384.347,538.085,538.085,461.216
317,28,384.347,384.347,614.955,230.608,153.739,538.085,538.085,461.216,538.085,538.085,384.347
317,29,384.347,384.347,461.216,230.608,153.739,538.085,384.347,614.955,461.216,307.477,307.477
317,30,307.477,307.477,384.347,461.216,230.608,538.085,384.347,538.085,538.085,307.477,307.477
317,31,230.608,461.216,691.824,614.955,461.216,461.216,384.347,307.477,384.347,384.347,384.347
317,32,461.216,922.432,999.301,461.216,538.085,384.347,384.347,153.739,230.608,230.608,307.477
317,34,384.347,307.477,691.824,384.347,153.739,153.739,153.739,384.347,153.739,230.608,153.739
317,35,461.216,230.608,384.347,538.085,461.216,153.739,230.608,538.085,307.477,153.739,153.739
317,36,307.477,153.739,307.477,461.216,691.824,153.739,153.739,461.216,384.347,307.477,230.608
317,37,230.608,230.608,307.477,307.477,461.216,230.608,307.477,307.477,307.477,384.347,230.608
318,15,614.955,153.739,230.608,76.8693,153.739,76.8693,76.8693,153.739,76.8693,76.8693,76.8693
318,17,538.085,614.955,691.824,230.608,153.739,230.608,230.608,76.8693,153.739,153.739,76.8693
318,18,768.693,614.955,691.824,538.085,307.477,153.739,153.739,230.608,153.739,153.739,76.8693
318,19,691.824,1306.78,1460.52,538.085,384.347,153.739,153.739,307.477,307.477,307.477,230.608
318,22,307.477,614.955,1537.39,1844.86,845.563,230.608,230.608,614.955,384.347,307.477,230.608
318,23,230.608,538.085,1153.04,1921.73,1767.99,230.608,230.608,768.693,461.216,307.477,307.477
318,24,230.608,461.216,999.301,999.301,1614.26,538.085,614.955,614.955,461.216,461.216,538.085
318,25,307.477,230.608,461.216,538.085,845.563,922.432,999.301,538.085,614.955,538.085,614.955
318,26,538.085,230.608,307.477,538.085,384.347,999.301,922.432,538.085,614.955,691.824,538.085
318,27,307.477,307.477,461.216,922.432,384.347,845.563,691.824,538.085,614.955,768.693,538.085
318,28,230.608,461.216,614.955,922.432,614.955,614.955,614.955,538.085,384.347,538.085,614.955
318,29,461.216,538.085,461.216,384.347,614.955,384.347,461.216,538.085,307.477,307.477,384.347
318,30,691.824,307.477,307.477,230.608,307.477,307.477,384.347,461.216,307.477,230.608,384.347
318,31,538.085,230.608,307.477,230.608,230.608,307.477,461.216,384.347,307.477,307.477,384.347
318,32,384.347,538.085,768.693,230.608,230.608,230.608,307.477,384.347,461.216,461.216,307.477
318,33,384.347,691.824,1229.91,307.477,230.608,307.477,307.477,384.347,461.216,461.216,307.477
318,34,307.477,538.085,999.301,614.955,384.347,461.216,384.347,538.085,461.216,384.347,230.608
318,35,307.477,307.477,538.085,768.693,538.085,307.477,307.477,691.824,461.216,384.347,230.608
318,36,461.216,153.739,307.477,538.085,538.085,307.477,384.347,538.085,384.347,461.216,384.347
318,37,384.347,153.739,307.477,384.347,461.216,538.085,614.955,230.608,230.608,307.477,384.347
318,40,230.608,230.608,307.477,384.347,230.608,153.739,153.739,153.739,76.8693,153.739,76.8693
319,14,384.347,153.739,76.8693,307.477,230.608,76.8693,76.8693,76.8693,76.8693,76.8693,76.8693
319,15,614.955,230.608,153.739,230.608,230.608,76.8693,76.8693,76.8693,76.8693,76.8693,76.8693
319,16,538.085,307.477,153.739,153.739,153.739,76.8693,76.8693,153.739,153.739,76.8693,76.8693
319,17,1306.78,230.608,230.608,153.739,153.739,76.8693,76.8693,230.608,230.608,153.739,153.739
319,18,1767.99,230.608,384.347,153.739,153.739,76.8693,76.8693,230.608,307.477,230.608,230.608
319,19,1229.91,845.563,614.955,230.608,153.739,230.608,153.739,307.477,230.608,307.477,230.608
319,20,845.563,1383.65,1076.17,230.608,230.608,614.955,384.347,538.085,307.477,230.608,230.608
319,21,614.955,1076.17,1076.17,768.693,307.477,691.824,384.347,768.693,614.955,384.347,384.347
319,22,384.347,461.216,922.432,1229.91,768.693,461.216,384.347,922.432,845.563,614.955,461.216
319,23,230.608,461.216,1153.04,1306.78,1229.91,461.216,461.216,922.432,922.432,768.693,461.216
319,24,230.608,538.085,1076.17,999.301,1076.17,691.824,768.693,768.693,922.432,845.563,538.085
319,25,384.347,691.824,461.216,691.824,768.693,999.301,922.432,538.085,768.693,845.563,614.955
319,26,307.477,307.477,307.477,614.955,614.955,999.301,845.563,538.085,538.085,614.955,691.824
319,27,230.608,230.608,384.347,691.824,614.955,845.563,691.824,461.216,384.347,461.216,614.955
319,28,230.608,384.347,614.955,691.824,768.693,614.955,538.085,384.347,384.347,384.347,461.216
319,29,384.347,307.477,538.085,461.216,768.693,538.085,461.216,384.347,538.085,461.216,307.477
319,30,691.824,307.477,538.085,307.477,461.216,691.824,538.085,384.347,538.085,538.085,307.477
319,31,768.693,461.216,691.824,384.347,307.477,614.955,538.085,461.216,538.085,538.085,307.477
319,32,461.216,614.955,538.085,307.477,307.477,538.085,461.216,538.085,384.347,461.216,461.216
319,33,230.608,538.085,384.347,307.477,230.608,614.955,538.085,538.085,307.477,307.477,461.216
319,34,230.608,461.216,384.347,999.301,384.347,691.824,691.824,461.216,307.477,230.608,384.347
319,35,230.608,384.347,461.216,1076.17,922.432,538.085,538.085,384.347,230.608,230.608,384.347
319,36,384.347,384.347,307.477,614.955,845.563,461.216,461.216,307.477,230.608,230.608,384.347
319,37,230.608,384.347,230.608,307.477,384.347,461.216,461.216,230.608,230.608,307.477,307.477
319,38,153.739,307.477,307.477,153.739,230.608,384.347,384.347,153.739,230.608,307.477,230.608
320,17,614.955,153.739,153.739,691.824,230.608,76.8693,76.8693,153.739,153.739,153.739,153.739
320,18,922.432,461.216,538.085,461.216,384.347,76.8693,76.8693,153.739,230.608,230.608,230.608
320,19,845.563,1306.78,1383.65,230.608,307.477,153.739,153.739,153.739,230.608,307.477,307.477
320,20,845.563,1537.39,1844.86,461.216,230.608,230.608,230.608,461.216,230.608,230.608,230.608
320,21,999.301,999.301,1537.39,922.432,461.216,307.477,230.608,691.824,384.347,230.608,307.477
320,22,691.824,614.955,999.301,1306.78,845.563,461.216,384.347,922.432,538.085,461.216,538.085
320,23,384.347,691.824,691.824,1229.91,999.301,768.693,691.824,922.432,614.955,614.955,691.824
320,24,230.608,999.301,768.693,768.693,922.432,999.301,922.432,768.693,614.955,614.955,768.693
320,25,307.477,1076.17,845.563,614.955,614.955,1076.17,1076.17,461.216,461.216,538.085,691.824
320,26,307.477,691.824,922.432,538.085,538.085,922.432,845.563,384.347,307.477,384.347,461.216
320,27,307.477,461.216,691.824,614.955,461.216,614.955,538.085,384.347,230.608,384.347,307.477
320,28,384.347,307.477,384.347,691.824,384.347,461.216,384.347,614.955,307.477,384.347,230.608
320,29,307.477,230.608,230.608,538.085,384.347,538.085,461.216,768.693,461.216,307.477,307.477
320,30,307.477,230.608,538.085,768.693,384.347,999.301,768.693,614.955,538.085,461.216,384.347
320,31,384.347,538.085,845.563,845.563,614.955,1076.17,999.301,384.347,384.347,384.347,461.216
320,32,538.085,922.432,1153.04,538.085,845.563,614.955,614.955,230.608,230.608,307.477,461.216
320,33,384.347,538.085,768.693,384.347,538.085,307.477,307.477,153.739,230.608,230.608,230.608
320,34,230.608,307.477,307.477,614.955,461.216,230.608,230.608,230.608,230.608,307.477,153.739
320,35,153.739,307.477,307.477,691.824,614.955,230.608,230.608,307.477,307.477,307.477,153.739
320,36,230.608,307.477,307.477,614.955,538.085,307.477,230.608,384.347,384.347,384.347,153.739
320,37,230.608,307.477,307.477,307.477,384.347,461.216,384.347,307.477,307.477,384.347,230.608
320,38,153.739,230.608,307.477,153.739,230.608,691.824,538.085,153.739,153.739,230.608,307.477
320,39,153.739,230.608,230.608,230.608,76.8693,614.955,538.085,76.8693,76.8693,76.8693,230.608
321,17,691.824,307.477,230.608,307.477,153.739,76.8693,76.8693,230.608,153.739,153.739,76.8693
321,18,922.432,614.955,384.347,384.347,307.477,153.739,153.739,230.608,230.608,230.608,153.739
321,19,768.693,922.432,614.955,538.085,384.347,384.347,230.608,230.608,230.608,230.608,230.608
321,20,538.085,999.301,768.693,768.693,538.085,461.216,307.477,230.608,307.477,230.608,230.608
321,21,538.085,768.693,768.693,1076.17,768.693,230.608,230.608,384.347,384.347,384.347,307.477
321,22,461.216,614.955,768.693,1306.78,999.301,230.608,230.608,384.347,538.085,538.085,461.216
321,23,461.216,538.085,845.563,1076.17,1076.17,461.216,384.347,384.347,538.085,614.955,538.085
321,24,384.347,461.216,922.432,614.955,845.563,691.824,538.085,461.216,461.216,538.085,538.085
321,25,307.477,384.347,922.432,538.085,538.085,768.693,614.955,384.347,461.216,538.085,461.216
321,26,153.739,384.347,999.301,999.301,614.955,691.824,538.085,384.347,461.216,538.085,384.347
321,27,230.608,538.085,845.563,1537.39,922.432,538.085,461.216,307.477,538.085,614.955,384.347
321,28,538.085,691.824,614.955,1229.91,1229.91,384.347,384.347,230.608,384.347,538.085,384.347
321,29,691.824,461.216,461.216,614.955,1076.17,230.608,307.477,307.477,307.477,384.347,307.477
321,30,614.955,307.477,230.608,384.347,691.824,307.477,230.608,307.477,230.608,307.477,384.347
321,31,307.477,538.085,384.347,307.477,461.216,307.477,307.477,307.477,230.608,230.608,384.347
321,32,230.608,768.693,768.693,230.608,307.477,307.477,307.477,384.347,384.347,384.347,230.608
321,33,307.477,614.955,614.955,230.608,230.608,461.216,384.347,461.216,538.085,538.085,230.608
321,34,230.608,384.347,230.608,461.216,230.608,768.693,538.085,461.216,538.085,538.085,230.608
321,35,230.608,153.739,153.739,614.955,307.477,768.693,614.955,384.347,384.347,461.216,307.477
321,36,153.739,230.608,230.608,461.216,461.216,614.955,538.085,307.477,307.477,307.477,384.347
321,37,153.739,230.608,230.608,153.739,307.477,614.955,461.216,153.739,153.739,153.739,307.477
321,38,153.739,230.608,153.739,153.739,153.739,538.085,384.347,76.8693,76.8693,153.739,153.739
322,16,384.347,307.477,230.608,307.477,153.739,76.8693,76.8693,76.8693,76.8693,76.8693,76.8693
322,17,691.824,307.477,230.608,384.347,230.608,76.8693,76.8693,153.739,153.739,153.739,76.8693
322,18,768.693,691.824,538.085,230.608,230.608,76.8693,76.8693,307.477,153.739,153.739,153.739
322,19,691.824,1076.17,922.432,230.608,153.739,307.477,230.608,307.477,230.608,230.608,153.739
322,20,614.955,1076.17,999.301,461.216,230.608,461.216,384.347,384.347,230.608,153.739,153.739
322,21,538.085,691.824,768.693,614.955,384.347,538.085,384.347,538.085,307.477,230.608,230.608
322,22,614.955,538.085,691.824,614.955,461.216,461.216,461.216,538.085,461.216,307.477,384.347
322,23,691.824,691.824,691.824,691.824,538.085,691.824,538.085,461.216,384.347,384.347,461.216
322,24,768.693,1076.17,461.216,614.955,614.955,845.563,691.824,461.216,307.477,307.477,384.347
322,25,614.955,999.301,461.216,384.347,461.216,845.563,691.824,538.085,307.477,307.477,384.347
322,26,307.477,538.085,384.347,307.477,307.477,768.693,614.955,614.955,384.347,307.477,384.347
322,27,153.739,461.216,461.216,307.477,307.477,845.563,614.955,614.955,538.085,384.347,538.085
322,28,230.608,461.216,768.693,307.477,384.347,922.432,768.693,384.347,538.085,461.216,461.216
322,29,384.347,307.477,768.693,307.477,384.347,768.693,691.824,307.477,384.347,384.347,384.347
322,30,538.085,307.477,614.955,461.216,307.477,691.824,538.085,307.477,307.477,307.477,307.477
322,31,307.477,384.347,461.216,768.693,307.477,614.955,461.216,461.216,307.477,230.608,230.608
322,32,153.739,461.216,384.347,691.824,538.085,614.955,461.216,538.085,307.477,230.608,230.608
322,33,153.739,384.347,307.477,461.216,461.216,691.824,614.955,538.085,307.477,230.608,307.477
322,34,230.608,230.608,230.608,691.824,384.347,691.824,691.824,307.477,230.608,230.608,384.347
322,35,230.608,153.739,230.608,691.824,614.955,461.216,538.085,230.608,153.739,153.739,384.347
323,17,461.216,384.347,307.477,614.955,307.477,76.8693,76.8693,76.8693,153.739,153.739,153.739
323,18,461.216,461.216,384.347,614.955,538.085,153.739,76.8693,153.739,230.608,153.739,153.739
323,19,384.347,614.955,614.955,384.347,461.216,153.739,76.8693,153.739,230.608,230.608,153.739
323,20,461.216,768.693,845.563,538.085,384.347,153.739,153.739,230.608,153.739,230.608,153.739
323,21,384.347,614.955,691.824,691.824,461.216,153.739,153.739,230.608,153.739,230.608,153.739
323,22,384.347,307.477,461.216,614.955,538.085,307.477,230.608,230.608,153.739,230.608,230.608
323,23,461.216,307.477,461.216,614.955,538.085,384.347,307.477,153.739,153.739,230.608,230.608
323,24,384.347,614.955,768.693,845.563,614.955,384.347,307.477,230.608,230.608,307.477,230.608
323,25,384.347,768.693,1153.04,922.432,768.693,384.347,230.608,230.608,153.739,230.608,230.608
323,26,384.347,461.216,1076.17,691.824,691.824,307.477,230.608,307.477,153.739,230.608,230.608
323,27,307.477,307.477,768.693,461.216,538.085,307.477,307.477,307.477,230.608,230.608,307.477
323,28,230.608,307.477,461.216,384.347,307.477,384.347,384.347,307.477,153.739,230.608,307.477
323,29,230.608,384.347,230.608,538.085,307.477,384.347,384.347,230.608,153.739,153.739,230.608
323,30,307.477,307.477,230.608,768.693,461.216,384.347,307.477,230.608,153.739,153.739,230.608
323,31,230.608,384.347,230.608,922.432,768.693,307.477,230.608,230.608,153.739,153.739,153.739
323,32,153.739,461.216,230.608,538.085,922.432,230.608,230.608,230.608,153.739,153.739,230.608
323,35,153.739,153.739,230.608,230.608,230.608,230.608,153.739,230.608,307.477,307.477,153.739
323,36,153.739,153.739,153.739,153.739,153.739,461.216,307.477,230.608,307.477,307.477,153.739
323,37,153.739,153.739,76.8693,153.739,153.739,461.216,307.477,230.608,230.608,230.608,153.739
324,17,461.216,307.477,230.608,153.739,76.8693,76.8693,76.8693,153.739,76.8693,76.8693,76.8693
324,18,538.085,461.216,307.477,230.608,153.739,153.739,153.739,230.608,153.739,153.739,153.739
324,19,384.347,384.347,230.608,307.477,230.608,307.477,230.608,230.608,230.608,153.739,230.608
324,20,384.347,461.216,307.477,384.347,307.477,307.477,230.608,153.739,230.608,230.608,230.608
324,21,461.216,691.824,461.216,538.085,461.216,307.477,230.608,230.608,230.608,230.608,230.608
324,22,461.216,691.824,461.216,384.347,461.216,230.608,230.608,153.739,230.608,230.608,230.608
324,23,538.085,461.216,230.608,230.608,307.477,230.608,230.608,153.739,230.608,307.477,230.608
324,24,538.085,230.608,230.608,307.477,230.608,230.608,230.608,230.608,307.477,307.477,230.608
324,25,384.347,153.739,384.347,384.347,307.477,307.477,230.608,230.608,307.477,230.608,230.608
324,26,307.477,230.608,461.216,307.477,384.347,384.347,230.608,153.739,307.477,307.477,230.608
324,27,230.608,461.216,384.347,307.477,384.347,384.347,230.608,153.739,307.477,307.477,153.739
324,28,230.608,691.824,384.347,307.477,307.477,384.347,230.608,153.739,230.608,307.477,153.739
324,29,230.608,614.955,538.085,307.477,384.347,384.347,230.608,153.739,230.608,307.477,153.739
324,30,153.739,307.477,538.085,230.608,384.347,307.477,230.608,153.739,230.608,307.477,153.739
324,33,153.739,230.608,307.477,538.085,153.739,307.477,230.608,307.477,307.477,307.477,153.739
324,34,76.8693,153.739,153.739,538.085,307.477,538.085,384.347,384.347,307.477,307.477,153.739
324,35,76.8693,76.8693,153.739,384.347,384.347,691.824,538.085,384.347,307.477,230.608,153.739
324,36,153.739,153.739,76.8693,230.608,307.477,614.955,538.085,307.477,230.608,153.739,230.608
325,19,384.347,384.347,384.347,153.739,230.608,153.739,153.739,230.608,76.8693,76.8693,153.739
325,22,384.347,538.085,691.824,230.608,230.608,307.477,230.608,230.608,153.739,76.8693,230.608
325,23,461.216,538.085,691.824,307.477,230.608,307.477,307.477,230.608,153.739,76.8693,230.608
325,24,461.216,384.347,461.216,307.477,230.608,307.477,307.477,230.608,153.739,76.8693,230.608
325,25,307.477,307.477,384.347,307.477,230.608,384.347,230.608,230.608,153.739,76.8693,230.608
325,26,230.608,307.477,307.477,307.477,230.608,307.477,230.608,307.477,153.739,153.739,230.608
325,27,230.608,307.477,307.477,230.608,153.739,307.477,230.608,307.477,230.608,153.739,230.608
325,31,153.739,230.608,307.477,538.085,153.739,307.477,307.477,307.477,230.608,153.739,230.608
325,32,76.8693,153.739,230.608,691.824,307.477,384.347,307.477,307.477,153.739,153.739,230.608
325,33,76.8693,153.739,153.739,614.955,461.216,461.216,384.347,307.477,153.739,76.8693,230.608
326,19,384.347,230.608,307.477,384.347,307.477,76.8693,76.8693,76.8693,153.739,153.739,76.8693
326,20,384.347,230.608,230.608,384.347,384.347,76.8693,76.8693,76.8693,76.8693,153.739,76.8693
326,26,384.347,153.739,384.347,230.608,307.477,153.739,76.8693,153.739,76.8693,153.739,76.8693
326,27,384.347,153.739,230.608,153.739,307.477,153.739,76.8693,153.739,76.8693,76.8693,153.739
326,36,76.8693,76.8693,76.8693,230.608,230.608,384.347,230.608,307.477,307.477,307.477,76.8693
326,37,76.8693,76.8693,76.8693,153.739,153.739,538.085,384.347,307.477,307.477,307.477,153.739
327,22,384.347,230.608,230.608,76.8693,153.739,153.739,153.739,153.739,153.739,153.739,76.8693
327,34,76.8693,153.739,230.608,691.824,307.477,307.477,230.608,307.477,230.608,230.608,153.739
327,35,76.8693,76.8693,153.739,538.085,461.216,461.216,307.477,384.347,307.477,230.608,153.739
327,36,76.8693,76.8693,76.8693,307.477,538.085,538.085,461.216,384.347,230.608,230.608,230.608
328,32,76.8693,384.347,307.477,538.085,230.608,230.608,153.739,230.608,153.739,153.739,153.739
329,36,76.8693,153.739,153.739,307.477,307.477,307.477,230.608,307.477,230.608,230.608,76.8693
329,37,76.8693,76.8693,153.739,230.608,307.477,384.347,307.477,307.477,307.477,307.477,153.739