135,498,68.9412,122.7,185.917,247.641,249.383,372.083,351.675,369.097,356.404,431.816,491.299
135,499,69.9367,117.474,206.824,241.419,242.165,371.088,371.834,388.51,279.249,431.816,581.147
135,500,65.7057,117.474,238.93,228.974,212.299,359.888,355.657,376.314,259.836,399.212,585.378
135,501,88.3542,137.385,245.152,261.081,215.286,394.732,344.706,358.892,248.636,356.155,546.552
135,502,56.9947,136.389,241.916,245.65,238.183,429.327,382.785,414.145,227.481,315.337,534.108
135,503,69.9367,122.7,198.361,220.761,233.952,403.692,397.967,394.732,229.472,258.841,561.734
135,504,62.4702,114.487,207.819,220.761,215.286,359.888,377.808,376.314,244.654,249.632,464.669
136,498,65.7057,129.171,193.135,254.858,244.405,370.092,372.83,467.157,361.381,549.538,516.686
136,499,91.8386,144.851,224.494,318.075,280.494,385.523,370.839,388.51,394.981,479.104,620.222
136,500,83.1276,149.082,224.494,318.075,294.929,415.14,392.99,353.915,340.973,475.868,676.47
136,501,85.1187,120.709,219.268,224.743,239.179,437.54,383.781,315.089,267.054,538.339,641.626
136,502,68.9412,129.171,193.135,203.09,197.615,402.696,393.985,331.515,248.636,548.543,658.052
136,503,73.1722,144.851,207.819,213.543,205.081,409.914,374.821,348.688,279.249,369.594,773.784
136,504,79.6432,140.62,231.712,219.766,215.286,416.136,367.852,395.727,240.672,291.693,686.674
136,505,66.7012,114.487,222.254,208.317,202.841,450.731,414.892,381.292,249.632,291.693,472.882
137,495,75.4122,142.86,189.153,283.978,248.387,405.932,438.038,542.57,492.295,410.412,474.873
137,496,89.5987,158.54,214.041,304.635,250.627,428.331,447.993,513.948,541.076,436.047,544.312
137,497,75.4122,148.087,235.694,295.427,267.054,407.923,462.18,414.145,572.685,494.286,523.903
137,498,91.8386,129.171,261.827,297.418,261.827,402.696,422.856,403.941,481.344,598.818,527.139
137,499,89.5987,109.261,206.824,292.191,277.507,400.705,365.861,387.514,365.363,705.341,624.204
137,500,95.0741,139.625,190.148,277.756,258.841,383.532,348.688,385.523,354.412,658.052,908.68
137,501,102.541,169.989,226.485,259.089,219.517,403.692,361.879,355.906,418.376,493.29,1095.09
137,502,95.0741,148.087,210.806,237.188,217.277,486.322,372.83,301.898,368.599,517.93,936.306
137,503,76.4077,131.162,188.157,241.419,212.299,480.348,431.069,344.706,284.227,623.457,778.762
137,504,71.1812,138.629,223.25,219.766,221.508,393.736,429.078,354.91,251.623,469.895,855.667
137,505,68.9412,153.313,271.036,225.988,213.295,479.353,385.772,380.297,235.445,336.742,712.309
138,490,74.4167,99.8029,202.593,274.52,265.063,356.901,325.791,341.719,305.631,321.311,452.224
138,493,80.8877,137.385,227.481,241.419,217.277,377.31,376.812,491.548,408.172,326.537,410.412
138,494,99.3052,194.13,330.271,313.844,254.61,370.092,409.914,489.557,519.921,450.233,538.339
138,495,110.256,182.682,293.933,301.649,273.276,396.723,419.869,481.344,517.681,525.148,623.208
138,496,125.438,158.54,259.587,306.627,280.494,391.496,416.883,453.718,480.099,594.587,706.087
138,497,111.252,145.847,232.708,322.306,280.494,422.109,438.038,477.362,453.718,634.657,777.766
138,498,85.1187,145.847,248.387,304.635,251.623,506.73,408.918,490.553,521.912,638.639,907.684
138,499,77.6522,156.3,260.832,293.187,228.725,458.944,412.9,458.944,548.294,730.727,963.932
138,500,143.856,146.842,233.703,255.854,239.179,412.9,399.958,397.718,508.721,917.142,1030.63
138,501,134.149,126.931,186.913,237.188,207.072,422.109,381.79,390.501,431.567,961.194,1301.67
138,502,90.5942,136.389,218.272,203.09,195.624,401.701,421.86,353.915,385.772,744.167,1514.72
138,503,96.0697,135.394,186.913,204.086,206.077,410.909,370.839,350.679,332.013,582.391,1351.94
138,504,77.6522,140.62,185.917,248.636,239.179,467.157,450.98,430.322,289.205,502.499,1002.01
138,505,73.1722,139.625,210.806,272.529,259.836,419.123,490.055,392.741,244.654,426.838,764.575
138,506,61.2257,132.158,254.61,230.965,223.499,452.722,391.994,368.101,243.659,327.533,614.995
139,490,75.4122,114.487,224.494,290.2,316.831,375.319,344.706,407.923,280.245,336.742,427.834
139,493,103.785,205.579,285.72,294.182,257.845,388.51,408.918,534.356,374.572,416.634,512.703
139,494,152.567,253.863,277.258,358.395,323.053,382.288,441.024,596.578,412.154,495.281,601.804
139,495,192.886,201.597,275.267,365.861,308.369,468.153,440.029,649.59,498.517,541.574,737.944
139,496,116.727,161.526,285.72,375.07,310.609,540.579,489.059,648.595,599.067,629.431,884.289
139,497,93.8297,167.997,306.378,320.066,268.049,528.134,523.157,574.178,779.757,696.132,947.755
139,498,93.8297,202.593,298.164,261.081,226.734,480.348,501.255,443.513,935.062,881.302,960.946
139,499,154.807,177.455,235.694,225.988,210.059,424.1,442.02,389.505,831.525,1150.6,1038.85
139,500,146.096,133.402,217.028,245.65,231.961,413.896,387.763,443.513,593.84,1314.36,1301.67
139,501,131.909,143.856,208.815,239.428,215.286,376.314,361.879,445.753,551.281,1236.46,1518.7
139,502,110.256,123.945,206.824,213.543,191.393,445.753,370.839,442.518,542.072,1048.06,1588.39
139,503,81.8832,123.945,248.387,225.988,219.517,440.527,395.976,388.51,336.99,919.133,1591.37
139,504,73.1722,129.171,222.254,234.201,209.064,400.705,382.785,363.123,284.227,669.501,1461.45
139,505,89.5987,134.398,218.272,291.196,251.623,446.749,438.038,405.932,280.245,435.051,1065.48
139,506,84.1232,122.7,220.263,278.751,264.067,425.345,474.126,421.114,233.454,394.981,701.109
139,507,73.1722,141.616,237.934,237.188,224.743,396.723,389.754,395.727,238.432,294.68,588.364
140,489,95.0741,115.483,243.161,269.294,287.711,345.701,356.901,383.532,315.586,451.478,563.974
140,490,84.1232,155.304,238.93,273.525,260.832,337.488,339.728,384.528,317.826,472.882,607.778
140,491,79.6432,130.167,210.806,242.414,219.517,367.106,378.803,416.136,406.181,420.616,464.669
140,492,100.55,169.989,268.049,299.409,269.045,429.327,398.963,453.718,476.117,444.26,482.091
140,493,191.642,266.556,348.937,398.963,336.493,585.378,468.153,577.165,539.085,508.721,702.105
140,494,300.404,333.506,381.292,326.288,288.707,715.794,642.621,657.803,625.448,594.587,877.071
140,495,189.65,323.053,383.283,208.317,215.286,698.621,733.713,648.595,747.402,792.201,1019.18
140,496,145.1,244.405,319.817,225.988,213.295,555.761,638.639,565.965,774.779,990.812,1133.92
140,497,135.145,192.139,285.72,258.094,228.725,501.752,491.05,489.557,758.353,1148.36,1345.72
140,498,181.935,145.847,211.801,227.979,208.068,505.735,454.962,509.966,951.488,1093.1,1569.97
140,499,207.072,175.215,236.939,226.983,218.521,528.134,485.077,541.574,1335.27,1113.76,1607.8
140,500,146.096,232.957,237.934,253.863,238.183,524.152,540.33,496.775,1410.43,1411.43,1523.92
140,501,157.047,173.224,218.272,281.738,254.61,465.913,455.958,366.11,858.903,1798.44,1561.75
140,502,105.776,146.842,234.699,237.188,242.165,415.14,390.75,390.501,541.076,1604.06,1905.71
140,503,105.776,144.851,260.832,208.317,210.059,398.714,363.87,365.115,546.303,1071.7,1876.84
140,504,86.3631,138.629,254.61,228.974,209.064,418.127,387.763,373.328,338.982,921.124,1482.86
140,505,95.0741,172.229,222.254,254.858,248.387,405.932,360.883,356.901,263.818,651.084,1269.07
140,506,104.781,166.753,272.28,270.538,251.623,495.53,382.785,391.496,262.823,434.056,933.319
140,507,71.1812,157.544,219.268,269.294,245.401,468.153,452.971,383.532,231.463,428.829,644.613
140,508,107.021,135.394,231.712,296.422,249.383,422.109,441.024,441.522,248.636,334.751,637.644
140,509,77.6522,140.62,200.601,282.982,273.276,391.496,474.126,528.383,231.463,268.049,531.121
141,492,173.224,274.769,414.394,331.515,292.938,445.753,463.175,479.353,436.545,607.031,716.291
141,493,333.008,419.62,371.834,323.302,283.729,461.931,654.568,576.169,518.926,915.151,1277.28
141,494,301.649,327.284,239.925,262.076,245.401,511.957,653.572,603.795,686.425,1090.12,1758.12
141,495,307.124,205.579,275.267,269.294,275.267,641.377,548.294,579.156,793.944,1142.38,1775.55
141,496,189.65,190.895,275.267,254.858,220.512,741.429,556.258,752.629,931.079,1179.22,1642.64
141,497,161.278,175.215,238.93,225.988,230.965,719.029,597.324,972.892,1195.15,1326.56,1473.65
141,498,154.807,196.121,211.801,248.636,256.849,530.374,594.338,963.932,1597.34,1566.23,1533.13
141,499,220.014,215.037,216.032,347.195,324.048,394.732,470.144,629.182,1416.41,1912.18,1782.76
141,500,276.511,157.544,213.046,316.084,349.933,430.322,415.887,513.948,1233.72,1799.44,2164.55
141,501,109.012,163.766,196.37,292.191,287.711,440.527,435.051,523.157,1319.09,1557.03,2201.39
141,502,139.625,178.451,218.272,278.751,247.392,470.144,395.976,415.14,911.915,1687.94,1895.26
141,503,97.0652,183.677,263.818,253.863,252.618,516.934,427.087,339.479,497.521,1553.79,1977.14
141,504,165.758,160.531,252.37,208.317,221.508,406.927,400.954,339.479,479.104,982.599,1893.27
141,505,113.492,153.313,233.703,269.294,234.948,432.314,407.923,384.528,360.386,748.149,1300.67
141,506,92.8342,155.304,220.263,250.876,233.952,436.545,469.149,372.332,306.627,626.444,1013.21
141,507,77.6522,154.309,289.702,236.192,221.508,529.379,410.909,422.109,291.445,530.125,848.449
141,508,71.1812,163.766,217.028,258.094,224.743,482.339,454.962,444.758,240.672,474.873,769.553
141,509,69.9367,143.856,213.046,302.644,272.28,398.714,404.936,464.917,244.654,354.164,670.248
141,510,75.4122,124.94,206.824,237.188,235.943,421.114,455.958,481.344,287.213,240.423,489.059
142,490,137.385,146.842,243.161,307.622,276.511,383.532,374.821,417.132,479.104,377.559,425.594
142,491,131.909,151.073,295.924,263.072,250.627,401.701,424.847,460.935,583.885,495.281,574.178
142,492,221.01,310.609,377.061,312.849,267.054,589.36,541.325,634.408,799.17,935.559,898.475
142,493,609.271,315.835,274.271,374.074,306.378,755.615,764.824,903.702,846.707,1363.39,1306.9
142,494,558.249,213.046,285.72,290.2,255.605,728.238,893.249,1106.54,976.874,1559.02,1687.69
142,495,199.357,222.503,246.147,445.504,450.233,572.187,795.935,1156.57,1472.4,1456.48,1937.32
142,496,148.336,224.494,237.934,381.292,424.349,464.917,695.634,1004.5,1959.72,1522.18,1864.65
142,497,172.229,205.579,223.25,447.496,434.802,487.566,582.391,737.447,1750.66,1902.98,1716.31
142,498,270.04,240.174,311.604,408.172,369.594,487.566,552.276,895.489,1573.95,2007.26,1735.73
142,499,267.8,197.366,290.947,273.525,266.058,436.545,508.223,1287.23,2053.3,1933.59,1830.8
142,500,146.096,180.442,243.161,352.172,325.044,403.692,496.277,988.323,1955.74,2247.93,1931.1
142,501,254.858,183.677,265.809,364.617,370.59,400.705,446.002,488.562,1202.12,2507.77,2319.11
142,502,139.625,184.673,206.824,258.094,273.276,381.292,394.981,446.749,1046.81,1917.16,2629.22
142,503,199.357,201.597,226.485,265.312,248.387,456.953,380.794,390.501,833.516,1535.37,2332.3
142,504,153.811,164.762,256.601,246.645,228.725,558.747,477.113,352.919,498.517,1342.98,2020.2
142,505,167.749,168.993,216.032,261.081,234.948,444.509,442.02,354.91,523.903,808.628,1679.48
142,506,100.55,135.394,230.717,284.973,264.067,507.726,507.228,472.135,370.59,776.771,1110.28
142,507,80.8877,168.993,264.814,269.294,267.054,415.14,482.091,395.727,322.804,717.536,1039.84
142,508,81.8832,134.398,249.383,254.858,257.845,523.157,439.033,509.966,266.058,513.699,1014.21
142,509,77.6522,142.86,207.819,268.298,246.396,426.34,411.905,424.349,242.663,399.212,766.566
142,510,84.1232,115.483,219.268,259.089,276.511,407.923,390.75,456.953,270.04,298.911,533.112
143,487,109.012,168.993,276.263,271.534,257.845,363.123,357.897,348.688,529.876,321.311,345.95
143,488,126.434,250.876,344.955,457.949,389.256,437.54,411.905,450.731,522.908,356.155,538.339
143,489,235.196,192.139,267.054,522.161,395.479,419.123,435.051,519.174,365.363,348.937,747.153
143,490,198.361,149.082,250.378,393.736,356.155,406.927,482.091,535.352,410.163,500.508,955.968
143,491,335.248,164.762,290.947,330.519,317.826,400.705,411.905,495.53,829.534,722.762,1040.84
143,492,453.718,463.673,529.628,319.071,329.275,428.331,430.074,537.343,1483.6,1054.28,1210.58
143,493,370.092,391.247,304.387,376.065,420.367,597.573,458.944,665.021,2010.49,1617.26,1479.87
143,494,278.751,179.446,325.044,300.404,331.266,903.702,578.409,721.02,1828.81,2286.76,1929.11
143,495,205.828,199.357,215.037,484.828,420.367,863.88,820.077,882.298,1296.69,2499.8,2507.52
143,496,245.152,163.766,324.048,479.851,470.891,682.194,944.27,1317.85,1475.39,2013.48,2826.59
143,497,232.957,231.961,292.938,422.856,420.367,594.587,778.015,1575.69,2452.27,1500.53,2474.67
143,498,280.991,185.668,257.596,466.162,428.58,770.051,714.798,1457.47,2852.47,1907.95,1806.41
143,499,197.117,276.014,364.617,409.167,357.15,711.812,828.041,1047.56,2306.17,2626.73,1836.03
143,500,392.99,247.641,365.612,277.756,272.28,470.144,545.307,905.693,1997.3,2524.19,2349.72
143,501,189.65,203.588,229.472,284.973,281.489,385.523,437.042,961.692,1993.32,2350.22,2281.28
143,502,325.542,170.984,229.472,293.187,290.947,430.322,480.099,498.766,1150.35,2725.79,2237.23
143,503,228.725,237.188,195.375,227.979,235.943,410.909,412.9,384.528,896.484,2047.33,2895.28
143,504,161.278,160.531,254.61,263.072,249.383,517.93,373.825,348.688,760.593,1259.11,2487.86
143,505,142.86,124.94,219.268,265.312,246.396,542.57,455.958,343.71,565.467,1141.39,1695.9
143,506,108.016,187.908,249.383,320.066,298.164,500.757,445.007,425.345,524.899,886.529,1471.66
143,507,84.1232,134.398,241.916,272.529,262.823,525.148,613.502,492.544,302.395,961.194,1219.79
143,508,73.1722,156.3,248.387,312.849,286.716,408.918,452.971,456.953,311.604,609.022,1289.47
143,509,93.8297,142.86,214.041,253.863,259.836,432.314,423.851,492.544,245.65,408.421,993.798
143,510,76.4077,120.709,218.272,242.414,212.299,410.909,408.918,391.496,230.468,318.324,633.413
144,483,61.2257,94.5764,161.029,212.548,179.197,325.293,331.764,378.305,245.65,372.581,499.512
144,487,83.1276,173.224,384.279,302.644,298.164,399.71,394.981,514.943,319.817,335.746,508.721
144,488,136.389,311.604,561.983,503.495,442.02,419.123,519.174,772.042,356.404,563.974,931.328
144,489,198.361,300.155,412.403,605.04,492.793,425.345,608.524,834.263,486.322,880.307,1267.07
144,490,224.494,290.698,328.28,618.48,523.654,424.1,504.241,640.381,553.272,941.781,1171.75
144,491,223.25,209.81,276.263,357.399,329.275,581.396,619.475,522.161,777.766,849.694,1184.2
144,492,281.987,195.126,327.284,228.974,236.939,676.221,881.302,711.812,1207.34,1131.18,1668.28
144,493,279.747,200.353,263.818,276.76,246.396,690.407,849.196,894.493,1842.99,1608.05,2498.06
144,494,292.938,269.543,433.06,310.858,282.485,906.689,880.307,919.88,2182.23,2068.73,2610.81
144,495,221.01,345.204,357.399,398.963,386.021,1030.14,873.089,1397.24,2269.58,2484.37,2396.76
144,496,191.642,217.277,339.728,588.613,536.099,1421.63,1086.88,2294.97,2237.98,2748.44,2320.11
144,497,296.173,241.419,433.06,635.155,525.894,1367.62,1664.3,2208.11,2223.79,2721.81,2536.14
144,498,278.751,417.629,419.62,449.735,398.465,701.607,1279.27,1605.31,2435.09,2356.44,2389.8
144,499,613.751,342.964,278.502,353.417,312.6,655.812,719.776,1782.76,3167.06,2265.35,2021.2
144,500,393.985,259.089,287.711,368.848,341.719,755.615,743.918,1324.82,2968.2,2748.44,2232
144,501,340.724,200.353,273.276,269.294,254.61,471.14,518.179,658.799,1915.17,2772.08,2638.43
144,502,296.173,252.867,213.046,244.654,231.961,378.305,399.958,753.624,1659.07,2428.12,2342.51
144,503,208.068,160.531,233.703,270.538,251.623,498.766,457.949,422.109,952.483,2540.62,2349.72
144,504,208.068,166.753,221.259,348.19,301.151,443.513,432.065,394.732,1045.82,1587.64,2876.86
144,505,99.3052,145.847,246.147,302.644,304.387,557.752,411.905,371.088,735.207,1274.29,1956.74
144,506,93.8297,195.126,267.054,300.404,246.396,511.957,459.94,363.123,591.849,1269.31,1647.62
144,507,78.6477,146.842,261.827,275.516,275.267,583.387,516.188,463.922,369.594,1050.3,1626.22
144,508,68.9412,142.86,231.712,290.2,259.836,491.548,561.236,415.14,286.218,892.502,1404.21
144,509,66.7012,125.936,217.028,287.96,316.831,375.319,383.781,515.939,289.205,450.233,1316.1
144,510,75.4122,146.842,209.81,228.974,222.503,420.118,422.856,409.914,223.25,347.941,774.779
144,511,69.9367,119.714,230.717,255.854,243.161,422.109,394.981,373.328,291.445,296.92,488.064
145,482,73.1722,115.483,171.482,259.089,234.948,370.092,387.763,383.532,375.568,581.396,528.134
145,486,91.8386,129.171,232.708,243.41,239.179,386.519,351.675,377.31,383.781,361.381,449.238
145,487,85.1187,195.126,438.287,380.297,338.484,403.692,378.803,593.591,485.326,735.953,842.227
145,488,146.096,329.524,653.324,386.519,349.933,469.149,441.024,729.233,640.63,1002.01,1200.37
145,489,386.27,473.131,719.776,437.291,376.812,812.859,714.798,587.369,586.871,919.133,1008.98
145,490,377.808,384.03,415.389,380.297,365.363,1218.79,893.249,497.77,669.999,743.171,1038.85
145,491,387.514,205.579,204.584,299.409,262.823,1606.3,1051.79,780.255,1265.08,1299.93,1990.58
145,492,711.563,175.215,231.712,370.839,341.719,1521.68,1022.67,1097.33,2029.91,2375.86,3260.64
145,493,204.832,220.263,290.947,265.312,255.605,1512.48,1053.78,1730.75,2978.41,3129.23,3968.97
145,494,213.543,247.641,454.962,469.397,416.136,2263.11,1747.67,2631.46,3596.64,3353.48,3796
145,495,372.332,301.151,656.31,491.05,431.567,2490.59,2558.79,2534.65,3430.14,3238.74,3058.05
145,496,232.957,322.057,721.767,353.417,314.591,1402.22,2211.84,1904.22,2589.4,2872.38,2253.66
145,497,621.217,595.831,475.62,399.958,346.697,898.475,1400.73,3003.79,2974.18,2430.11,2055.04
145,498,587.618,381.79,377.061,732.469,585.876,1240.19,1526.91,3563.79,3739,2397.26,1733.73
145,499,468.9,428.082,401.95,550.285,444.011,946.51,1661.31,1920.65,2568,3397.53,1581.17
145,500,223.25,302.147,285.72,405.185,360.137,490.553,719.776,1709.34,2909.22,2918.43,2469.44
145,501,370.092,213.046,237.934,322.306,352.919,524.152,590.356,1249.4,3078.96,2488.35,2696.67
145,502,201.597,278.005,316.831,277.756,242.165,412.9,406.927,674.23,1806.41,2955.26,2438.83
145,503,261.329,198.361,295.924,234.201,238.183,449.735,471.14,673.234,1452.99,2469.94,2467.45
145,504,201.597,157.544,246.147,365.861,297.169,574.178,503.246,405.932,1165.78,2101.59,2608.81
145,505,139.625,140.62,251.374,399.958,397.47,472.135,433.06,393.736,1199.13,1531.39,2279.04
145,506,105.776,151.073,222.254,265.312,254.61,551.778,518.179,431.318,647.848,1758.62,1862.66
145,507,93.8297,165.758,280.494,282.982,275.267,460.935,401.95,386.519,478.108,1204.85,2278.05
145,508,67.6968,138.629,217.028,270.538,256.849,567.956,510.215,453.718,281.24,1093.1,1547.32
145,509,86.3631,149.082,201.597,264.316,280.494,425.345,421.86,400.705,262.823,641.875,1441.05
145,510,76.4077,129.171,206.824,219.766,236.939,439.531,408.918,499.761,219.268,367.354,1048.06
145,511,72.1767,122.7,233.703,242.414,249.383,393.736,405.932,378.305,269.045,289.702,616.986
146,485,79.6432,102.79,175.464,212.548,197.615,373.328,402.945,370.092,436.545,344.955,473.877
146,486,87.3587,164.762,343.71,262.076,287.711,429.327,360.883,418.127,548.294,600.809,612.009
146,487,104.781,229.721,449.735,336.742,287.711,536.348,395.976,646.604,769.553,810.619,922.119
146,488,193.882,473.131,535.85,297.418,266.058,944.27,516.188,626.195,825.552,770.797,898.475
146,489,510.463,545.556,405.185,507.726,503.992,1563.5,909.177,621.217,556.258,766.566,1216.8
146,490,468.9,339.977,287.711,615.493,518.677,1332.03,927.346,550.783,1120.98,1107.54,1978.39
146,491,505.984,313.595,339.728,482.837,362.377,862.885,867.116,816.841,2538.63,2446.54,2998.57
146,492,544.063,280.245,253.365,523.157,511.459,1006.49,1379.57,1665.54,3414.95,3736.26,3937.11
146,493,214.539,322.057,485.077,490.055,463.673,1421.63,2258.88,2087.9,3262.64,3815.16,3967.98
146,494,331.017,513.948,516.188,383.283,356.155,1377.83,2311.15,2047.08,2751.92,3273.59,3293.5
146,495,245.152,560.24,503.744,558.498,499.015,1536.87,1777.79,3026.19,2906.23,2354.2,2577.95
146,496,253.614,288.458,462.18,565.716,437.789,2612.05,2080.43,4381.87,3589.67,1951.01,1623.23
146,497,574.427,567.458,791.455,551.281,442.02,2943.32,3567.52,3599.38,2759.89,2455.75,1284.5
146,498,272.28,633.662,562.978,774.033,686.176,1214.56,2401.49,2864.17,3314.4,1954.99,1934.34
146,499,427.585,459.442,442.518,894.244,785.73,1133.17,1443.78,3755.43,4600.14,2197.66,1382.56
146,500,187.411,348.19,323.053,423.851,388.261,904.698,1478.88,1998.05,2547.84,4245.98,1497.29
146,501,398.465,354.661,307.373,444.509,412.9,452.722,674.728,1647.12,3157.11,2951.03,3270.85
146,502,273.276,307.373,298.164,340.973,339.479,420.118,446.998,788.468,2316.13,2704.39,2674.27
146,503,321.062,305.382,430.074,269.294,265.063,430.322,422.856,926.102,1831.79,2828.33,2560.53
146,504,191.642,151.073,270.04,292.191,267.054,661.786,542.321,544.561,1698.89,2132.2,2715.09
146,505,199.357,160.531,241.916,381.292,407.923,484.331,540.33,372.332,1325.06,2077.94,2284.27
146,506,105.776,134.398,243.161,281.738,283.729,517.93,487.068,482.339,816.343,2145.39,2062.26
146,507,85.1187,145.847,264.814,361.63,357.15,423.105,511.21,447.744,560.489,1437.06,2678.25
146,508,83.1276,130.167,227.481,285.969,268.049,469.149,434.056,427.336,329.026,1029.64,1966.94
146,509,86.3631,136.389,217.028,278.751,269.045,491.548,451.975,392.741,251.623,907.933,1395
146,510,83.1276,138.629,214.041,253.863,241.17,417.132,388.759,449.735,259.836,414.643,1287.48
146,511,80.8877,133.402,210.806,259.089,242.165,420.118,412.9,380.297,275.018,313.098,732.718
146,512,73.1722,145.847,207.819,262.076,234.948,407.923,369.843,347.693,308.618,251.872,516.686
147,484,91.8386,109.261,183.926,320.066,284.725,384.528,390.75,513.948,398.963,373.577,431.816
147,485,71.1812,125.936,259.587,224.743,248.387,381.292,427.087,373.328,350.181,451.478,443.016
147,486,79.6432,156.3,327.284,264.316,276.511,531.37,421.86,567.956,422.358,467.655,694.887
147,487,113.492,204.584,364.617,253.863,226.734,531.37,405.932,757.855,642.621,500.508,747.153
147,488,183.179,678.71,762.335,280.742,296.173,926.102,727.74,584.382,585.876,821.819,1394.01
147,489,417.878,874.831,601.307,736.7,783.49,1400.23,1344.48,451.727,1405.21,1229.24,2204.38
147,490,375.568,446.998,369.843,1615.26,1462.7,1160.55,1447.76,682.194,3158.1,2591.89,2593.38
147,491,257.098,321.062,430.074,2046.33,1655.09,1099.33,1201.12,1590.13,4211.14,4136.47,3685.49
147,492,342.964,273.774,339.728,1238.2,1075.43,1362.65,1219.04,3421.92,4249.71,4440.61,4343.54
147,493,333.008,398.714,324.048,941.781,950.244,2160.07,1803.67,5786.33,4228.31,3622.52,4172.56
147,494,328.777,437.54,410.163,793.695,799.17,3072.98,3175.53,7186.81,4487.4,3169.05,3136.7
147,495,412.403,609.52,689.661,1431.84,1448.01,3703.16,5075.76,5528.24,3532.68,3343.27,2456.25
147,496,263.569,792.948,717.785,2111.54,1959.47,2354.95,4349.77,2956.76,1930.35,2848.74,2417.42
147,497,473.38,1125.46,978.368,1508.49,1331.04,2608.81,3093.39,6373.95,3405.74,1663.3,1713.08
147,498,394.981,557.005,849.694,1052.78,902.706,2965.96,4263.4,6096.44,3827.36,2286.76,1495.3
147,499,261.329,618.977,525.645,656.808,620.968,956.715,2054.55,3062.03,4368.43,2143.4,2206.62
147,500,213.543,293.684,398.963,532.614,459.691,965.674,1180.96,2947.8,3739,3256.16,1536.12
147,501,348.439,572.685,451.727,452.722,373.577,678.212,1182.95,2002.28,2951.78,3978.93,2557.54
147,502,341.719,220.263,227.481,464.171,412.9,444.509,570.445,1137.16,2746.7,2919.42,3184.98
147,503,320.066,249.632,341.719,364.617,396.474,422.109,396.972,904.698,1983.12,3173.29,2749.93
147,504,192.886,163.766,280.494,255.854,248.387,623.208,482.091,773.037,2424.89,2189.44,3006.78
147,505,225.49,178.451,275.267,323.302,329.275,650.586,571.44,365.115,1329.05,2567.25,2420.41
147,506,108.016,161.526,278.502,257.098,262.823,509.966,493.041,407.923,868.111,2467.95,2401
147,507,102.541,144.851,239.925,447.496,416.136,467.157,591.351,541.574,584.88,1634.68,2894.29
147,508,86.3631,139.625,210.806,295.427,329.275,425.345,433.06,427.336,427.336,998.029,2226.03
147,509,81.8832,142.86,234.699,325.293,299.16,473.131,456.953,449.735,254.858,962.19,1411.18
147,510,84.1232,140.62,205.579,245.65,264.067,440.527,387.763,410.909,252.867,480.099,1320.09
147,511,66.7012,123.945,214.041,262.076,248.387,395.727,372.83,393.736,350.181,327.533,784.984
147,512,69.9367,139.625,225.49,247.641,259.836,415.14,389.754,348.688,268.049,312.102,549.538
148,483,93.8297,179.446,227.481,369.843,379.799,366.11,346.697,437.54,567.458,445.256,584.382
148,484,81.8832,107.021,202.593,340.973,332.262,389.505,387.763,491.548,407.176,565.965,558.747
148,485,95.0741,139.625,226.485,248.636,271.285,549.787,474.126,398.714,314.591,509.717,754.122
148,486,114.487,120.709,206.824,241.419,231.961,575.174,436.047,483.335,414.145,499.512,796.184
148,487,184.175,183.677,286.716,198.859,211.303,685.43,648.595,443.513,754.371,979.612,1503.52
148,488,322.306,310.609,504.739,247.641,269.045,1523.67,1244.18,575.174,1753.64,1589.63,2620.01
148,489,1046.31,419.62,1161.05,441.273,490.553,1740.95,1912.93,963.932,2123.24,2658.34,2678.25
148,490,708.327,749.891,1915.17,1388.28,1431.59,919.88,1384.55,1118.74,2191.18,2738.23,2595.37
148,491,423.354,790.957,1056.27,3246.96,2959.24,1085.14,1307.39,2565.26,4099.39,2886.57,2897.27
148,492,409.167,517.183,511.957,2818.13,2644.65,2347.73,2848.49,4294.02,5496.63,5163.12,5209.42
148,493,276.511,404.936,524.65,2289.74,2332.05,3754.18,4765.9,4129.75,4183.76,6408.05,7488.46
148,494,285.222,402.945,996.038,2135.43,1888.04,3898.04,5624.31,3567.77,2208.61,4474.21,6604.17
148,495,338.484,556.009,1495.55,1105.55,913.906,3193.2,4480.18,6867.49,3972.46,1805.66,3430.63
148,496,396.225,575.92,1333.53,1251.64,1451.25,5139.23,5928.94,8055.91,5130.02,2341.01,1153.33
148,498,204.832,458.446,643.866,1441.29,1355.93,2721.06,4075,7830.42,4148.17,2756.65,1981.37
148,499,202.593,455.211,559.743,740.931,754.62,1706.36,3075.22,5556.86,5352.52,2579.45,2029.41
148,500,284.227,366.11,439.282,690.159,511.459,806.637,1305.4,2466.2,3766.38,3587.93,2058.03
148,501,362.377,548.543,559.743,647.599,594.089,985.087,1431.84,2714.09,3365.18,3625.76,2835.8
148,502,334.253,270.787,291.942,463.175,369.594,667.012,1036.61,1435.07,3033.16,3276.57,2801.2
148,503,314.591,174.22,236.939,464.171,498.019,449.735,429.078,982.101,2236.98,3598.13,2832.81
148,504,209.064,218.272,248.387,250.876,289.951,679.208,588.364,688.416,2758.89,2620.51,3314.9
148,505,167.749,222.503,329.275,276.76,266.058,561.983,515.192,394.732,1553.54,2708.62,2943.32
148,506,119.963,170.984,398.963,303.64,262.823,634.408,532.365,365.115,762.584,2836.54,2648.64
148,507,88.3542,140.62,251.374,454.962,391.247,508.97,573.431,583.387,626.444,1619.25,3050.83
148,508,69.9367,136.389,243.161,312.849,339.479,403.692,487.068,477.362,345.204,1060.5,2400
148,509,80.8877,151.073,217.028,332.511,304.387,436.545,395.976,488.562,292.44,808.628,1580.17
148,510,79.6432,133.402,234.699,251.872,273.276,454.713,415.887,429.327,276.014,500.508,1166.77
148,511,64.4613,142.86,208.815,287.96,233.952,416.136,382.785,356.901,365.363,306.129,752.131
148,512,65.7057,124.94,250.378,289.205,298.164,425.345,431.069,362.128,286.218,303.889,464.669
149,482,57.9902,139.625,290.947,198.859,221.508,457.949,380.794,454.962,607.031,480.099,516.686
149,483,67.6968,125.936,276.263,338.733,387.265,422.109,441.024,508.97,851.934,677.714,618.231
149,484,116.727,121.705,216.032,276.76,312.6,600.56,637.644,503.744,603.049,969.408,911.915
149,485,118.967,149.082,208.815,311.853,308.369,655.812,538.339,481.344,669.999,713.305,1127.7
149,486,183.179,176.211,198.361,300.404,250.627,644.613,660.541,603.795,889.516,1062.49,1213.81
149,487,357.15,231.961,287.711,343.959,319.817,868.858,1016.7,960.697,2268.59,1537.36,2206.62
149,488,276.511,772.042,450.731,274.52,251.623,986.083,829.036,706.834,2240.96,2650.13,2646.64
149,489,616.986,1169.51,1014.7,665.27,594.089,1061.74,1276.28,1259.61,1214.31,2454.75,2791
149,490,528.881,1093.85,2627.73,2793.24,2598.11,1498.29,1011.47,2263.36,4115.56,1873.11,2039.61
149,491,440.776,1285.74,2201.89,5500.36,5026.24,2643.66,1738.46,4269.62,7084.02,6175.59,5266.66
149,492,809.375,716.291,1782.27,4119.3,3719.09,2635.44,3164.57,6594.21,7880.95,8600.48,8926.51
149,493,814.85,850.689,1794.71,1930.1,1835.28,3376.87,5767.66,9753.06,7983.74,7647.49,7584.77
149,494,390.75,474.126,920.128,2093.87,2561.77,8677.38,7104.18,11607.5,6566.09,6180.81,4947.34
149,496,462.429,561.236,927.595,2423.39,1884.81,6359.26,7601.7,6600.19,3574.49,1740.2,1774.55
149,497,262.325,592.596,1338.75,869.356,780.504,6250,7283.87,9431.75,6144.48,1672.51,671.243
149,499,394.981,645.11,920.128,971.897,927.346,1714.32,2698.16,6819.7,5243.76,2855.96,2002.78
149,500,398.465,415.389,508.97,656.808,511.459,1215.56,2376.36,3340.29,4243.49,3572.5,1669.27
149,501,447.247,512.952,608.773,758.353,798.175,942.279,1162.04,3176.27,3798.73,3735.27,3248.45
149,502,328.777,283.231,293.933,380.297,299.16,1146.37,1589.13,1981.87,3637.46,3080.2,2787.76
149,503,282.982,190.895,231.712,393.736,435.798,490.553,512.206,1333.03,2693.93,3977.93,2678.25
149,504,195.126,182.682,237.934,248.636,259.836,852.681,799.917,854.672,2692.94,3181.5,3446.81
149,505,155.802,163.766,302.395,274.52,273.276,545.556,703.847,419.123,1762.85,2868.15,3644.43
149,506,109.012,163.766,368.848,304.635,269.045,803.65,597.324,390.501,697.625,2968.45,3021.22
149,507,102.541,151.073,269.045,334.751,323.053,634.408,642.621,593.591,679.208,1709.34,3281.05
149,508,79.6432,142.86,269.045,283.978,324.048,409.914,484.082,638.39,311.604,1168.02,2381.58
149,509,68.9412,136.389,239.925,316.084,253.614,401.701,394.981,481.344,267.054,716.54,1756.13
149,510,80.8877,133.402,263.818,333.755,316.831,439.531,429.078,512.952,334.004,414.643,1155.32
149,511,80.8877,126.931,222.254,285.969,296.173,431.318,399.958,380.297,344.208,270.289,618.231
150,482,58.9858,106.025,237.934,229.97,226.734,520.17,409.914,501.752,688.416,456.455,513.699
150,483,76.4077,107.021,222.254,251.872,262.823,559.743,571.44,583.387,877.32,772.788,484.082
150,484,105.776,180.442,291.942,258.094,275.267,863.88,858.156,865.871,1061.99,955.968,920.128
150,485,111.252,206.824,326.04,367.852,374.821,530.374,454.962,537.343,995.043,1060.5,1095.09
150,486,126.434,330.519,431.069,321.311,304.387,841.481,1082.65,1656.33,1769.82,1342.98,1399.98
150,487,209.064,345.204,336.493,422.856,412.9,905.693,1126.95,1785,2852.47,1734.98,1707.1
150,488,273.276,614.746,1033.37,336.742,311.604,814.85,1431.84,1689.93,1149.35,2838.54,2366.15
150,489,500.508,1745.18,3087.67,605.04,619.973,1647.12,2463.47,2166.3,2331.56,1481.12,2747.94
150,490,942.03,2834.8,4962.27,2633.7,3151.88,6233.83,3610.58,1706.36,5033.7,4634.99,3431.63
150,491,831.028,2715.34,3183.24,6479.48,7115.13,8390.91,5988.18,7039.97,9444.94,7735.6,7864.02
150,492,1702.13,1328.8,1302.42,8583.8,8565.38,9221.19,10285.9,12402.9,10432,8065.12,7108.91
150,493,610.266,709.074,1268.07,6646.48,5985.94,14338,15421.2,10447.7,6006.59,7666.91,6139.5
150,494,673.483,800.415,1791.48,2647.14,2307.17,10459.4,14001.3,7816.24,2271.57,4919.46,5682.05
150,495,916.893,1463.2,2665.06,1930.1,2449.03,8679.62,8744.83,13015,4785.81,1712.58,3873.65
150,497,409.167,374.572,720.771,1136.66,1028.89,5473.98,6339.1,9595.02,5412.51,1854.69,911.915
150,498,453.718,575.92,861.143,674.479,658.301,4850.77,7113.39,9198.3,6989.44,2194.67,923.115
150,499,374.323,767.811,946.261,1174.99,1060,1539.11,2431.36,5352.77,3998.84,4623.79,1180.96
150,500,474.375,525.645,600.311,597.822,578.658,2270.33,3519.48,5497.62,4945.35,3235.76,2128.71
150,501,284.227,354.661,488.064,529.379,558.001,678.212,1194.15,2828.33,4127.76,4046.37,2854.46
150,502,365.612,332.511,288.707,302.644,281.489,1363.64,1430.84,2671.28,4592.93,3164.08,2918.93
150,503,230.965,193.135,243.161,276.76,313.595,743.42,681.696,1179.96,3017.98,4551.11,2771.34
150,504,221.01,162.771,248.387,296.422,233.952,734.211,723.758,1180.96,2762.13,3787.53,3778.57
150,505,170.984,165.758,235.694,313.844,303.391,693.394,823.063,523.157,1643.89,3325.85,4151.16
150,506,113.492,172.229,280.494,310.858,253.614,948.501,637.644,462.926,809.126,2763.87,3535.91
150,507,96.0697,153.313,237.934,303.64,303.391,770.051,767.811,523.157,584.88,1885.55,3285.28
150,508,101.545,173.224,318.822,328.528,278.502,426.34,440.029,628.186,332.013,1167.02,2391.79
150,509,65.7057,165.758,263.818,265.312,253.614,440.527,429.078,477.362,273.027,755.366,1794.96
150,510,62.4702,156.3,293.933,353.417,300.155,426.34,431.069,571.191,357.399,311.106,1247.41
150,511,71.1812,136.389,251.374,280.742,283.729,437.54,424.847,398.714,323.8,275.267,493.29
151,482,88.3542,112.247,178.7,241.419,223.499,510.961,395.976,406.927,513.699,440.029,552.525
151,484,80.8877,205.579,390.501,232.21,281.489,692.398,657.555,898.475,1263.09,685.679,537.343
151,485,98.3096,204.584,344.955,367.852,364.368,434.305,438.038,689.412,968.661,1185.44,721.518
151,486,109.012,252.867,461.184,271.534,267.054,1085.14,1493.81,2383.57,1732.24,1013.46,1224.02
151,487,234.201,331.515,329.275,279.747,328.031,1018.94,1206.1,2054.3,1640.9,1349.21,984.59
151,488,385.274,481.593,615.991,609.271,606.533,1506.25,1935.08,3471.95,1431.84,1868.13,2283.27
151,489,807.135,933.568,1787.49,1164.53,813.606,5384.13,4302.48,2224.54,2909.22,2414.68,3133.71
151,490,2511,1652.85,4498.1,975.879,792.948,15255.9,9924.05,3671.8,8328.94,5319.92,5181.54
151,491,1786.75,3602.36,6285.35,1986.1,2600.1,15298.7,13775.5,10110,14811.7,7312.74,5378.16
151,492,912.662,3497.58,4828.37,6745.78,8033.27,10880.5,14610.8,15286.5,14754.9,11822,6615.62
151,493,583.138,1414.91,2263.11,8136.3,9672.67,15568,15689.7,15334.6,11546,10394.9,8473.05
151,494,412.403,773.037,1074.93,2949.79,3759.41,15687.5,15471.2,15787.3,6671.62,8116.39,5920.48
151,495,1246.42,835.01,2882.09,1453.74,1434.57,12334,15197.4,9969.34,1927.37,5822.42,5084.47
151,496,652.826,915.648,1165.28,2407.71,2881.59,8915.07,10552.7,14995.8,6507.1,1064.48,3715.11
151,498,473.38,742.673,1116.5,1149.1,992.554,4706.92,5825.65,11122.9,9689.6,1345.97,2612.8
151,500,232.957,350.43,442.518,624.702,643.866,2653.86,3499.33,7690.55,5802.26,4011.53,2745.95
151,501,202.593,242.414,336.493,334.751,359.141,1181.96,2139.67,2529.42,4525.98,4271.62,2543.11
151,502,364.617,364.119,287.711,273.525,261.827,1086.13,925.355,2573.47,5533.21,3773.1,3254.42
151,503,201.597,192.139,332.511,286.965,280.494,1071.95,922.368,795.437,2984.38,5352.52,3449.05
151,504,215.783,224.494,256.601,341.968,323.053,547.547,500.259,1122.97,2704.14,4097.65,4530.71
151,505,143.856,232.957,321.062,329.524,366.359,672.985,816.094,573.183,1363.64,3833.58,4457.04
151,506,91.8386,205.579,305.382,326.288,273.276,711.812,538.339,569.2,941.284,2347.24,4211.39
151,507,72.1767,166.753,264.814,319.071,291.942,773.037,756.86,549.787,440.527,1922.39,3070.25
151,508,77.6522,212.05,307.373,447.496,328.031,455.709,412.9,505.735,293.436,1096.34,2316.13
151,509,73.1722,160.531,272.28,324.297,306.378,510.961,445.007,434.553,289.205,723.758,1723.53
151,510,62.4702,132.158,272.28,332.511,272.28,459.94,472.135,587.369,359.39,314.093,1232.23
151,511,69.9367,143.856,271.036,327.533,317.826,438.536,436.047,415.14,325.791,303.889,451.229
152,482,77.6522,91.3409,172.477,235.196,224.743,430.322,428.082,449.735,495.53,476.864,464.669
152,484,107.021,168.993,309.613,239.428,234.948,581.396,594.338,582.391,934.066,377.559,265.063
152,486,112.496,170.984,240.921,299.409,322.057,1024.91,1275.29,2019.45,732.967,499.512,706.087
152,487,285.222,208.815,500.757,411.407,357.15,1072.94,1131.93,1200.37,739.189,720.523,590.356
152,488,713.554,683.936,1430.09,564.72,599.315,978.119,930.333,1990.83,2069.48,1373.6,2204.38
152,489,889.764,2420.66,1754.14,1514.72,1590.87,5443.37,2525.69,1138.15,1804.42,3711.62,3748.96
152,491,1735.73,2782.29,4993.38,3145.41,2464.46,15749.7,15255.7,14441.1,8230.38,3994.11,2471.68
152,492,1279.02,2171.03,4918.72,4403.28,3989.13,15407,15255.7,15797.5,15480.9,6981.23,7103.68
152,493,1078.92,856.912,1669.02,3360.95,3401.26,15719.1,15694.7,15605.8,11041.3,15368.9,8707.5
152,494,700.612,635.653,1119.73,1732.24,1351.94,15976.2,15729.8,16094.4,5098.66,11477.1,13537.1
152,495,644.115,748.895,1309.63,2354.95,2316.62,15210.1,15410,14984.6,2809.66,2507.77,5183.78
152,496,1037.6,1624.47,1918.41,1160.3,1463.69,7704.49,9950.18,15721.1,7379.44,1587.64,1884.06
152,498,396.225,378.803,724.007,1414.17,1462.7,3399.27,4053.84,11027.1,10466.4,2151.61,3562.54
152,500,429.825,279,301.151,622.711,713.305,1794.96,2328.07,8082.3,7311.25,4558.33,3180.75
152,501,337.488,289.453,302.395,316.084,307.373,1849.96,2767.35,2912.95,5110.86,5309.47,2340.52
152,502,263.569,286.467,274.271,321.311,258.841,823.063,734.709,1958.23,5669.35,5118.07,4524.73
152,503,186.415,210.806,429.078,266.307,256.849,1172.75,1046.56,702.603,2773.08,5708.68,4449.82
152,504,183.179,273.774,270.04,365.861,332.262,534.356,512.206,790.459,2228.77,4236.77,5198.96
152,505,145.1,271.783,363.621,308.866,350.928,796.432,854.174,582.391,1005.25,3858.96,4417.21
152,506,96.0697,289.453,394.732,283.978,256.849,485.326,465.166,565.965,923.862,1940.81,4589.19
152,507,92.8342,177.455,370.839,347.195,319.817,557.752,537.343,609.769,368.599,1668.53,2724.3
152,508,72.1767,161.526,261.827,448.74,375.817,429.327,398.963,422.109,322.804,927.346,2077.44
152,509,89.5987,165.758,329.275,360.635,359.141,509.966,437.042,406.927,281.24,684.683,1553.54
152,510,62.4702,163.766,300.155,318.075,262.823,475.122,475.122,541.574,362.377,306.129,1119.49
153,486,157.047,213.046,359.39,300.404,319.817,684.185,711.812,1409.44,541.076,383.781,477.859
153,487,197.117,411.158,452.971,472.384,468.9,1352.44,1199.13,1213.81,1931.35,861.889,819.828
153,488,414.643,502.499,1063.49,631.919,440.029,2193.67,2163.81,1594.11,3339.79,2348.23,2324.09
153,489,911.666,1223.02,2617.28,540.827,629.431,2761.88,3673.79,2384.57,2208.61,4875.66,4293.27
153,490,1414.91,2821.11,3723.32,1106.54,1512.23,11038.6,5572.04,5046.89,5776.87,2582.68,4944.1
153,491,1771.56,2434.1,4095.16,2362.17,3008.03,15885.3,15539.4,15387.6,15128.5,8022.32,4019.99
153,492,1458.47,2054.55,3046.11,3697.69,4271.86,15640.4,15453,16036.2,15654.6,15311.7,13924.9
153,493,956.217,2348.23,2280.78,3789.03,3827.85,15129.5,15472.2,15679.3,15212.9,15594.1,15267.9
153,494,381.043,1081.41,1688.69,3347.51,3371.15,16032.2,15787,16200.4,12227.2,15248.2,15235
153,495,433.06,1065.73,1175.73,1459.96,1928.36,14930.6,15226.5,15222.3,4871.18,7342.61,11471.9
153,496,792.948,1294.2,2438.58,1269.31,895.489,6509.09,8819,15982.2,8329.94,3235.76,4230.8
153,498,732.22,372.332,581.645,902.458,1142.63,2626.24,3206.64,11282,11851.7,2448.53,3212.61
153,500,712.558,492.046,261.827,608.275,791.953,1065.73,1344.48,6707.45,9209.25,4592.93,3844.03
153,501,298.413,424.847,387.514,382.288,375.817,1962.21,2551.82,2818.13,5069.29,7451.12,2359.93
153,502,225.49,250.876,274.271,435.3,414.145,862.885,834.014,1561.51,5168.6,6193.01,6612.38
153,503,160.282,200.353,417.629,315.089,290.947,1289.23,1224.27,930.084,2703.14,5358.75,5001.6
153,504,122.203,254.858,257.596,368.848,288.707,560.987,533.361,638.39,1685.7,4236.77,5295.28
153,505,130.914,226.734,354.164,283.978,287.711,964.679,979.363,713.803,745.162,3691.22,4407.01
153,506,93.8297,269.543,414.394,293.187,274.271,503.744,556.258,545.556,726.994,1595.85,4800
153,507,97.0652,194.13,388.51,312.849,300.155,416.136,389.754,536.348,330.022,1358.42,2396.76
153,508,81.8832,170.984,290.947,373.079,328.031,422.109,405.932,419.123,278.254,772.788,1943.54
153,509,66.7012,139.625,267.054,366.857,367.603,524.152,461.184,387.514,272.031,560.987,1307.89
153,510,69.9367,143.856,308.618,350.181,313.595,461.931,435.051,432.314,338.982,282.485,945.515
153,511,84.1232,143.856,263.818,270.538,283.729,429.327,438.038,432.314,287.213,268.049,411.407
154,485,84.1232,154.309,241.916,291.196,265.063,972.892,948.501,601.804,611.262,490.304,676.47
154,486,121.207,157.544,399.958,294.182,269.045,670.994,593.342,982.101,1295.7,790.21,787.97
154,487,224.494,370.341,719.776,359.639,359.141,1088.13,922.368,2434.59,3873.9,1718.55,1398.98
154,488,406.927,748.895,628.435,611.262,558.001,3880.87,3256.66,4934.65,6266.43,3262.39,2692.69
154,489,641.875,974.385,672.985,788.468,576.667,8464.34,8335.66,8824.97,4984.92,6219.64,4026.22
154,490,1490.08,1053.03,1472.65,721.02,515.441,10201.3,12386.8,10389.5,9320,5038.43,6045.42
154,491,1857.43,1298.43,2416.67,752.131,687.421,15852.7,15665.8,15644.7,15125.5,10661.2,6479.48
154,492,1094.35,1838.51,3153.13,1098.33,1367.38,14752.2,15273.6,16115.8,15343.8,15409.7,14177.7
154,493,615.742,1464.19,2701.4,1687.69,2174.76,10866.3,14726,15669.1,14246.2,14732.3,15000.6
154,494,628.933,694.39,863.134,1297.19,1799.94,15852.7,15646.7,16154.6,15078.7,10445.2,8497.69
154,495,493.041,1942.3,2082.42,931.328,785.73,5864.48,9564.91,10057.9,4671.08,14635.9,7356.55
154,496,486.322,1279.52,1493.56,2907.23,2510.01,10265.5,14336,16000.6,12820.3,3864.19,7916.29
154,498,677.714,402.945,571.191,731.473,769.055,3150.39,3656.87,12036.8,13096.6,2776.06,3381.35
154,499,293.933,252.867,288.707,960.448,950.244,3856.23,4510.05,4639.97,6105.9,7641.52,1670.27
154,500,486.322,499.264,307.373,485.824,594.089,1141.14,1141.89,4747.98,10085.6,4777.35,4283.06
154,501,230.965,484.579,529.628,639.386,555.761,1941.8,2004.27,2016.47,3861.7,9621.15,3357.96
154,502,216.779,320.066,384.279,542.819,638.639,878.067,744.913,1548.31,4833.6,5646.46,7949.14
154,503,111.252,228.725,424.847,313.844,331.266,1368.62,1430.84,1186.19,2371.13,4947.09,4642.21
154,504,108.016,221.508,250.378,399.958,298.164,602.8,608.524,642.621,1293.71,4044.38,5230.82
154,505,104.781,175.215,307.373,268.298,262.823,1049.55,962.439,762.833,637.644,3349.25,4415.22
154,506,83.1276,183.677,301.151,294.182,249.383,628.186,582.391,494.535,563.476,1396.25,4584.96
154,507,109.012,177.455,319.817,270.538,250.627,467.157,387.763,469.149,262.823,1203.86,2209.6
154,508,75.4122,173.224,331.266,287.96,279.498,461.931,402.945,458.944,340.973,553.769,1950.76
154,509,73.1722,135.394,277.258,308.866,303.391,469.149,463.175,397.718,318.822,439.033,980.359
154,510,76.4077,143.856,261.827,362.626,325.044,413.896,389.754,366.11,321.809,302.893,709.074
154,511,68.9412,132.158,241.916,249.632,273.276,433.309,381.79,375.319,272.031,311.106,445.256
155,485,114.487,145.847,272.28,248.636,258.841,983.096,995.541,1065.73,1175.73,720.523,653.821
155,486,95.0741,243.41,310.609,321.311,278.502,905.693,883.293,842.476,2154.85,1296.94,1071.45
155,487,157.047,254.858,483.086,361.63,298.164,614,655.563,2138.92,3300.22,2473.17,1775.55
155,488,405.932,337.737,835.01,369.843,327.035,1604.31,1613.27,5367.21,5979.96,2801.7,3086.67
155,489,583.138,789.713,941.035,446.5,516.437,5468.75,4451.06,9128.86,5444.86,4485.66,2733.51
155,492,842.974,1268.07,1451,1513.72,1268.07,15131.5,15100.1,16064.8,8618.4,9074.6,5988.18
155,493,772.291,688.167,948.252,1244.43,1096.09,15196.9,15009,15563,15041.1,5359.74,5431.42
155,494,397.221,911.417,1285.74,854.672,840.485,11650.6,12480.1,15926.2,14500,13719.8,4524.73
155,495,392.99,989.07,2615.29,1292.96,1298.93,7790.11,10177.7,15127.5,8827.46,12352.2,9502.68
155,496,859.4,624.204,1042.83,1919.9,2611.55,14709.4,15002.8,15931.1,14696.9,3793.51,4450.81
155,498,264.565,306.378,465.415,993.55,788.717,4828.37,5212.15,12013.4,12545.1,2927.64,3471.45
155,499,420.118,232.957,375.07,855.916,1068.22,3833.83,4134.23,3109.82,6325.42,7662.92,2682.48
155,500,241.667,367.106,469.397,500.508,458.446,2079.44,1607.3,3339.29,8874.25,5547.15,3530.93
155,501,192.886,359.888,519.423,742.922,798.175,1980.63,1829.8,1187.18,2646.15,10040.8,5283.09
155,502,183.179,371.337,425.842,447.496,604.542,796.432,734.709,1823.58,4685.26,4209.15,7472.03
155,503,93.8297,247.641,451.727,333.755,313.595,1145.37,1388.53,1408.44,1689.68,5228.83,4585.96
155,504,107.021,201.597,295.924,389.505,319.817,693.394,643.617,652.826,1086.38,3420.93,5452.82
155,505,114.487,162.771,286.716,279.747,258.841,994.296,921.373,755.615,501.504,2789.26,4254.44
155,506,61.2257,135.394,253.365,333.755,269.045,572.187,518.179,462.926,503.495,1233.47,3883.85
155,507,89.5987,158.54,245.152,262.076,262.823,532.365,423.851,408.918,286.218,1107.54,2219.81
155,508,81.8832,183.677,303.391,262.076,236.939,494.535,423.851,526.143,475.122,388.012,1914.92
155,509,73.1722,116.478,262.823,267.303,259.836,428.331,405.932,445.753,427.336,397.221,695.883
155,510,64.4613,123.945,233.703,320.066,324.048,426.34,403.941,366.11,305.631,380.794,520.917
156,485,97.0652,153.313,262.823,240.423,221.508,682.194,699.616,1173,1147.36,721.518,536.348
156,486,100.55,183.677,367.603,270.538,246.396,785.233,903.204,1402.47,2786.27,1260.11,1075.68
156,487,119.963,317.826,397.718,338.733,283.729,866.867,887.276,1413.67,3308.43,2779.05,1638.41
156,488,189.65,361.879,323.053,425.842,324.048,1266.58,1361.65,3319.88,3531.68,3674.79,3129.73
156,489,347.195,369.346,621.217,366.857,261.827,1756.13,2573.97,5547.65,4370.42,2895.78,3618.79
156,490,461.433,675.474,1256.62,332.511,435.798,2529.42,3542.63,6273.9,3725.81,2863.17,2252.66
156,491,613.751,785.73,1446.77,659.048,957.461,6851.81,6566.83,9271.72,3282.05,2724.79,2129.71
156,493,541.823,453.22,645.11,643.368,896.484,7059.88,7721.91,12216.3,7429.22,4096.65,2806.18
156,494,272.28,356.652,895.24,467.406,592.098,4496.86,4830.11,10320.3,4608.11,5138.73,4183.76
156,495,307.124,419.62,937.799,437.291,582.889,14330.8,14300.9,15377.4,14395.3,2232.5,3458.26
156,497,358.146,560.24,929.586,936.555,672.737,3550.35,3427.15,5909.78,6716.41,6163.39,3844.03
156,498,351.675,214.041,380.048,1321.08,1321.83,6487.69,6714.17,10259,9603.23,3450.54,2305.67
156,499,223.25,225.49,399.958,609.271,834.263,2792.49,2722.31,1861.41,6103.91,6297.29,2920.92
156,500,157.047,284.227,430.074,514.943,501.006,3282.05,2251.91,2590.65,5767.91,6719.15,3259.65
156,501,183.179,194.13,305.382,533.61,701.856,1867.39,1708.6,828.041,2819.87,7647.49,6711.69
156,502,150.327,391.247,455.958,310.858,404.687,695.634,713.803,1962.46,3679.02,4251.21,5563.33
156,503,96.0697,214.041,437.291,369.843,314.591,807.632,986.581,1151.59,1053.03,5214.39,5999.38
156,504,115.732,205.579,379.052,415.389,359.141,752.629,656.559,817.837,1042.83,2447.54,5132.51
156,505,84.1232,139.625,315.835,332.511,291.942,867.863,787.97,723.011,431.567,2309.41,3760.16
156,506,98.3096,138.629,229.472,370.839,317.826,461.931,404.936,464.917,505.486,1034.86,3178.76
156,507,84.1232,139.625,204.584,285.969,281.489,578.16,507.228,444.758,322.804,926.351,2169.53
156,508,80.8877,162.771,270.04,252.867,243.161,491.548,418.874,485.326,605.04,369.594,1554.54
156,509,67.6968,142.86,241.916,259.089,254.61,439.531,411.905,492.544,493.539,382.785,478.855
157,485,80.8877,167.997,238.93,279.747,236.939,567.956,570.445,699.616,801.161,868.111,719.527
157,486,87.3587,143.856,303.391,329.524,233.952,574.178,670.745,1609.54,2313.14,1390.02,1490.08
157,487,104.781,179.446,421.611,257.098,241.17,685.43,959.452,2155.1,4908.76,2334.79,2104.08
157,488,143.856,279,430.074,318.075,317.826,1509.49,1546.07,3134.46,5621.57,4629.76,2825.59
157,489,226.485,320.066,313.595,406.181,355.159,3737.01,3676.78,6916.52,5809.48,5624.8,4562.56
157,490,302.644,327.284,420.616,347.195,316.831,5803.26,6716.17,10751.6,7743.07,4771.13,4950.33
157,491,347.195,387.016,526.641,309.862,283.729,5604.4,7761.98,10483.3,8420.28,5162.13,3893.06
157,492,265.809,522.41,455.958,393.736,350.928,4116.31,6019.29,7714.2,6225.86,6523.53,4025.22
157,493,249.383,606.284,453.967,581.147,407.923,3365.67,4328.61,5137.74,4383.61,6042.43,5276.86
157,494,301.649,365.115,392.741,742.922,513.45,6624.33,5982.2,10496.7,7282.88,3906.25,4908.51
157,495,274.271,569.698,607.529,677.714,540.33,7945.16,6860.52,13202.6,6904.07,4094.41,2862.43
157,496,296.173,752.131,1250.4,767.811,681.199,3256.66,2992.1,5904.55,3410.97,4600.14,2198.4
157,497,343.959,326.288,859.898,1117,1241.19,6160.41,6054.38,9523.59,8891.42,2476.16,2295.47
157,498,240.672,263.32,335.497,882.796,1229.74,5954.33,5992.16,6417.75,6090.72,5023,2297.71
157,499,168.993,259.089,365.612,483.833,580.649,1880.58,1432.83,1507.5,5424.7,5423.21,2851.23
157,500,160.282,174.22,297.169,533.61,514.446,3422.92,2524.69,2392.78,3323.61,6884.91,4684.27
157,501,155.802,244.405,252.37,379.301,465.913,1303.41,1203.11,863.88,3093.14,4960.53,6016.8
157,502,92.8342,250.876,408.172,326.288,300.155,646.604,683.688,1711.58,1731.25,5404.79,5062.82
157,503,95.0741,233.952,422.856,412.403,332.262,568.951,581.396,660.79,935.062,3471.2,7095.47
157,504,86.3631,168.993,394.732,374.074,374.821,688.416,587.369,1054.53,1075.18,1896.75,3677.28
157,505,100.55,132.158,331.266,367.852,312.6,687.421,633.662,599.564,409.167,1836.27,3257.66
157,506,100.55,131.162,209.81,378.305,349.933,485.326,430.074,529.379,515.69,738.94,2351.72
157,507,84.1232,156.3,218.272,290.2,297.169,601.555,557.254,416.136,354.412,667.261,1614.02
157,508,71.1812,149.082,254.61,252.867,250.627,435.549,437.042,447.744,584.88,310.111,907.684
158,484,90.5942,122.7,229.472,212.548,235.943,597.573,596.329,644.613,736.202,383.781,419.62
158,485,78.6477,138.629,285.72,246.645,247.392,565.965,601.555,560.987,1325.06,999.025,776.771
158,486,80.8877,143.856,226.485,276.76,258.841,502.748,532.365,846.458,1756.63,2223.29,1733.73
158,487,91.8386,131.162,228.477,261.081,211.303,614,692.647,2289.74,3881.12,2864.17,3175.77
158,488,142.86,141.616,300.155,224.743,233.952,714.798,1129.94,3558.56,6741.8,3780.32,3788.78
158,489,173.224,197.366,306.378,241.419,259.836,1629.7,1796.7,5138.73,7224.14,5875.68,4220.59
158,490,203.837,283.231,314.84,268.298,286.716,4044.88,3527.45,8156.71,6141.49,6570.82,5443.62
158,491,200.353,298.911,433.06,308.866,334.253,5057.84,4710.65,9304.32,4943.36,5409.77,5803.01
158,492,187.411,312.6,684.434,390.75,390.252,3609.33,3565.53,6763.45,3362.19,4126.27,4698.7
158,493,215.783,289.453,790.459,607.28,660.292,2006.01,2012.24,4351.26,2946.8,3017.73,3468.46
158,494,213.543,241.419,579.654,641.377,767.064,1567.48,1665.29,3536.16,3554.08,2699.41,2462.47
158,495,201.597,300.155,647.101,462.18,610.764,1571.71,1955.24,2512.25,3552.09,3277.57,2174.76
158,496,193.882,271.783,734.211,395.727,537.343,4452.8,4568.29,6298.29,5641.98,3621.53,2854.46
158,497,187.411,388.261,434.056,418.625,604.542,6820.2,6483.46,7990.46,5572.79,4127.26,3199.17
158,498,148.336,387.016,453.967,432.065,464.669,2869.89,2711.35,2385.56,4173.56,4554.1,2787.76
158,499,174.468,168.993,351.177,623.706,518.677,1699.14,1227.25,1942.05,3913.47,5309.47,3587.18
158,500,129.669,178.451,244.156,505.735,535.103,2383.57,1919.15,1977.64,2555.8,5004.58,5200.21
158,501,89.5987,224.494,285.72,299.409,320.813,759.846,689.661,1016.94,2165.8,4532.7,4290.28
158,502,91.8386,160.531,369.843,382.288,342.715,669.003,557.254,993.301,685.43,4662.61,6237.81
158,503,85.1187,163.766,329.275,369.843,428.58,456.953,462.18,679.208,1201.12,1555.78,5641.23
158,504,80.8877,159.535,344.955,305.631,338.484,589.36,684.683,1060.75,1059.01,1855.69,2498.06
158,505,78.6477,135.394,265.809,353.417,318.822,483.335,569.449,497.77,411.158,1229.24,2886.07
158,506,91.8386,156.3,217.028,320.066,352.919,627.191,579.405,554.765,469.149,498.517,1583.16
158,507,86.3631,153.313,224.494,273.525,281.489,565.965,559.245,412.9,356.404,506.73,952.732
158,508,73.1722,146.842,224.494,268.298,267.054,439.531,419.869,460.935,455.958,295.676,448.242
159,484,64.4613,102.79,172.477,226.983,238.183,503.744,508.223,569.2,586.871,385.772,453.22
159,485,79.6432,106.025,199.357,211.303,214.29,544.561,609.52,884.289,1521.19,705.341,809.375
159,486,83.1276,104.034,215.037,218.521,207.072,564.969,687.67,859.898,2486.86,1915.17,1422.63
159,487,65.7057,110.256,168.246,207.321,199.855,614,619.475,1315.61,3035.15,3683,2825.59
159,488,91.8386,129.171,201.597,224.743,200.85,798.424,866.12,2620.26,4520.75,4409.75,4605.37
159,489,113.492,180.442,221.259,227.979,227.73,832.272,1081.65,3182.25,6177.08,4816.18,5368.95
159,490,104.781,175.215,274.271,223.748,232.957,896.484,1184.94,3025.2,6142.49,5657.66,5235.8
159,491,112.496,180.442,297.169,244.654,274.271,1101.57,1400.73,2706.87,4869.19,5638.24,5239.03
159,492,130.914,188.904,344.955,261.081,281.489,1225.76,1557.03,2580.44,4412.24,4710.65,4958.54
159,493,138.38,284.227,344.955,287.96,343.71,1443.04,1755.64,3074.23,4716.87,4541.91,4302.48
159,494,135.145,401.701,331.266,390.75,361.381,2016.22,2277.05,3753.44,4594.92,4953.31,4207.4
159,495,147.091,332.511,335.497,522.161,351.924,3211.61,3123.26,4865.21,3821.13,5059.84,4519.51
159,496,178.7,287.462,308.618,593.591,381.043,4409,3756.17,5439.63,3232.27,4003.32,4240.01
159,497,179.695,324.297,473.628,524.401,410.909,2854.71,2351.22,2683.48,3129.73,3193.69,3114.3
159,498,152.567,232.957,599.315,565.716,516.437,1160.55,882.298,1345.22,3299.22,4047.37,3016.99
159,499,123.198,204.584,293.933,548.045,617.982,1771.56,1428.6,2192.93,2568,4276.84,4376.15
159,500,89.5987,243.41,290.947,313.844,381.043,1283,1038.6,1080.16,2262.37,3690.22,3910.48
159,501,91.8386,184.673,356.404,369.843,330.271,609.769,454.962,741.429,1065.23,4465,4743.75
159,502,81.8832,136.389,288.707,398.963,425.345,715.794,495.281,638.39,703.598,2398.26,6120.09
159,503,89.5987,153.313,286.716,278.751,319.817,560.987,714.798,1066.72,1369.86,1082.9,3128.74
159,504,66.7012,116.478,304.387,283.978,257.845,598.569,860.147,914.902,710.816,1552.79,2245.44
159,505,76.4077,143.856,225.49,303.64,299.16,575.174,594.338,548.792,440.527,668.506,2027.42
159,506,71.1812,158.54,245.152,294.182,322.057,766.815,788.966,596.578,469.149,424.847,950.741
159,507,87.3587,141.616,233.703,277.756,283.729,498.766,533.361,398.714,344.208,434.056,561.734
160,485,80.8877,125.936,151.571,197.864,192.637,473.131,485.077,750.638,878.316,702.105,852.432
160,486,81.8832,135.394,188.157,220.761,200.85,568.951,653.572,1159.56,1879.58,1090.12,1467.68
160,487,72.1767,104.034,177.704,223.748,236.939,573.183,682.692,1309.63,3101.11,2388.05,2069.48
160,488,76.4077,99.8029,204.584,213.543,217.277,641.377,708.825,1748.17,4030.45,4178.53,3339.54
160,489,67.6968,135.394,206.824,223.748,227.73,874.085,956.466,2597.86,4795.02,5158.14,4839.82
160,490,96.0697,145.847,214.041,240.423,224.743,1253.39,1444.78,3463.73,5323.16,5186.77,5413
160,491,112.496,129.171,215.037,233.205,219.517,1702.13,1875.85,3778.08,5015.28,4963.52,5084.47
160,492,112.496,175.215,261.827,255.854,248.387,2039.86,2065.5,3633.23,4338.07,4559.33,4874.66
160,493,126.434,244.405,473.628,316.084,297.169,1965.45,1769.57,3292.5,3352.98,4245.98,4635.24
160,494,130.914,292.689,664.772,532.614,474.126,1565.49,1314.36,2740.72,2386.31,3805.95,4581.98
160,495,133.154,233.952,565.965,674.479,682.194,1302.42,1131.93,2216.32,2177,3109.82,4135.72
160,496,138.38,188.904,452.971,613.502,718.283,1055.52,963.434,1570.71,2570.98,2800.7,3462.24
160,497,114.487,177.455,441.522,455.958,596.329,831.276,820.077,1384.05,2798.46,3348.25,3360.95
160,498,116.727,199.357,310.609,350.181,496.775,1247.41,1071.7,1987.85,2413.69,3607.34,3915.71
160,499,119.963,243.41,297.169,299.409,357.15,1194.15,1027.65,1436.07,2264.36,3213.11,3834.82
160,500,119.963,188.904,394.732,321.311,284.725,576.169,542.321,652.826,1644.88,3735.27,3859.46
160,501,93.8297,140.62,322.057,358.395,362.377,659.795,483.086,536.348,665.021,3080.2,5171.34
160,502,74.4167,137.385,220.263,301.649,312.6,709.82,661.537,844.467,1203.36,1107.54,3808.19
160,503,69.9367,152.069,240.921,245.65,249.383,663.777,940.288,1108.53,1213.32,1239.7,1944.54
160,504,58.9858,120.709,231.712,279.747,256.849,590.356,745.909,741.429,410.163,1074.69,1910.69
160,505,71.1812,151.073,235.694,272.529,290.947,732.22,718.78,695.634,665.021,415.638,1132.93
160,506,77.6522,141.616,234.699,249.632,272.28,747.651,779.011,689.412,490.304,548.543,661.039
160,509,65.7057,160.531,303.391,272.529,259.836,474.126,445.007,437.54,337.986,318.324,520.917
161,485,68.9412,108.265,174.468,208.317,206.077,477.362,462.18,441.522,705.589,763.58,536.348
161,486,60.2302,104.034,193.135,215.535,209.064,496.526,495.281,660.79,961.443,1152.59,1256.62
161,487,65.7057,121.705,180.691,195.873,202.841,473.131,473.131,1064.73,1804.42,1613.27,2216.82
161,488,67.6968,105.03,186.913,202.095,216.281,475.122,531.37,1556.53,2973.18,2430.11,2737.74
161,489,78.6477,109.261,205.579,228.974,241.17,520.17,631.422,1919.65,3860.71,3577.48,3297.48
161,490,78.6477,122.7,179.695,221.757,225.739,651.581,720.771,2066.49,3900.28,4387.35,3911.48
161,491,75.4122,140.62,218.272,209.312,200.85,812.859,791.953,1990.83,3312.41,4556.09,4432.4
161,492,93.8297,155.304,257.596,252.867,220.512,795.437,754.869,1396.25,2588.41,4093.41,4584.96
161,493,87.3587,182.682,383.283,262.076,251.623,713.803,698.621,991.31,2195.42,3308.43,4422.19
161,494,98.3096,214.041,423.851,333.755,367.603,867.863,887.276,1287.23,2436.09,2729.03,3809.19
161,495,86.3631,227.73,329.275,361.63,465.913,1247.41,1400.73,1948.02,2939.83,2834.3,3431.63
161,496,88.3542,218.272,280.494,353.417,402.696,1549.31,1672.51,2035.88,2567,3163.08,3486.88
161,497,85.1187,219.268,240.921,312.849,318.822,1419.64,1366.63,1674.75,1991.33,2981.89,3635.22
161,498,118.967,222.503,293.933,302.644,262.823,1027.9,891.258,1385.05,2092.88,2366.65,3386.58
161,499,129.669,168.993,344.955,333.755,270.289,581.396,629.431,960.697,2034.88,2646.15,3129.73
161,500,103.785,188.904,251.374,336.742,340.475,469.149,481.095,583.387,1107.79,2750.43,3547.11
161,501,67.6968,173.224,231.712,299.409,308.369,608.773,495.281,617.982,865.125,1563.99,3372.14
161,502,88.3542,138.629,245.152,287.96,260.832,676.221,779.011,1013.71,1327.06,972.394,2087.9
161,503,57.9902,130.167,232.708,316.084,267.054,628.186,757.855,772.042,689.412,1223.27,1514.72
161,504,65.7057,124.94,226.485,268.298,266.058,572.187,559.245,599.564,565.467,713.305,1192.16
161,505,61.2257,121.705,219.268,261.081,259.836,836.254,781.997,902.706,733.962,506.73,727.74
161,508,62.4702,143.856,259.587,260.085,282.485,608.773,526.143,472.135,289.205,503.495,680.452
161,509,65.7057,132.158,268.049,267.303,264.067,436.545,437.042,447.744,380.794,286.467,489.059
162,486,56.9947,93.5808,162.024,207.321,200.85,543.565,556.258,456.953,1215.31,955.968,722.514
162,487,76.4077,110.256,173.473,201.099,187.411,443.513,446.002,553.769,1510.98,1691.92,1566.73
162,488,68.9412,98.8074,175.464,218.521,189.402,401.701,440.029,962.688,1954.74,2309.41,2656.85
162,489,75.4122,113.492,170.486,215.535,214.29,456.953,500.259,1398.24,2480.64,2855.96,3466.47
162,490,57.9902,131.162,192.139,205.081,225.739,442.518,504.241,1367.62,2691.94,3351.24,3881.86
162,491,55.7503,167.997,250.378,214.539,218.521,455.709,510.215,1124.96,2553.81,3571.5,4043.64
162,492,63.4657,192.139,253.365,285.969,262.823,583.387,574.427,1044.32,2238.97,3388.32,3791.77
162,493,100.55,190.895,288.707,328.528,279.498,916.893,861.143,1380.07,2270.58,2661.33,3277.07
162,494,87.3587,223.499,338.733,337.737,275.267,1414.66,1247.16,2031.65,2652.37,2428.12,2850.23
162,495,77.6522,257.098,385.274,399.958,312.6,1788.99,1577.19,2196.91,2394.52,2678.75,3027.19
162,496,78.6477,222.503,351.177,485.824,355.159,1615.51,1437.81,1445.28,1637.91,2534.4,3267.86
162,497,89.5987,159.535,313.595,501.504,389.256,889.267,816.094,819.081,1672.51,1816.86,2917.68
162,498,107.021,153.313,297.169,398.963,381.043,537.343,542.321,992.305,2054.3,1761.61,2327.33
162,499,100.55,188.904,249.383,294.182,334.253,621.964,707.829,986.332,1529.15,2081.92,2254.65
162,500,78.6477,224.494,304.387,272.529,289.951,495.53,530.374,558.996,912.911,1777.04,2584.17
162,501,90.5942,128.176,294.929,334.751,280.494,485.326,480.099,669.003,975.879,1184.2,2306.92
162,502,80.8877,120.709,247.143,394.732,338.484,564.969,643.617,857.658,844.716,999.025,1663.05
162,503,75.4122,116.478,209.81,315.089,322.057,452.722,503.246,476.366,506.73,858.903,1059.26
162,504,69.9367,135.394,218.272,263.072,233.952,610.764,527.139,708.825,663.03,658.052,794.193
162,505,65.7057,125.936,215.037,243.41,246.396,753.624,687.67,842.476,522.908,656.061,655.066
162,508,52.5148,123.945,218.272,247.641,260.832,554.765,487.068,444.758,291.445,337.737,651.83
163,486,76.4077,91.3409,159.038,208.317,205.081,487.566,507.228,684.434,1013.46,592.596,646.853
163,487,53.7592,107.021,203.588,220.761,190.397,504.739,570.445,712.807,1573.95,1043.08,1027.4
163,488,76.4077,105.03,176.708,205.081,220.512,480.348,507.228,742.424,1920.15,1788.24,1593.36
163,489,63.4657,117.474,171.482,229.97,241.17,424.1,457.949,816.841,1846.98,2455.75,2424.39
163,490,69.9367,108.265,202.593,220.761,232.957,401.701,445.007,853.676,1587.14,2733.01,3226.8
163,491,69.9367,116.478,235.694,226.983,214.29,427.336,420.865,827.045,1298.68,2605.08,3422.42
163,492,71.1812,129.171,284.725,243.41,244.405,575.174,465.166,830.281,1230.74,2231.5,3080.45
163,493,76.4077,159.535,312.6,305.631,301.151,759.846,575.422,960.697,1544.33,1927.37,2523.7
163,494,79.6432,169.989,337.488,325.293,325.044,811.863,605.538,1051.54,1884.56,2113.78,2458.24
163,495,86.3631,148.087,399.958,336.742,345.701,736.202,603.546,901.711,1577.93,2362.42,2709.11
163,496,74.4167,126.931,349.933,342.964,398.465,591.6,520.17,621.217,1371.85,1927.37,2494.08
163,497,71.1812,142.86,247.143,337.737,412.9,484.331,455.958,725.251,1823.58,1478.13,1826.82
163,498,85.1187,190.895,228.477,261.081,315.835,591.6,579.405,1012.71,1906.96,1843.49,1597.59
163,499,79.6432,216.281,300.155,272.529,246.396,646.604,698.621,813.854,1274.29,2258.13,2170.78
163,500,87.3587,157.544,352.172,348.19,285.72,452.722,459.94,502.748,795.935,1824.08,2650.63
163,501,77.6522,148.087,292.938,356.404,337.488,452.722,407.923,614,638.639,1183.2,2109.3
163,502,62.4702,148.087,227.481,291.196,341.719,464.917,470.144,514.943,485.326,783.988,1177.97
163,503,67.6968,119.714,228.477,257.098,272.28,413.896,434.056,476.366,500.508,657.057,772.54
163,504,73.1722,129.171,205.579,294.182,259.836,559.743,509.219,674.23,439.531,651.084,739.936
163,505,64.4613,118.718,221.259,268.298,239.179,545.556,517.183,539.583,346.199,510.712,631.422
163,507,66.7012,119.714,227.481,260.085,256.849,614,491.05,406.927,256.849,420.616,542.321
163,508,63.4657,126.931,233.703,266.307,245.401,471.14,441.024,394.732,287.213,283.48,468.651
164,486,66.7012,102.79,180.691,194.877,214.29,391.496,400.954,503.744,592.844,752.38,705.092
164,487,71.1812,109.261,168.246,213.543,196.619,449.735,453.967,627.191,835.756,799.419,1005.99
164,488,63.4657,95.5719,194.379,206.326,215.286,444.509,469.149,641.377,1077.42,954.972,1130.93
164,489,62.4702,105.03,185.917,211.303,219.517,403.692,415.887,559.992,1175.73,1187.43,1286.49
164,490,65.7057,104.034,189.153,249.632,239.179,408.918,413.896,505.735,989.07,1371.61,1569.97
164,491,69.9367,132.158,208.815,236.192,227.73,424.1,421.86,499.761,771.544,1331.78,1734.73
164,492,69.9367,140.62,247.143,209.312,217.277,425.345,404.936,490.553,801.161,1224.27,1684.45
164,493,65.7057,189.899,251.374,269.294,267.054,456.953,405.932,527.139,1078.42,1263.09,1579.18
164,494,63.4657,178.451,226.485,307.622,271.285,529.379,444.011,718.034,1246.91,1536.37,1673.25
164,495,76.4077,161.526,232.708,320.066,230.965,654.817,557.254,809.872,1117,1557.03,1766.34
164,496,85.1187,134.398,224.494,263.072,223.499,717.038,593.342,800.664,1294.7,1299.93,1505.51
164,497,83.1276,128.176,219.268,266.307,241.17,651.581,576.418,889.267,1715.07,1487.34,1295.7
164,498,64.4613,170.984,305.382,280.742,248.387,535.352,541.325,888.271,1588.14,2139.42,1629.2
164,499,69.9367,173.224,338.733,293.187,245.401,468.153,462.18,601.804,923.862,2307.17,2259.63
164,500,71.1812,142.86,272.28,326.288,332.262,412.9,399.958,420.118,550.285,1537.36,2171.77
164,501,57.9902,170.984,221.259,290.2,312.6,421.114,410.909,462.926,510.712,831.028,1350.95
164,502,84.1232,142.86,272.28,291.196,279.498,453.718,438.038,436.545,442.518,725.749,861.64
164,503,66.7012,124.94,221.259,318.075,243.161,455.709,432.065,490.553,367.603,688.914,853.427
164,504,57.9902,123.945,224.494,302.644,302.147,470.144,440.029,430.322,324.795,469.895,737.944
164,505,65.7057,129.171,206.824,267.303,267.054,424.1,386.768,373.328,355.408,382.785,470.642
164,507,67.6968,142.86,211.801,255.854,253.614,463.922,418.874,371.088,317.826,340.724,491.299
165,487,67.6968,114.487,181.686,221.757,224.743,434.305,375.817,375.319,595.084,813.854,671.243
165,488,73.1722,105.03,166.255,221.757,194.628,448.74,379.799,378.305,662.035,875.08,915.897
165,489,61.2257,110.256,198.361,227.979,201.846,354.91,389.754,421.114,754.371,885.284,1116.5
165,490,49.2793,123.945,189.153,225.988,228.725,390.501,362.875,461.931,689.412,908.929,1254.63
165,491,75.4122,116.478,162.024,217.526,227.73,421.114,420.865,501.752,597.075,815.846,1286.49
165,492,63.4657,125.936,255.605,216.53,212.299,434.305,426.091,481.344,612.257,797.428,1270.06
165,493,49.2793,156.3,295.924,265.312,256.849,477.362,401.95,494.535,691.403,911.915,1332.53
165,494,57.9902,140.62,315.835,317.08,287.711,544.561,462.18,608.773,827.543,1049.3,1471.66
165,495,69.9367,128.176,271.036,334.751,307.373,706.834,563.227,744.415,787.97,1057.26,1551.55
165,496,81.8832,111.252,237.934,301.649,265.063,686.425,652.577,740.433,879.311,1037.85,1386.79
165,497,77.6522,130.167,248.387,253.863,256.849,533.361,539.334,684.434,1043.82,1180.21,1186.19
165,498,71.1812,122.7,261.827,245.65,269.045,434.305,437.042,653.821,868.111,1376.83,1298.68
165,499,60.2302,153.313,262.823,272.529,286.716,452.722,466.162,473.131,556.258,1224.27,1404.21
165,500,76.4077,148.087,274.271,274.52,284.725,447.744,465.166,426.34,581.645,837.25,1157.56
165,501,78.6477,140.62,291.942,302.644,252.618,479.353,446.998,462.926,579.654,810.619,974.385
165,502,79.6432,126.931,248.387,344.955,296.173,445.753,426.091,454.962,407.176,808.628,1063.24
165,503,68.9412,133.402,218.272,316.084,307.373,454.713,437.042,394.732,317.826,518.926,897.48
165,504,65.7057,134.398,247.143,249.632,265.063,402.696,423.851,423.105,422.358,341.968,504.49
165,506,69.9367,124.94,221.259,272.529,247.392,404.936,378.803,389.505,308.618,409.416,479.851
166,488,76.4077,114.487,173.473,216.53,210.059,442.518,412.9,410.909,661.039,653.075,554.765
166,489,63.4657,102.79,220.263,209.312,187.411,432.314,392.99,448.74,788.966,894.493,744.913
166,490,57.9902,120.709,177.704,219.766,215.286,403.692,380.794,534.356,702.603,1000.02,935.31
166,491,68.9412,99.8029,183.926,213.543,211.303,404.936,402.945,503.744,567.458,859.898,940.537
166,492,58.9858,106.025,194.379,210.308,209.064,390.501,365.861,429.327,537.094,699.118,836.005
166,493,47.0393,104.034,234.699,215.535,230.965,394.732,361.879,437.54,667.012,709.323,838.245
166,494,57.9902,117.474,244.156,238.432,268.049,395.727,388.759,489.557,755.366,838.245,993.798
166,495,63.4657,124.94,213.046,257.098,280.494,490.553,501.255,571.191,602.053,887.524,1081.65
166,496,62.4702,166.753,210.806,249.632,255.605,458.944,517.183,540.579,556.258,693.892,928.093
166,497,66.7012,139.625,185.917,244.654,215.286,432.314,458.944,488.562,632.417,652.079,785.979
166,498,75.4122,113.492,207.819,260.085,219.517,416.136,428.082,514.943,697.625,730.727,856.663
166,499,47.0393,130.167,225.49,242.414,220.512,522.161,556.258,523.157,714.798,843.472,1050.05
166,500,50.5237,129.171,303.391,257.098,239.179,523.157,526.143,494.535,695.385,848.449,1154.33
166,501,66.7012,116.478,257.596,299.409,265.063,448.74,463.175,458.944,489.308,842.476,1150.35
166,502,71.1812,121.705,202.593,270.538,288.707,455.709,403.941,401.701,313.595,585.378,937.301
166,503,65.7057,129.171,209.81,270.538,270.289,485.326,457.949,439.531,427.336,345.95,562.729
167,488,60.2302,106.025,178.7,210.308,195.624,426.34,405.932,385.523,347.195,420.616,507.477
167,489,66.7012,117.474,172.477,187.659,203.837,412.9,384.776,432.314,383.781,468.9,564.969
167,490,67.6968,98.8074,192.139,189.65,210.059,410.909,392.99,467.157,346.199,471.886,520.917
167,494,72.1767,122.7,208.815,217.526,218.521,436.545,434.056,546.552,583.885,524.152,429.825
167,495,76.4077,125.936,218.272,232.21,211.303,458.944,442.02,512.952,498.517,554.765,567.956
167,496,52.5148,142.86,244.156,235.196,230.965,434.305,419.869,423.105,565.467,566.96,622.213
167,497,58.9858,137.385,255.605,291.196,245.401,421.114,391.994,455.958,773.784,661.288,713.305
167,498,68.9412,126.931,216.032,308.866,261.827,444.509,419.869,619.973,929.088,828.041,918.884
167,499,62.4702,128.176,204.584,267.303,257.845,500.757,513.201,682.194,802.157,906.937,1063.24
167,500,56.9947,117.474,202.593,242.414,222.503,473.131,479.104,506.979,529.876,814.85,973.141
167,501,57.9902,122.7,196.37,234.201,257.845,422.109,431.069,422.109,352.172,552.774,747.153
167,502,58.9858,111.252,236.939,247.641,246.396,485.326,440.029,436.545,388.759,358.146,514.694
168,489,68.9412,104.034,149.58,236.192,207.072,395.727,364.866,381.292,258.841,403.194,558.747
168,490,51.5192,101.794,188.157,201.099,192.637,380.297,377.808,405.932,276.014,321.311,511.708
168,494,69.9367,111.252,192.139,220.761,233.952,430.322,416.883,484.331,495.53,527.139,540.33
168,495,69.9367,106.025,198.361,226.983,228.725,398.714,402.945,435.549,467.904,550.783,537.343
168,496,68.9412,107.021,216.032,227.979,238.183,390.501,388.759,431.318,540.081,566.96,523.903
168,497,64.4613,122.7,247.143,250.876,254.61,417.132,386.768,510.961,665.021,606.035,576.169
168,498,66.7012,110.256,207.819,263.072,289.951,453.718,420.865,560.987,632.417,638.639,565.965
168,499,64.4613,124.94,198.361,272.529,244.405,433.309,453.967,521.166,449.735,609.022,557.752
