145,608,104.781,174.22,294.929,307.622,323.053,314.093,317.577,246.645,262.823,288.707,381.79
146,610,101.545,169.989,310.609,312.849,312.6,308.866,292.689,274.271,342.217,287.711,379.55
146,622,84.1232,141.616,263.818,292.191,298.164,306.875,290.698,247.89,225.241,258.841,402.198
147,609,95.0741,185.668,310.609,310.858,331.266,300.902,292.689,296.671,286.218,374.572,448.242
147,610,98.3096,197.366,276.263,341.968,322.057,305.88,292.689,298.662,255.854,357.15,494.286
147,611,100.55,189.899,307.373,356.404,333.257,306.875,309.613,285.471,253.863,309.115,381.79
147,619,101.545,156.3,274.271,290.2,307.373,263.072,273.525,227.481,287.213,371.586,421.611
147,620,128.674,169.989,265.809,277.756,308.369,274.271,278.502,258.094,254.858,414.643,527.139
147,621,127.678,153.313,277.258,294.182,312.6,279.498,262.574,243.659,258.841,351.177,606.782
147,622,98.3096,160.531,261.827,290.2,314.591,335.497,263.569,241.667,244.654,306.129,561.734
147,623,102.541,160.531,308.618,272.529,301.151,313.098,286.467,256.849,237.436,307.124,418.625
148,608,119.963,156.3,310.609,305.631,310.609,312.102,324.795,303.889,306.627,357.15,403.194
148,609,123.198,183.677,292.938,307.622,317.826,308.866,310.609,340.724,356.404,509.717,468.651
148,618,111.252,170.984,298.164,351.177,364.368,265.063,254.61,266.058,311.604,455.46,427.834
148,619,104.781,164.762,270.04,315.089,361.381,260.085,265.56,240.672,343.213,476.864,554.765
148,620,125.438,157.544,273.276,324.297,374.821,251.872,260.583,233.454,297.418,553.769,743.918
148,621,138.38,169.989,276.263,331.515,359.141,276.263,261.578,253.863,278.254,519.921,866.867
148,622,125.438,181.437,277.258,342.964,360.137,287.462,281.489,252.867,284.227,354.164,917.888
148,623,110.256,193.135,299.16,315.089,309.613,293.684,279.498,264.067,274.023,294.68,674.479
148,624,108.016,169.989,274.271,277.756,284.725,285.471,276.511,269.294,255.854,283.48,425.594
149,608,93.8297,179.446,301.151,332.511,340.475,324.297,298.662,278.502,518.926,474.873,371.337
149,612,117.723,160.531,293.933,329.524,331.266,291.693,367.852,356.901,261.827,390.003,563.974
149,613,124.443,186.913,314.84,316.084,330.271,346.697,421.86,388.51,264.814,373.577,667.261
149,614,166.753,216.281,305.382,374.074,406.927,349.684,369.843,349.684,290.2,313.098,631.422
149,615,164.513,236.192,316.831,562.729,521.663,300.902,291.693,298.662,314.591,289.702,505.486
149,616,154.807,208.815,316.831,635.155,586.871,299.658,275.516,284.476,336.99,311.106,440.029
149,617,117.723,185.668,295.924,537.841,525.894,279.498,295.676,254.858,423.354,405.434,420.616
149,618,121.207,156.3,302.395,415.389,446.251,280.494,288.707,258.094,487.317,544.561,522.908
149,619,128.674,162.771,286.716,338.733,395.479,250.876,242.414,249.881,451.727,730.727,726.496
149,620,175.464,164.762,274.271,346.199,387.265,274.271,238.432,240.672,368.599,848.449,947.755
149,621,189.65,148.087,263.818,476.615,490.553,291.693,258.592,265.063,288.209,786.228,1078.67
149,622,159.038,138.629,270.04,419.62,430.571,317.08,314.591,295.676,251.623,577.165,1186.19
149,623,118.967,172.229,262.823,359.639,327.035,305.88,346.697,294.68,263.818,360.386,1051.04
149,624,111.252,217.277,275.267,271.534,276.511,262.076,285.471,291.693,250.627,244.654,649.839
149,625,99.3052,135.394,264.814,309.862,320.813,284.476,288.707,261.081,296.422,245.65,338.733
150,609,101.545,165.758,289.702,295.427,314.591,324.297,359.888,434.553,374.572,370.59,436.047
150,610,115.732,178.451,301.151,312.849,343.71,300.902,350.679,433.309,292.44,385.772,533.112
150,611,115.732,204.584,292.938,407.176,418.127,336.493,348.688,421.114,325.791,471.886,502.499
150,612,139.625,200.353,281.489,451.727,463.673,307.871,386.768,402.696,307.622,586.373,523.903
150,613,153.811,202.593,340.724,417.629,453.469,335.497,374.821,403.941,245.65,541.574,550.534
150,614,147.091,277.009,516.188,466.162,472.135,355.906,326.786,367.106,240.672,464.669,574.178
150,615,184.175,280.245,589.858,490.055,446.251,348.688,295.676,323.302,316.831,374.572,650.835
150,616,143.856,198.361,470.642,510.712,490.553,328.28,294.68,312.102,424.349,354.164,682.692
150,617,125.438,183.677,357.399,554.267,487.566,306.875,286.467,304.884,560.489,485.077,688.665
150,618,166.753,206.824,329.275,425.842,417.132,279.498,271.534,262.076,651.83,750.389,856.663
150,619,254.858,178.451,299.16,400.954,469.895,273.276,282.485,249.881,714.798,908.929,1177.97
150,620,243.907,173.224,385.274,394.732,434.802,271.285,241.419,245.65,572.685,1043.08,1433.83
150,621,203.837,187.908,380.048,445.504,454.464,286.467,272.529,249.881,372.581,1025.66,1368.37
150,622,158.042,179.446,321.062,528.383,484.331,289.702,280.494,299.907,257.845,847.454,1296.69
150,623,139.625,165.758,264.814,326.288,320.813,341.719,333.755,351.924,231.463,538.339,1198.38
150,624,115.732,161.526,285.72,271.534,294.929,285.471,312.6,317.08,226.237,323.302,869.854
150,625,115.732,134.398,275.267,301.649,289.951,257.845,280.494,273.276,219.268,219.019,497.273
150,626,99.3052,131.162,250.378,381.292,368.599,277.258,274.52,267.054,283.231,222.006,337.737
151,608,109.012,160.531,280.494,392.741,336.493,313.098,380.794,499.761,369.594,369.594,515.69
151,609,115.732,167.997,264.814,329.524,332.262,338.484,375.817,495.53,336.99,495.281,636.648
151,610,113.492,177.455,334.502,357.399,398.465,337.488,342.715,373.328,463.922,484.082,513.699
151,611,113.492,193.135,361.381,496.277,526.89,370.092,321.56,314.093,590.853,508.721,437.042
151,612,208.068,213.046,339.728,581.147,578.658,481.344,385.772,376.314,557.503,549.538,566.96
151,613,190.646,220.263,366.608,758.353,772.291,592.596,432.065,365.115,472.135,576.169,705.092
151,614,238.432,295.924,488.064,844.467,731.722,544.561,395.976,317.08,425.345,630.426,759.349
151,615,335.248,300.155,530.872,560.489,502.997,435.549,384.776,326.288,429.327,734.958,838.245
151,616,183.179,303.142,517.183,466.162,437.789,358.892,357.897,366.11,546.303,733.962,1005.99
151,617,276.511,250.876,415.389,525.397,496.775,301.898,334.751,444.758,813.357,858.903,1067.47
151,618,284.227,229.721,383.283,534.605,501.006,277.258,327.782,412.9,920.875,1236.46,1238.2
151,619,409.167,254.858,416.634,391.745,368.599,281.489,293.684,316.084,847.703,1468.92,1792.97
151,620,251.623,245.401,464.171,418.625,383.034,297.667,274.52,270.289,740.184,1330.79,2219.81
151,621,259.089,288.458,604.542,391.745,373.577,283.48,257.596,272.28,566.463,1119.73,2030.41
151,622,158.042,212.05,357.399,349.186,351.924,299.658,289.702,267.054,323.8,970.403,1605.81
151,623,112.496,156.3,274.271,313.844,328.031,298.662,276.511,287.462,222.254,675.474,1274.04
151,624,164.513,182.682,299.16,320.066,330.271,325.293,328.777,316.084,209.064,405.434,893.498
151,625,134.149,172.229,304.387,372.083,339.479,264.067,297.667,332.511,202.095,285.471,592.596
151,626,93.8297,154.309,269.045,333.755,303.391,278.254,320.564,341.719,243.659,229.223,477.859
151,627,96.0697,143.856,277.258,418.625,417.132,271.285,295.676,284.476,315.586,233.454,428.829
152,607,89.5987,180.442,333.506,455.958,409.914,341.719,372.83,420.118,313.595,363.372,623.208
152,608,104.781,205.579,330.271,347.195,326.04,347.693,374.821,382.536,420.367,474.873,754.122
152,609,116.727,182.682,298.164,340.973,410.909,333.506,362.875,342.715,486.322,448.242,601.804
152,610,104.781,177.455,380.048,436.296,431.567,325.293,349.684,368.101,498.517,360.386,538.339
152,611,139.625,251.872,497.521,388.51,377.808,311.106,376.812,406.927,432.562,405.434,837.25
152,612,155.802,225.49,526.641,470.393,500.01,354.91,446.998,348.688,438.536,622.213,1379.57
152,613,208.068,300.155,646.106,1024.66,1060,356.901,408.918,334.502,478.108,825.054,1674.25
152,614,431.069,652.328,667.759,1467.18,1202.86,405.932,415.887,337.488,553.272,834.263,1496.3
152,615,490.802,588.364,578.658,728.487,498.019,371.088,408.918,347.693,679.208,873.089,1267.07
152,616,884.289,386.021,600.311,392.741,421.363,347.693,383.781,426.34,1072.2,969.408,1288.48
152,617,524.401,329.524,582.64,594.836,502.001,309.862,348.688,459.94,1478.38,1255.87,1359.16
152,618,645.11,502.499,491.299,481.842,401.701,314.093,356.901,440.527,1425.61,1857.93,1415.41
152,619,362.377,395.479,441.522,391.745,351.924,343.71,382.785,450.731,1087.38,2362.42,2006.01
152,620,385.274,279,471.637,342.964,344.706,337.488,344.706,333.506,726.994,2124.98,2811.41
152,621,149.331,245.401,462.18,361.63,335.497,304.884,308.618,293.684,574.676,1372.6,2802.2
152,622,112.496,203.588,339.728,289.205,305.382,302.893,336.742,328.28,425.345,978.616,2061.27
152,623,148.336,247.641,351.177,339.977,343.71,299.658,340.724,298.662,285.222,671.492,1544.33
152,624,186.415,248.636,375.07,327.533,302.147,318.075,292.689,295.676,246.645,441.024,1003.01
152,625,124.443,164.762,325.044,321.311,305.382,315.089,300.653,293.684,248.636,412.403,629.431
152,626,102.541,158.54,316.831,309.862,329.275,299.658,330.768,431.318,243.659,359.141,669.252
152,627,110.256,167.997,253.365,373.079,353.915,360.883,399.958,382.536,288.209,306.129,717.287
152,628,99.3052,158.54,277.258,354.412,372.581,261.081,296.671,299.907,365.363,256.849,520.917
153,606,103.785,185.668,372.83,327.533,319.817,350.679,381.79,352.919,273.027,386.768,574.178
153,607,117.723,179.446,396.723,359.639,328.031,358.892,323.8,312.102,424.349,556.756,757.358
153,608,110.256,197.366,314.84,354.412,355.159,586.373,446.002,484.331,418.376,579.405,815.597
153,609,139.625,179.446,335.497,377.061,476.117,562.978,426.091,592.596,306.627,436.047,894.493
153,610,123.198,192.139,352.172,594.836,652.079,358.892,370.839,590.604,362.377,491.299,1027.4
153,611,140.62,202.593,362.626,756.362,762.833,551.778,662.532,641.377,569.698,1030.63,1523.92
153,612,167.749,217.277,696.878,792.699,620.968,734.211,794.939,557.752,786.975,1471.91,1984.36
153,613,234.201,460.438,1491.32,610.266,572.436,562.978,522.161,518.179,1039.84,1611.28,1990.58
153,614,359.141,671.243,1140.39,764.575,793.944,423.105,406.927,577.165,1142.38,1560.01,1674.25
153,615,605.04,777.268,434.056,776.024,585.876,407.923,417.878,688.416,1235.71,1616.26,1519.69
153,616,1278.03,868.36,623.208,476.615,431.567,483.335,558.249,925.106,1570.96,1727.76,1885.06
153,617,567.956,657.555,567.209,527.388,451.229,429.327,652.577,937.301,2318.12,1677.73,2298.7
153,618,965.923,455.211,423.851,481.842,420.367,316.084,466.162,560.987,2355.7,2100.34,2029.41
153,619,362.377,266.556,367.603,473.628,401.701,302.893,303.64,375.319,1625.72,2762.87,2263.86
153,620,155.802,412.154,532.863,495.281,482.339,360.883,310.609,373.328,1002.26,2727.03,2869.65
153,621,161.278,276.014,341.719,346.199,344.706,367.106,347.693,310.111,545.307,2032.89,3051.83
153,622,161.278,202.593,298.164,292.191,284.725,316.084,332.759,319.071,362.377,1234.47,2535.14
153,623,235.196,228.725,318.822,346.199,360.137,435.549,511.21,344.706,322.804,762.584,2006.01
153,624,155.802,298.911,414.394,427.834,411.905,309.862,324.795,287.462,359.39,484.082,1389.77
153,625,96.0697,169.989,288.707,325.293,312.6,393.736,327.782,345.701,321.809,546.552,809.375
153,626,115.732,212.05,360.386,283.978,318.822,333.506,320.564,297.667,260.832,554.765,763.331
153,627,113.492,152.069,281.489,249.632,285.72,345.701,345.701,457.949,311.604,438.038,879.062
153,628,112.496,160.531,243.161,266.307,267.054,349.684,380.794,344.706,290.2,326.537,737.944
153,629,89.5987,152.069,219.268,267.303,273.276,260.085,262.574,300.902,364.368,261.081,448.242
154,602,107.021,175.215,349.933,324.297,313.595,315.089,327.782,262.076,251.623,317.329,437.042
154,603,104.781,200.353,310.609,335.746,327.035,359.888,317.577,300.902,239.428,316.333,496.277
154,604,131.909,162.771,287.711,316.084,336.493,367.106,306.627,304.884,235.445,316.333,463.673
154,605,121.207,174.22,309.613,341.968,355.159,382.288,391.994,343.71,389.754,328.528,503.495
154,606,110.256,186.913,340.724,365.861,341.719,341.719,329.773,301.898,593.84,554.765,615.991
154,607,154.807,187.908,380.048,331.515,344.706,327.284,314.591,365.115,493.539,732.967,707.083
154,608,126.434,281.24,347.941,360.635,340.475,397.718,350.679,454.962,344.208,671.492,921.124
154,609,155.802,205.579,400.954,358.395,427.585,402.696,384.776,385.523,621.466,833.267,1278.27
154,610,134.149,245.401,577.414,474.624,568.205,772.042,585.378,415.14,994.047,1361.4,1573.95
154,611,219.019,332.511,791.455,688.914,841.481,1495.05,947.506,483.335,1036.61,1626.46,1701.88
154,612,146.096,333.506,719.776,1338.5,1289.72,1256.37,765.82,532.365,1397.24,1479.12,1677.49
154,613,371.088,446.998,834.014,1464.94,894.244,464.917,568.454,864.876,1924.13,1589.63,1928.11
154,614,309.115,558.996,1142.38,531.619,525.894,717.038,1028.64,948.501,1828.81,1780.03,2166.55
154,615,427.585,1016.45,736.451,1047.56,1222.52,816.841,1029.64,730.229,1798.2,1855.69,1752.15
154,616,824.557,726.994,568.205,1358.42,1192.41,490.553,706.834,1148.36,1781.02,2407.47,1711.09
154,617,297.169,649.341,624.204,926.351,712.06,380.297,625.448,1481.86,2279.54,2468.94,2732.51
154,618,357.15,867.365,598.32,688.914,572.436,395.727,629.431,1239.2,2901.01,2270.33,2887.07
154,619,236.441,349.435,455.958,558.498,454.464,356.901,502.25,524.152,2007.51,2885.57,2839.03
154,620,138.38,198.361,333.506,459.94,479.353,293.684,298.662,314.093,1331.29,2703.39,3369.16
154,621,187.411,216.281,301.151,472.384,417.132,344.706,334.751,274.271,836.752,2241.71,3003.79
154,622,250.378,206.824,343.71,318.075,329.275,336.493,327.782,270.289,425.345,1680.72,2573.97
154,623,149.331,266.556,415.389,434.056,407.923,455.709,438.038,416.136,326.786,1144.37,2326.33
154,624,113.492,172.229,273.276,373.079,362.377,538.339,553.272,355.906,449.735,654.07,2027.42
154,625,121.207,173.224,278.502,416.634,396.474,358.892,320.564,362.128,513.699,619.226,1237.21
154,626,115.732,149.082,255.605,260.085,285.72,418.127,391.994,369.097,353.168,818.832,971.15
154,627,100.55,153.313,264.814,291.196,305.382,287.462,286.467,302.893,287.213,551.778,1007.98
154,628,93.8297,141.616,268.049,273.525,281.489,353.915,331.764,391.496,299.409,367.354,744.913
154,629,83.1276,136.389,280.494,264.316,258.841,349.684,323.8,351.924,263.818,330.519,523.903
155,602,110.256,190.895,375.07,292.191,304.387,315.089,300.653,284.476,358.395,417.629,455.46
155,603,109.012,190.895,298.164,325.293,313.595,331.515,297.667,266.058,296.422,437.042,525.894
155,604,104.781,170.984,291.942,325.293,351.924,412.9,400.954,252.867,319.817,402.198,578.16
155,605,115.732,178.451,318.822,347.195,363.372,497.77,439.033,291.693,528.881,517.93,714.3
155,606,115.732,175.215,331.266,358.395,405.683,382.288,339.728,284.476,508.721,616.24,746.158
155,607,110.256,225.49,391.496,563.725,639.635,444.509,401.95,308.866,587.867,631.422,752.131
155,608,147.091,219.268,307.373,614.497,613.751,583.387,573.431,367.106,848.947,976.625,1180.96
155,609,155.802,203.588,332.511,767.811,667.759,655.812,513.201,324.297,885.284,1317.35,1648.62
155,610,232.957,277.009,471.637,680.701,551.778,682.194,554.267,326.288,880.307,1104.55,1452.24
155,611,175.464,317.826,1093.6,658.052,626.195,811.863,627.439,480.348,1179.96,1095.34,1676.24
155,612,315.835,1026.9,2403.24,1019.43,1102.31,804.646,711.812,981.105,2057.28,1744.19,2965.96
155,613,527.637,1639.16,1424.87,1305.4,1196.64,665.021,1006.49,1920.65,2728.53,2594.88,4035.42
155,614,448.242,621.964,687.67,711.812,623.208,778.015,1029.64,2148.13,2760.88,2702.39,4202.18
155,615,992.056,747.9,1428.1,750.14,825.054,1020.93,1039.59,1865.39,3317.39,2180.23,2958.75
155,616,1004,636.648,1029.39,984.341,963.683,1094.35,1248.16,1587.14,3157.11,3114.8,1820.59
155,617,311.355,404.936,677.216,784.237,683.19,966.919,1108.78,1467.68,2300.94,3982.91,3079.46
155,618,943.026,545.556,577.414,759.349,728.736,608.773,726.745,1398.24,2711.35,3063.78,3694.7
155,619,797.428,292.689,477.859,783.242,615.991,398.714,553.272,889.267,2228.77,3301.21,3416.2
155,620,187.411,341.968,503.744,377.061,343.71,375.319,423.851,423.105,1431.84,3086.18,4296.5
155,621,235.196,180.442,303.391,352.172,342.715,320.066,303.64,352.919,1301.67,2123.99,3890.07
155,622,169.989,261.329,487.068,309.862,315.835,419.123,383.781,260.085,692.398,1937.82,2832.81
155,623,154.807,225.49,359.39,533.61,548.543,299.658,285.471,344.706,475.122,1604.06,2357.94
155,624,108.016,179.446,343.71,401.95,410.909,575.174,540.33,491.548,451.727,1158.81,2432.6
155,625,116.727,190.895,264.814,407.176,398.465,469.149,503.246,390.501,514.694,765.571,1961.96
155,626,141.865,181.437,262.823,316.084,320.813,321.311,324.795,419.123,536.099,781.002,1272.05
155,627,123.198,178.451,264.814,298.413,279.498,304.884,305.631,320.315,331.017,670.497,1222.03
155,628,113.492,144.851,274.271,301.649,291.942,273.276,280.494,308.866,320.813,413.398,886.28
155,629,75.4122,146.842,297.169,297.418,277.507,350.679,314.591,341.719,264.814,367.354,459.442
155,630,69.9367,134.398,240.921,280.742,275.267,320.066,303.64,384.528,250.627,312.102,406.181
156,602,105.776,203.588,329.275,311.853,324.048,302.893,297.667,286.467,285.222,389.007,414.394
156,603,87.3587,210.806,308.618,301.649,329.275,371.088,329.773,248.885,269.045,346.946,506.481
156,604,102.541,179.446,326.04,340.973,342.715,394.732,361.879,269.294,292.44,423.851,681.448
156,605,118.967,178.451,355.159,347.195,341.719,386.519,328.777,256.849,279.249,480.099,827.792
156,606,113.492,164.762,353.168,336.742,369.594,446.749,339.728,316.084,509.717,437.042,808.379
156,607,113.492,196.121,488.064,471.388,529.876,624.204,486.073,433.309,953.479,959.203,1017.19
156,608,195.126,208.815,591.102,758.353,1055.77,592.596,467.157,368.101,693.394,1576.44,1834.03
156,609,260.334,380.794,738.442,1466.18,1366.38,590.356,586.373,569.2,757.358,1087.13,1808.4
156,610,355.906,378.803,597.324,1115.75,1195.64,1308.39,1481.86,1086.13,1106.79,1504.76,1781.77
156,611,270.04,455.211,839.241,2074.21,1761.61,1161.55,1325.31,839.49,1767.83,2961.24,3998.59
156,612,748.398,793.944,1550.55,1785.25,1011.22,626.195,592.347,1084.14,3000.56,4008.54,5577.77
156,613,844.218,1322.58,1310.63,735.705,592.098,1407.45,1282.26,2092.88,3190.46,4777.35,5471.24
156,614,608.275,1464.19,687.67,1016.45,1190.42,1739.96,1879.83,1626.71,1946.53,4171.32,4800
156,615,638.639,877.818,810.121,2274.06,2011.24,902.458,1194.15,1185.19,2286.76,2441.31,3444.82
156,616,464.669,524.401,845.463,2191.18,1536.12,635.404,1074.69,2015.47,4112.58,2097.36,2080.68
156,617,412.403,815.099,1080.16,693.145,521.663,751.633,969.408,1600.33,3590.67,4014.77,2465.46
156,618,394.981,1363.39,1183.95,705.589,640.63,860.645,775.028,1191.16,3099.12,4244.99,3736.51
156,619,388.51,381.79,412.403,721.02,492.793,582.391,536.348,932.075,2707.12,4251.21,3817.4
156,620,259.089,398.714,389.505,330.519,306.378,438.536,417.878,526.143,1408.44,4398.55,4994.38
156,621,179.695,331.515,357.399,310.858,342.715,448.74,402.945,448.74,1514.96,2540.62,5343.32
156,622,362.377,481.593,616.986,298.413,298.164,321.311,367.852,377.31,1261.1,2000.04,3749.95
156,623,337.488,264.316,382.288,461.184,483.335,400.705,362.875,266.058,708.576,2041.11,2772.58
156,624,145.1,148.087,306.378,511.957,492.793,342.715,325.791,475.122,713.803,1575.44,2521.7
156,625,177.704,183.677,289.702,323.302,322.057,530.374,584.382,518.179,487.317,1335.77,2210.6
156,626,169.989,169.989,268.049,317.08,317.826,355.906,358.892,360.883,400.954,929.337,1831.79
156,627,161.278,160.531,261.827,300.404,269.045,284.476,310.609,382.536,394.981,587.618,1421.63
156,628,154.807,195.126,289.702,281.738,296.173,296.671,290.698,256.849,353.168,388.012,1018.19
156,629,96.0697,142.86,284.725,275.516,285.72,307.871,280.494,290.698,337.986,335.746,485.077
157,598,111.252,181.437,346.946,320.066,316.831,366.11,318.573,308.866,292.44,340.724,367.354
157,602,102.541,179.446,321.062,346.199,331.266,292.689,295.676,304.884,355.408,347.941,373.577
157,603,95.0741,182.682,316.831,385.523,377.808,289.702,291.693,296.671,395.976,500.508,650.835
157,604,121.207,172.229,306.378,387.514,371.586,346.697,333.755,341.719,422.358,697.127,1069.46
157,605,136.389,186.913,314.84,382.288,336.493,348.688,313.595,310.111,431.567,796.432,1349.95
157,606,125.438,194.13,393.736,301.649,315.835,384.528,380.794,373.328,1029.64,894.493,1491.07
157,607,139.625,287.462,457.949,355.408,351.924,382.288,359.888,365.115,1234.72,1735.97,1793.96
157,608,235.196,290.698,1044.82,629.928,699.616,305.88,308.618,526.143,1164.53,1843.49,2090.88
157,609,180.94,591.6,1274.29,695.136,638.639,539.583,534.356,1120.98,1521.19,1656.08,1619.99
157,610,367.852,531.868,1637.91,792.699,982.35,1527.66,1141.89,1807.4,1841,2873.38,2359.93
157,611,483.086,1599.34,2705.63,2003.77,1939.81,1875.6,2012.24,2564.26,4920.96,3789.53,3817.4
157,612,808.379,2567.5,1577.68,2162.31,1818.6,1168.76,2544.85,2818.13,7502.39,5723.11,4431.4
157,613,703.847,1233.47,652.328,1534.38,1072.45,999.523,1920.15,3238.49,6069.31,7176.6,5374.18
157,614,1046.31,757.358,1866.39,924.111,752.629,1930.6,1674.5,4188.99,5292.54,5484.68,4659.63
157,615,1065.98,1895.26,2927.88,1723.03,1994.57,1967.44,1998.3,3308.68,4492.38,4888.85,2735.75
157,616,658.301,1378.08,1224.51,2540.37,2377.6,1647.12,2439.57,3186.48,4678.29,4563.31,3301.71
157,617,760.344,908.431,746.904,1042.33,846.707,1423.62,2040.36,2870.14,5025.49,4264.4,4020.99
157,618,1660.81,765.571,896.235,1608.05,1636.42,480.348,632.417,1404.46,4512.79,4726.08,4100.88
157,619,438.536,402.945,460.189,1413.17,1031.88,506.73,499.264,792.45,3690.22,5093.68,3889.08
157,620,385.274,277.009,309.613,595.831,548.543,353.915,320.564,561.983,1979.13,5522.51,5093.68
157,621,289.702,326.288,367.603,609.271,534.108,667.012,566.463,560.987,1398.24,3765.88,5911.27
157,622,331.017,393.487,445.504,404.189,436.793,547.547,475.122,490.553,1705.86,2286.76,4535.93
157,623,216.779,206.824,378.057,374.074,365.363,368.101,393.985,431.318,1161.55,2344,3243.22
157,624,229.721,177.455,251.374,404.189,417.132,365.115,391.994,333.506,884.289,1833.29,2839.03
157,625,226.485,167.997,270.04,408.172,434.802,334.502,338.733,457.949,796.93,1474.89,2091.88
157,626,203.837,149.082,234.699,309.862,300.155,387.514,353.666,346.697,406.181,1403.46,1833.04
157,627,133.154,177.455,256.601,275.516,288.707,354.91,351.675,357.897,319.817,770.797,1799.19
157,628,201.597,179.446,265.809,289.205,301.151,318.075,357.897,380.297,397.967,362.377,1140.14
157,629,98.3096,154.309,251.374,266.307,282.485,262.076,287.711,303.889,393.985,358.146,540.33
157,631,99.3052,149.082,227.481,254.858,264.067,278.254,267.552,280.494,260.832,399.212,477.859
158,602,111.252,192.139,366.608,389.505,407.923,387.514,317.577,300.902,374.572,479.104,416.385
158,603,104.781,173.224,354.164,433.06,384.03,318.075,291.693,311.106,492.295,687.919,874.085
158,604,110.256,214.041,375.07,349.186,318.822,399.71,408.918,400.705,630.426,909.924,1169.76
158,605,126.434,230.965,371.834,322.306,318.822,382.288,310.609,280.494,504.49,1187.43,1527.91
158,606,134.149,180.442,330.271,289.205,332.262,801.659,681.696,336.493,1087.38,1210.83,1796.2
158,607,160.282,282.236,429.078,413.398,438.785,715.794,605.538,401.701,1568.72,1742.2,1836.03
158,608,241.667,293.684,712.558,533.61,453.469,528.134,472.135,509.966,1791.23,1812.88,1692.67
158,609,265.809,340.973,561.983,615.493,779.508,869.854,1135.91,733.216,2285.76,1969.43,1454.24
158,610,329.773,519.174,1783.26,1560.26,1288.73,611.76,784.984,2054.3,3975.44,2502.79,1625.22
158,611,353.666,1463.2,2584.92,1457.72,806.388,1404.46,1631.19,6695.26,8454.88,3428.14,2044.84
158,612,655.066,1404.46,1898.5,982.101,749.393,4440.61,5414.75,9977.56,10124.2,6322.93,3720.09
158,613,1683.46,1175.73,1086.38,1221.53,1607.55,5179.05,6687.05,6479.97,4870.18,7510.36,6345.33
158,614,2031.4,1796.45,1603.57,2721.81,2251.42,2179.49,3058.3,2310.15,2973.18,3338.05,5677.07
158,615,1049.55,1196.64,2460.48,1314.86,898.475,1451.25,1885.06,4186,5762.69,2001.29,1579.18
158,616,454.962,1153.83,1267.07,1887.79,2286.51,1789.98,2469.69,4447.08,5240.77,5043.41,1616.01
158,617,718.034,2681.74,2034.64,1927.12,1611.53,1720.54,2178.74,4145.18,5269.15,5119.07,4304.47
158,618,1364.89,1964.45,1993.07,1006.99,1162.29,951.488,1170.01,2281.53,5262.18,4538.67,4543.15
158,619,1510.73,631.422,694.887,680.701,636.648,450.731,580.4,1165.78,4505.57,5015.78,3746.72
158,620,1655.34,464.669,598.32,1873.11,1494.56,510.961,496.277,508.97,2596.37,5363.72,4521.5
158,621,587.618,279,387.514,1577.93,1333.28,454.713,506.232,901.711,1957.73,4132.49,4917.72
158,622,655.066,293.684,344.955,726.247,638.639,899.471,807.135,642.621,1441.79,3039.14,4190.98
158,623,528.881,196.121,333.506,796.681,772.291,348.688,402.945,738.442,1565.74,2216.07,3291.26
158,624,208.068,196.121,308.618,627.937,541.325,502.748,569.449,669.003,1175.73,1979.63,2715.09
158,625,402.696,192.139,302.395,458.944,462.677,321.311,373.825,366.11,986.83,1427.85,2185.96
158,626,187.411,244.405,304.387,388.51,382.039,285.471,254.61,328.28,581.645,1446.27,1447.02
158,627,243.907,165.758,252.37,294.182,252.618,394.732,354.661,355.906,293.436,1093.1,1659.07
158,628,131.909,140.62,235.694,291.196,291.942,416.136,421.86,420.118,358.395,459.442,1328.3
158,629,112.496,124.94,239.925,264.316,287.711,309.862,340.724,366.11,394.981,346.946,664.274
158,631,85.1187,118.718,223.25,255.854,254.61,263.072,250.378,271.285,263.818,374.572,475.868
159,602,124.443,215.037,440.527,484.828,465.913,393.736,314.591,280.494,378.554,406.429,362.128
159,603,98.3096,239.179,440.527,413.398,377.808,309.862,302.644,320.315,781.748,589.609,569.947
159,604,104.781,209.81,337.488,309.862,308.369,334.502,329.773,352.919,773.784,946.759,716.291
159,605,119.963,163.766,305.382,327.533,302.147,391.496,439.033,302.893,728.985,1214.06,1094.1
159,606,154.807,161.526,336.493,317.08,330.271,806.637,665.519,511.957,1492.56,1355.18,1622.23
159,607,157.047,271.783,560.987,397.967,465.913,556.756,404.936,597.573,1760.86,1785.25,1760.36
159,608,199.357,280.245,517.183,495.281,496.775,1168.76,1192.16,1707.35,2410.7,1877.34,1778.78
159,609,215.783,327.284,1339.75,686.923,932.573,2836.3,2769.35,2555.05,2511.25,1922.39,1714.32
159,610,176.46,954.475,2513.49,1466.18,1665.54,2148.87,1905.96,1283,2030.9,1831.3,1431.84
159,611,263.569,1700.13,2050.07,2426.38,2113.53,991.31,1519.94,3057.8,4389.84,2426.88,2512.5
159,612,1704.12,2019.95,1114.51,2592.14,1561.01,4043.89,4136.22,7404.08,6087.73,4737.28,4699.7
159,613,2970.94,1491.32,2843.76,769.802,732.967,7898.12,6432.44,9856.1,4930.17,6459.07,6486.44
159,614,765.82,3027.69,2937.09,1751.9,2102.33,6175.59,5401.55,5301.75,2204.62,4787.55,6860.02
159,615,1792.22,1472.4,1436.32,1934.34,1723.53,3101.61,4031.94,5429.43,5879.41,1226.26,3427.4
159,616,851.685,1390.77,1919.4,2776.56,2743.96,4465.25,4971.48,4733.8,4836.59,3916.46,1018.19
159,617,574.427,865.374,919.133,1782.02,1535.12,1681.72,1624.22,3761.65,4232.54,4562.31,3279.06
159,618,741.927,943.026,769.553,770.797,682.194,1374.84,1743.69,3138.44,4397.05,3817.15,3861.45
159,619,1346.47,2471.93,2396.02,802.903,676.968,561.983,714.798,1905.22,4279.08,4102.62,3347.75
159,620,1044.32,1671.76,1908.95,1888.79,1599.34,789.464,907.186,1123.97,2662.57,4422.19,3941.35
159,621,712.558,557.005,768.557,1378.08,1207.84,423.105,496.277,882.298,2616.78,3030.92,3844.03
159,622,668.008,718.531,769.553,643.368,580.649,817.837,785.979,1131.18,1827.81,3278.56,2427.63
159,623,822.317,315.835,621.217,635.155,753.624,648.595,590.356,749.642,1192.16,2590.89,2781.79
159,624,499.512,386.021,376.065,914.902,886.031,416.136,468.153,961.692,1287.48,1655.09,2352.96
159,625,575.671,326.288,308.618,502.499,494.784,383.532,433.06,533.361,995.043,1378.82,1944.54
159,626,203.837,225.49,291.942,279.747,269.045,266.058,294.68,280.494,645.857,1228.25,1331.54
159,627,271.036,184.673,251.374,254.858,271.285,321.311,285.471,341.719,335.995,1076.93,1253.63
159,628,117.723,153.313,236.939,259.089,268.049,406.927,410.909,433.309,346.199,585.378,1201.37
159,629,149.331,160.531,237.934,298.413,332.262,297.667,316.582,337.488,357.399,415.638,790.957
159,630,115.732,140.62,234.699,294.182,297.169,275.267,269.543,312.102,268.049,449.238,551.529
159,631,92.8342,137.385,230.717,218.521,257.845,257.845,245.401,249.881,252.867,330.519,534.108
160,602,110.256,240.174,421.611,417.629,396.474,361.879,343.71,276.263,653.821,495.281,337.737
160,603,100.55,261.329,393.736,382.288,357.15,322.306,282.485,306.875,953.479,782.993,539.334
160,604,137.385,286.467,361.381,319.071,332.262,344.706,312.6,383.532,884.289,809.623,528.134
160,605,187.411,271.783,316.831,363.621,312.6,446.749,394.981,520.17,1031.63,988.821,669.252
160,606,148.336,193.135,326.04,329.524,324.048,392.492,376.812,782.246,1251.89,1350.2,1238.2
160,607,163.518,257.098,452.971,365.861,460.686,785.233,650.586,926.102,1370.86,1412.67,1493.06
160,608,249.383,361.879,516.188,526.392,597.324,1000.52,825.054,1673.75,1733.24,1661.31,1853.45
160,609,250.378,388.261,1085.39,633.164,561.983,1266.58,1288.23,1827.81,1434.82,1803.67,2467.45
160,610,174.468,712.309,2608.81,583.387,688.416,1546.07,1135.91,1494.31,6135.52,2297.96,1796.2
160,611,433.06,2757.15,4480.43,1302.42,1771.07,3808.44,5293.29,8466.82,15092.9,8069.35,4597.16
160,612,1401.97,4193.96,2282.77,2002.78,2078.44,6136.76,8877.24,9304.32,13344.5,14838.5,9578.35
160,613,1572.71,1126.45,1537.11,937.55,743.171,2677.26,2672.03,3352.73,3635.22,12475.1,9931.51
160,614,738.691,2124.73,2257.89,996.785,1599.34,4517.27,3385.09,4706.17,2287.75,4822.4,5942.13
160,615,698.372,1203.11,2463.47,1736.47,2016.47,3113.8,3286.78,7068.59,7783.63,1770.82,2439.82
160,616,1386.79,1624.47,2042.85,1200.87,1075.43,3601.37,4042.89,5370.19,6146.72,6081.51,2451.02
160,617,1084.39,624.204,848.449,1199.88,1040.34,1068.71,953.479,2140.91,3610.83,6430.45,5806.99
160,618,515.69,782.495,1011.72,1717.81,1468.92,1513.47,1909.94,2995.58,3563.29,4050.61,4871.68
160,619,511.459,1363.39,2296.21,973.888,693.643,950.492,866.12,1349.46,2466.45,3918.45,3662.84
160,620,547.298,1192.41,1755.14,1099.33,1131.43,580.151,881.302,2128.71,2293.97,3150.64,3923.92
160,621,679.954,1082.4,856.912,1180.21,767.064,887.276,1025.66,1179.96,2308.16,2004.27,3517.49
160,622,370.092,809.623,693.892,614.497,478.108,493.539,558.249,1245.42,2343.5,2138.42,1492.07
160,623,556.009,490.802,852.681,417.629,495.779,679.208,587.369,873.089,1195.15,2673.77,1687.69
160,624,317.826,502.499,548.294,554.267,671.741,469.149,438.038,787.473,1012.22,1669.52,2146.14
160,625,311.355,316.831,250.378,392.741,415.14,390.501,353.666,538.587,937.301,1131.18,1682.46
160,626,271.036,145.847,237.934,331.515,308.369,285.471,340.724,317.08,642.621,1073.69,1199.38
160,627,262.325,166.753,228.477,250.876,255.605,257.845,274.52,256.849,417.132,969.408,1069.46
160,628,149.331,280.245,340.724,259.089,265.063,321.311,318.573,385.523,387.763,671.492,928.093
160,629,153.811,186.913,268.049,390.75,387.265,267.054,288.707,280.494,297.418,556.756,767.562
160,630,80.8877,150.078,224.494,413.398,376.812,280.494,295.676,308.866,256.849,451.478,712.309
160,631,91.8386,125.936,229.472,269.294,262.823,270.289,254.61,246.645,239.428,311.106,589.36
161,603,111.252,227.73,344.955,323.302,391.247,291.693,308.618,371.088,386.768,353.168,380.545
161,604,123.198,245.401,334.502,470.393,444.011,297.667,302.644,450.731,548.294,355.159,297.667
161,605,118.967,280.245,342.715,494.286,398.465,374.323,370.839,585.378,615.244,583.387,509.717
161,606,146.096,234.948,321.062,533.61,491.797,489.557,453.967,689.412,483.335,668.506,699.865
161,607,303.64,202.593,362.626,469.397,434.802,1126.95,744.913,561.983,818.334,660.292,683.688
161,608,320.066,268.547,502.748,490.055,628.435,1794.96,1826.82,929.088,1613.52,1869.13,1700.88
161,609,151.571,284.227,509.966,882.796,966.67,4085.7,4895.32,2069.48,3030.18,2613.29,3935.12
161,610,280.991,413.398,899.471,783.242,684.185,2748.69,2700.16,1890.03,7680.1,3383.1,2568.74
161,611,478.855,1404.46,2039.86,558.498,773.286,4526.47,5888.87,14712.3,15241.2,8063.13,3433.62
161,612,672.239,2004.27,1259.86,764.575,1068.22,12115.7,14449.3,15277.3,14933.6,14691.2,6469.27
161,613,899.72,650.337,443.513,563.725,651.084,4616.07,5336.35,4433.89,4311.69,11403.4,6181.56
161,614,835.507,457.451,839.241,638.142,983.345,2065.25,2045.34,2549.83,3052.33,3402.51,2491.09
161,615,665.768,924.111,1150.84,859.898,894.244,2078.44,2328.07,3141.43,5148.44,2803.69,1508.49
161,616,1158.31,1238.7,1310.63,2546.59,2129.21,802.655,1168.02,3160.84,5068.05,5254.21,3080.45
161,617,660.292,1470.41,2185.21,2812.9,2474.91,566.96,655.563,837.25,2736.74,5478.46,5694.49
161,618,416.883,1265.83,1626.46,1867.14,1841.5,1110.53,1008.48,2023.69,4163.35,3253.18,3944.33
161,619,613.751,849.694,882.796,1261.85,1145.87,1324.82,1057.76,915.897,2041.11,4568.54,3013
161,620,513.699,974.385,1478.88,1889.78,2234.74,512.952,644.613,1809.4,1421.63,3232.52,4178.78
161,621,370.092,823.312,900.466,1671.26,1614.77,1428.85,1516.95,2057.28,1930.35,1591.62,3239.24
161,622,434.305,477.362,391.496,740.931,655.315,610.764,738.94,1089.37,1967.93,1405.45,1409.19
161,623,580.898,449.984,492.295,391.745,343.71,425.345,398.963,727.242,1308.89,1978.64,1182.95
161,624,238.432,212.05,310.609,396.723,361.381,350.679,354.661,682.194,1001.26,1694.16,1642.64
161,625,355.906,204.584,317.826,330.519,318.822,336.493,327.782,392.741,749.393,1337.76,1585.15
161,626,253.614,220.263,273.276,396.723,370.59,312.102,369.843,425.345,693.394,976.625,1232.23
161,627,273.276,267.552,274.271,276.76,279.498,299.658,370.839,281.489,527.885,829.036,1081.65
161,628,149.331,354.661,478.855,276.76,262.823,260.085,263.569,303.889,515.69,660.292,809.375
161,629,176.46,294.929,407.176,380.297,329.275,263.072,298.662,229.472,266.058,716.54,763.331
161,630,103.785,190.895,239.925,431.069,408.918,300.902,294.68,319.071,239.428,437.042,766.566
161,631,86.3631,154.309,256.601,318.075,287.711,331.515,328.777,318.075,255.854,277.258,558.747
162,599,97.0652,180.442,381.292,309.862,294.929,375.319,430.074,383.532,268.049,390.003,372.581
162,602,112.496,173.224,319.817,379.301,406.927,415.14,347.693,340.724,259.836,313.098,352.919
162,603,110.256,193.135,421.611,616.489,628.435,307.871,316.582,338.484,618.231,445.256,456.455
162,604,149.331,272.778,522.41,656.808,600.311,351.675,317.577,353.915,916.893,1044.07,912.911
162,605,180.94,272.778,555.761,598.818,488.562,392.492,376.812,343.71,619.226,1324.57,1341.74
162,606,220.014,288.458,467.406,773.037,694.638,504.739,440.029,368.101,641.626,635.653,832.023
162,607,317.826,366.11,418.625,778.015,626.195,654.817,554.267,595.582,1405.21,719.527,371.337
162,608,209.064,288.458,584.88,453.718,444.011,1928.61,2062.51,2894.78,2793.49,2450.52,1309.88
162,609,245.152,276.014,691.652,461.184,609.769,6792.57,6558.87,5642.48,3618.04,3766.88,4125.52
162,610,340.724,494.037,471.637,677.714,732.967,6658.92,5515.79,2790.5,1820.59,2781.29,3469.46
162,611,384.279,630.426,453.967,625.697,687.421,5398.32,6135.52,14836.8,13316.8,1415.66,1101.07
162,614,402.696,244.405,506.979,481.842,590.107,2330.56,4262.41,10038.8,10820.8,2307.17,1680.47
162,615,247.143,896.733,2104.08,1234.97,1727.51,4577.25,6229.84,8316,8772.7,7390.64,2644.65
162,616,506.979,1589.88,3025.45,2686.47,2724.3,1510.48,1711.58,4176.79,6153.69,7099.95,4115.32
162,617,299.409,883.045,1430.09,1416.41,1300.18,1569.47,2185.71,3122.02,3842.54,5442.62,4575.75
162,618,449.487,692.398,1287.98,1192.66,1218.29,849.445,1212.07,2521.46,5060.08,2782.29,2765.36
162,619,231.961,613.502,1191.16,1061,978.119,1280.02,1440.8,2008.25,4217.11,4341.3,1619
162,620,262.325,528.632,1543.34,1041.34,1260.85,656.808,790.957,1687.94,1878.59,4569.53,3539.15
162,621,533.112,389.256,773.784,638.142,756.611,1476.88,1636.17,2445.79,2106.07,2138.42,2840.03
162,622,583.138,433.309,459.193,661.039,606.533,731.225,733.713,1414.66,2122.24,1892.77,1487.09
162,623,473.38,394.483,469.397,591.6,539.334,312.102,367.852,514.943,1132.18,2163.81,1886.05
162,624,217.775,240.174,302.395,376.065,375.817,254.858,273.525,587.369,1281.51,1418.65,1711.09
162,625,254.858,310.609,396.723,352.172,329.275,344.706,299.658,340.724,607.031,1557.03,1288.48
162,626,201.597,199.357,274.271,451.727,383.034,345.701,357.897,495.53,647.848,1032.87,1302.91
162,627,210.308,241.419,321.062,309.862,269.045,443.513,437.042,359.888,553.272,699.118,1128.69
162,628,107.021,225.49,388.51,277.756,274.271,299.658,269.543,252.867,562.48,600.809,696.878
162,629,111.252,245.401,392.741,291.196,292.938,322.306,298.662,231.463,292.44,737.944,637.644
162,630,95.0741,204.584,292.938,330.519,293.933,298.662,271.534,342.715,249.632,427.834,763.331
162,631,105.776,159.535,272.28,346.199,312.6,344.706,343.71,342.715,258.841,252.867,476.864
163,601,98.3096,200.353,388.51,354.412,346.697,494.535,414.892,307.871,426.34,302.893,386.768
163,602,105.776,193.135,419.62,429.078,441.024,371.088,492.046,299.907,377.559,528.134,447.247
163,603,113.492,248.636,508.97,568.951,553.769,419.123,453.967,525.148,1090.61,611.013,645.857
163,604,109.012,339.977,666.763,637.146,607.529,441.522,386.768,1130.19,2111.04,1292.71,988.572
163,605,172.229,495.033,900.466,605.04,599.315,520.17,415.887,1197.39,1189.92,2075.95,1365.14
163,606,310.36,783.49,1043.82,679.705,769.055,1084.14,788.966,876.076,1152.59,920.128,833.019
163,608,197.117,270.787,389.505,553.272,509.219,2364.16,1741.45,2757.9,2311.15,1789.24,716.291
163,609,221.01,393.487,677.216,502.499,676.968,4479.43,3452.29,5617.09,2794.48,2613.29,1711.09
163,610,290.698,658.799,645.11,709.82,805.392,5032.21,4407.76,4582.72,2323.34,2289.74,2420.41
163,611,240.672,488.81,356.404,565.716,541.325,5039.43,5358.5,10011.2,5812.46,1851.71,1628.21
163,613,1120.23,289.453,421.611,552.276,572.436,3776.83,3213.61,5909.78,5190,3681.01,3414.21
163,614,908.182,288.458,643.866,493.29,451.229,7509.61,9314.28,15063.3,14526.4,3782.31,2657.84
163,615,792.948,550.783,2196.66,750.14,1222.52,9279.19,9710.5,12725.2,9444.94,8635.32,2713.1
163,616,915.897,792.948,1705.36,1019.43,1222.52,2137.67,2148.63,5637.5,5784.09,6354.78,3124.5
163,617,355.906,968.163,1127.95,1046.56,883.045,4651.91,5320.42,8308.78,5855.27,4381.13,2815.39
163,618,435.3,938.795,1197.64,1288.98,1166.52,3496.34,3729.05,5372.19,5558.6,3402.51,1952.75
163,619,476.615,353.417,702.105,601.058,580.649,1353.44,1726.52,2940.58,4397.05,4078.23,1633.43
163,620,325.542,501.504,587.867,1032.87,954.475,687.421,979.363,2150.12,2993.59,4010.54,2737.74
163,621,364.617,576.916,695.883,1254.63,1117,984.092,1085.89,1786,2446.29,2672.78,2292.48
163,622,372.332,484.579,627.439,1017.44,921.124,478.357,517.183,1182.2,2138.42,2863.17,2193.18
163,623,323.302,247.641,351.177,631.919,576.667,345.701,418.874,551.778,1095.59,2672.78,3173.53
163,624,284.227,172.229,322.057,318.075,342.715,273.276,282.485,479.353,1366.63,1301.92,2118.51
163,625,135.145,278.005,469.397,300.404,294.929,350.679,313.595,292.689,603.049,1575.44,1203.61
163,626,163.518,183.677,257.596,296.422,283.729,301.898,332.759,474.126,518.926,1073.69,1356.92
163,627,163.518,209.81,279.498,316.084,267.054,480.348,506.232,483.335,488.313,577.165,1168.76
163,628,114.487,136.389,247.143,300.404,315.835,295.676,283.48,263.072,471.14,491.299,597.573
163,629,79.6432,134.398,303.391,261.081,296.173,386.519,339.728,252.867,272.031,563.974,509.717
163,630,93.8297,188.904,298.164,230.965,249.383,260.085,242.414,300.902,263.818,332.511,563.974
163,631,79.6432,152.069,294.929,286.965,280.494,287.462,307.622,331.515,291.445,270.289,339.728
164,599,93.8297,139.625,284.725,296.422,314.591,425.345,352.67,284.476,311.604,469.895,420.616
164,600,121.207,194.13,324.048,300.404,301.151,504.739,433.06,301.898,372.581,424.847,467.655
164,601,116.727,187.908,326.04,334.751,340.475,515.939,557.254,412.9,679.208,439.033,496.277
164,602,117.723,180.442,483.086,425.842,482.339,510.961,675.723,381.292,376.563,685.679,496.277
164,603,121.207,181.437,481.842,745.909,579.654,445.753,585.378,748.647,1109.78,431.816,457.451
164,604,123.198,269.543,576.418,716.043,465.913,413.896,396.972,1597.34,2139.42,851.685,375.568
164,605,214.539,516.188,626.195,536.596,490.553,505.735,441.024,1458.47,927.097,1709.34,784.984
164,606,364.617,497.273,657.555,553.272,725.5,971.897,956.466,1010.72,779.757,710.318,660.043
164,608,302.644,289.453,407.176,591.6,576.667,3250.44,2299.2,2148.13,753.375,1009.23,1574.95
164,611,408.172,262.325,334.502,642.373,560.987,2473.17,2619.02,4245.23,2929.63,1228.25,1069.46
164,612,585.378,375.568,385.274,457.949,407.923,1432.83,1472.9,2229.51,2143.65,1942.8,1538.11
164,613,632.168,406.927,463.175,588.613,575.422,2508.02,2448.53,7250.02,5056.1,1728.76,1452.24
164,614,396.225,356.652,381.292,677.714,598.32,7842.12,7256.74,15165.1,8275.18,2412.69,822.814
164,616,438.536,465.664,1085.39,795.686,852.929,1656.33,1610.29,4827.63,3152.88,1474.89,793.197
164,617,341.719,726.994,1201.62,813.357,1013.46,5227.09,4857.99,8539.25,4833.6,2142.4,1049.05
164,618,768.06,631.422,605.538,851.685,1077.42,3646.17,3158.35,4745.99,4235.53,3696.19,2152.36
164,619,431.069,504.49,893.249,469.397,477.113,1323.82,1501.03,2972.19,2949.79,3746.47,3132.72
164,620,416.883,741.678,1283.75,1126.21,1346.72,862.885,1190.17,2178.74,3274.83,2765.86,2558.54
164,621,309.115,618.977,1257.87,1075.43,1390.02,525.148,683.688,1062.74,2585.42,3525.46,2575.96
164,622,372.332,371.337,618.977,582.391,669.75,372.083,510.215,768.06,1392.01,3675.78,4052.85
164,623,359.141,195.126,282.485,429.078,409.914,586.373,663.528,630.177,1004.25,2044.09,3724.32
164,624,198.361,173.224,319.817,361.63,330.271,308.866,350.679,487.566,1311.87,1142.38,1758.12
164,625,118.967,162.771,301.151,388.51,298.164,314.093,382.785,277.258,509.717,1562,1309.88
164,626,122.203,193.135,270.04,392.741,330.271,289.702,302.644,446.749,407.176,865.871,1477.88
164,627,102.541,225.49,283.48,284.973,260.832,431.318,461.184,459.94,378.554,474.873,975.381
164,628,108.016,144.851,254.61,291.196,276.511,269.294,251.374,252.867,340.973,388.012,535.103
164,630,67.6968,142.86,279.498,221.757,243.161,268.049,264.565,293.684,320.813,249.632,388.759
165,598,115.732,146.842,259.587,320.066,349.933,365.115,332.759,355.906,462.926,377.559,384.776
165,599,134.149,148.087,282.485,362.626,361.381,356.901,339.728,293.684,319.817,459.442,407.176
165,600,163.518,169.989,322.057,362.626,360.137,448.74,417.878,351.924,440.527,400.207,359.141
165,601,124.443,189.899,405.185,327.533,270.289,551.778,592.347,576.169,642.621,462.677,390.003
165,602,125.438,248.636,714.549,305.631,341.719,493.539,628.435,509.966,438.536,562.978,415.389
165,603,134.149,258.094,891.258,481.842,470.891,595.582,539.334,502.748,590.853,425.842,371.337
165,604,142.86,387.016,805.89,606.035,467.904,773.037,490.055,640.381,835.756,532.365,420.616
165,605,319.071,476.117,513.201,832.023,644.861,690.407,492.046,563.974,640.63,668.506,552.525
165,607,402.696,518.179,408.172,1006.99,1170.76,1563.5,1131.93,1341.24,2264.36,2173.02,1176.98
165,608,551.778,400.705,719.776,828.788,808.379,1919.4,1406.7,2644.65,1451,2555.05,2685.47
165,609,347.195,473.131,621.217,420.616,449.238,1624.72,1722.53,1670.77,478.108,1150.6,1899.49
165,610,269.045,289.453,515.192,962.439,869.605,1193.16,1337.51,1714.57,665.021,468.9,641.626
165,612,495.033,406.927,416.634,745.909,567.209,1396.25,1350.45,1215.8,884.289,638.639,830.032
165,613,374.323,282.236,622.213,585.378,453.469,1309.63,1495.8,2868.15,1287.48,578.409,1024.41
165,614,485.326,287.462,555.761,431.069,365.363,1602.32,1359.41,6507.35,1168.76,625.448,618.231
165,616,1127.95,418.625,768.557,529.379,522.659,1504.26,1577.19,4106.36,3562.29,1527.16,584.382
165,617,709.323,457.451,688.665,388.51,377.808,1847.97,1413.67,3384.34,3327.59,3445.57,1707.1
165,618,1054.03,536.099,405.185,339.977,428.58,868.858,809.126,1731.99,2810.66,4352.5,3573.74
165,619,485.326,273.774,652.328,399.958,410.909,1408.44,1534.13,2696.67,2824.85,3315.4,4081.47
165,620,1180.21,632.417,740.433,392.741,479.353,1113.76,1355.43,1792.97,3296.23,3141.43,2714.09
165,621,489.557,296.92,538.09,406.181,489.557,388.51,455.958,689.412,1964.95,4494.87,3799.98
165,622,354.91,532.863,521.414,427.834,372.581,630.177,572.436,665.021,666.017,3120.02,4931.91
165,623,521.166,433.309,392.741,492.046,419.123,722.016,701.607,613.004,977.87,1019.43,2880.85
165,624,199.357,239.179,491.299,407.176,364.368,335.497,412.9,599.564,1009.23,1195.64,1323.32
165,625,119.963,203.588,398.963,365.861,322.057,297.667,359.888,278.502,332.013,1312.37,1765.34
165,626,147.091,193.135,303.391,532.614,483.335,266.058,252.37,406.927,339.977,562.978,1427.61
165,627,97.0652,212.05,274.271,281.738,286.716,365.115,348.688,353.915,300.404,442.269,762.335
165,628,122.203,161.526,231.712,266.307,252.618,245.65,248.387,289.702,256.849,314.093,502.499
166,601,125.438,196.121,337.488,285.969,317.826,450.731,454.962,942.279,520.917,373.577,362.128
166,602,124.443,227.73,541.076,350.181,512.455,634.408,585.378,815.846,497.521,373.577,319.32
166,603,155.802,296.92,849.694,484.828,787.722,1027.9,808.13,708.825,756.362,476.864,424.598
166,604,167.749,561.236,1198.63,548.045,752.629,1282.01,864.129,627.191,682.194,728.736,615.991
166,605,201.597,730.976,1021.92,790.459,933.568,1571.71,1289.23,447.744,558.498,645.857,661.039
166,606,566.96,568.454,663.777,1395.5,1471.91,1747.17,1420.64,685.43,1577.93,488.313,429.825
166,607,563.725,276.014,623.208,1296.19,1248.41,1202.36,736.7,1520.69,2575.21,1440.3,571.938
166,608,305.88,382.785,481.842,616.489,581.645,1112.77,1153.08,1989.84,1704.86,2378.84,1454.24
166,609,550.534,333.506,783.242,539.832,568.205,1428.85,1588.14,972.892,635.653,1498.54,1725.52
166,610,510.463,467.904,1304.41,1050.54,1013.46,930.084,1023.66,763.829,552.276,544.561,847.454
166,611,884.289,385.025,805.89,911.666,715.296,501.752,637.644,799.668,640.63,543.565,358.146
166,613,889.764,487.815,535.85,556.507,457.451,1396.25,1173,1081.16,1138.15,1151.59,1008.98
166,614,987.576,378.803,410.163,456.953,386.021,1657.33,1773.56,2832.56,2176,1063.49,1098.08
166,615,1063.74,532.863,439.282,391.745,358.146,2058.03,2419.41,3850.5,3312.41,1444.28,629.431
166,616,1220.28,266.556,416.634,476.615,492.793,1239.2,1336.51,2170.53,3061.54,2301.19,620.222
166,617,698.372,562.232,533.859,496.277,453.469,727.242,584.382,849.694,1968.93,2922.41,1174.99
166,618,617.982,316.831,327.284,374.074,395.479,1397.24,1242.19,1959.22,2515.23,2632.71,2103.08
166,619,286.467,568.454,447.744,408.172,375.817,2245.69,1916.17,2424.39,3704.41,2571.23,2172.77
166,620,552.774,670.248,511.957,430.074,360.137,1092.36,1075.68,1109.78,2731.51,3978.93,2389.8
166,621,439.78,322.057,569.2,533.61,434.802,406.927,387.763,582.391,1053.03,3889.83,3908.49
166,622,754.869,490.802,628.435,510.712,548.543,749.642,538.339,746.655,661.039,1781.02,3672.05
166,623,385.274,521.414,505.735,627.937,649.092,469.149,398.963,506.979,950.492,1009.23,2013.98
166,624,142.86,231.961,375.07,369.843,410.909,309.862,349.684,498.766,608.275,1480.12,1848.22
166,625,155.802,231.961,515.192,300.404,309.613,320.066,287.711,268.298,321.809,915.151,1890.28
166,626,155.802,163.766,248.387,472.384,460.686,270.289,249.383,349.684,394.981,480.099,994.794
166,627,103.785,136.389,250.378,275.516,314.591,317.08,270.538,261.081,258.841,495.281,707.083
166,628,113.492,173.224,236.939,233.205,257.845,259.089,249.383,322.306,232.459,319.32,632.417
167,600,135.145,170.984,289.702,300.404,298.164,435.549,495.281,480.348,465.913,427.834,428.829
167,601,143.856,197.366,289.702,339.977,363.372,467.157,468.153,883.293,555.263,522.908,682.692
167,602,154.807,228.725,311.604,481.842,615.991,667.012,597.324,744.415,446.749,395.976,424.598
167,603,232.957,311.604,443.513,757.358,1067.22,712.807,672.737,936.306,1192.16,443.264,330.519
167,604,288.458,508.721,681.448,758.353,932.573,954.475,908.182,840.485,1109.78,1025.66,574.178
167,605,483.086,612.506,935.808,678.71,896.484,1864.4,1403.71,464.917,497.521,1058.51,759.349
167,606,854.92,368.101,781.002,1085.89,1015.45,1674.75,1101.81,682.194,605.04,619.226,802.406
167,607,384.279,280.245,495.53,905.444,770.051,589.36,572.436,944.519,838.743,458.446,644.613
167,609,431.069,366.11,897.48,628.933,533.112,892.253,749.891,992.305,495.53,577.165,543.316
167,610,970.154,574.925,1104.05,454.962,421.363,809.623,879.311,795.437,589.858,382.785,491.299
167,613,556.009,849.694,704.096,1085.89,807.383,810.868,557.254,1721.79,1206.35,1418.65,741.927
167,614,761.589,691.154,537.094,563.725,528.881,1752.15,1226.26,4135.97,1704.86,1158.81,1107.29
167,618,667.012,321.062,483.086,462.18,463.673,1369.61,1008.48,2420.41,2139.42,784.984,494.286
167,619,281.987,391.247,515.192,453.718,447.247,1199.38,1010.47,1630.94,3103.1,1860.91,763.331
167,620,243.907,292.689,509.966,620.72,610.764,574.178,544.312,650.586,1726.27,3150.64,1752.15
167,621,383.034,352.421,439.282,699.367,555.761,449.735,420.865,660.79,1200.12,2404.48,2440.82
167,622,449.487,285.471,553.521,349.186,401.701,559.743,481.095,756.86,1355.68,1794.46,2182.97
167,623,190.646,229.721,370.839,453.718,548.543,318.075,280.494,411.905,907.684,1947.03,2065.25
167,624,188.406,189.899,305.382,307.622,332.262,376.314,351.675,337.488,432.562,1470.91,2292.48
167,625,161.278,244.405,420.616,291.196,286.716,342.715,266.556,304.884,608.275,614.249,1446.02
167,626,107.021,176.211,244.156,375.07,402.696,257.845,253.614,291.693,495.53,757.358,715.296
167,627,166.753,152.069,233.703,303.64,322.057,305.88,270.538,237.685,224.246,700.114,928.093
167,628,131.909,129.171,223.25,241.419,240.174,296.671,276.511,359.888,273.027,341.968,816.592
167,629,95.0741,185.668,244.156,219.766,244.405,290.698,289.702,297.667,325.791,280.494,454.464
168,600,133.154,190.895,330.271,346.199,437.789,460.935,550.285,533.361,590.853,518.926,522.908
168,601,173.224,188.904,363.621,417.629,408.918,966.919,774.033,768.06,678.212,704.096,930.333
168,606,471.14,642.87,708.327,988.323,788.717,794.441,733.713,697.625,684.434,639.635,523.903
168,607,780.006,311.604,521.414,820.574,593.093,607.778,533.361,846.458,496.526,612.009,790.957
168,608,405.932,567.458,675.225,686.923,791.953,686.425,515.192,696.63,318.822,351.177,502.499
168,609,846.21,395.479,544.312,1620.49,1431.59,603.795,927.346,540.579,283.231,272.28,230.219
168,611,1848.72,1244.92,1957.73,907.684,997.781,1244.18,1635.18,487.566,457.949,293.684,278.254
168,612,806.139,1279.52,1685.7,2008.01,1678.98,857.658,1146.86,458.944,949.248,476.864,433.807
168,613,588.613,574.925,609.769,860.894,641.875,1079.91,1410.68,494.535,1025.41,1150.6,720.523
168,614,866.867,742.673,765.571,627.937,586.871,721.02,788.966,1003.5,489.308,1347.96,1024.41
168,616,606.035,278.005,414.394,329.524,376.812,510.961,555.263,637.395,386.768,426.838,714.3
168,618,765.82,417.629,506.979,491.05,434.802,567.956,481.095,1799.19,1180.96,622.213,494.286
168,619,273.276,334.751,491.299,528.383,485.575,383.532,505.237,1065.73,1318.1,1107.54,722.514
168,620,319.071,704.843,917.142,520.17,540.33,510.961,544.312,853.676,1372.85,1385.05,965.177
168,621,241.667,489.806,419.62,841.232,739.189,456.953,482.091,956.715,2068.48,1633.68,1227
168,622,238.432,252.867,371.834,539.832,420.367,382.288,418.874,642.621,1635.92,2188.45,1539.11
168,623,322.306,185.668,272.28,384.528,372.581,365.115,331.764,362.128,672.239,2040.11,1787
168,624,159.038,168.993,257.596,266.307,299.16,499.761,399.958,433.309,538.09,1076.93,1806.41
168,625,177.704,209.81,355.159,300.404,287.711,369.097,282.485,387.514,998.029,592.596,923.115
168,626,108.016,158.54,288.707,307.622,333.257,267.054,275.516,307.871,550.285,1155.57,735.705
168,627,221.01,204.584,234.699,246.645,285.72,252.867,238.432,297.667,255.854,838.245,1159.56
168,628,125.438,143.856,216.032,313.844,302.147,284.476,278.502,366.11,336.99,348.937,790.957
168,629,75.4122,159.535,275.267,280.742,306.378,252.867,262.574,253.863,283.231,319.32,393.985
169,600,160.282,222.503,325.044,540.827,588.862,791.455,801.908,596.578,711.812,563.974,414.394
169,601,221.01,325.293,602.302,463.175,371.586,1881.57,1222.27,957.71,799.17,771.793,792.201
169,606,1384.55,437.54,884.787,480.846,476.117,700.612,635.653,732.22,509.717,295.676,266.058
169,607,1038.85,379.799,533.859,701.358,784.735,431.318,635.653,888.271,538.09,411.407,366.359
169,608,1096.34,475.122,1163.29,1094.1,1201.87,434.305,611.511,762.833,312.6,386.768,332.511
169,609,694.141,684.932,1156.07,1274.29,1495.8,1268.82,1505.01,487.566,310.609,297.916,261.827
169,612,646.355,1097.09,1014.7,1779.03,1643.64,1255.38,1209.08,876.076,973.639,709.323,546.552
169,616,393.985,399.71,411.407,435.3,408.918,442.518,423.851,740.433,543.067,802.406,719.527
169,618,398.465,298.911,541.076,347.195,326.04,333.506,321.56,979.114,440.527,544.561,541.325
169,619,349.435,200.353,460.189,604.044,634.408,485.326,566.463,1055.52,433.558,456.455,473.877
169,620,336.493,390.252,874.582,452.722,470.891,704.594,675.723,1409.44,1118.99,508.721,513.699
169,621,169.989,342.964,626.195,469.397,521.663,479.353,462.18,1192.41,1598.34,1121.97,832.023
169,622,273.276,365.115,378.057,491.05,417.132,326.288,331.764,441.522,874.334,1369.61,1053.03
169,623,246.147,140.62,254.61,348.19,326.04,335.497,317.577,512.952,513.699,1029.64,1040.84
169,624,161.278,162.771,239.925,244.654,258.841,482.339,431.069,649.59,685.43,665.27,1068.46
169,625,181.935,131.162,253.365,251.872,308.369,322.306,345.701,433.309,932.075,645.857,593.591
169,626,102.541,196.121,255.605,253.863,274.271,272.28,266.556,272.28,478.108,1071.7,690.656
169,627,161.278,345.204,369.843,283.978,274.271,248.885,243.41,320.315,278.254,707.332,963.932
169,628,84.1232,173.224,247.143,400.954,385.025,243.659,265.56,329.275,371.586,300.902,564.969
170,607,1371.61,1102.31,766.566,3652.14,4622.54,834.263,770.797,948.501,549.29,279.498,250.627
170,608,1516.21,898.973,819.579,8304.05,7048.93,822.068,989.567,664.026,334.004,401.203,211.801
170,609,1093.1,863.134,1863.15,3799.23,2191.18,1344.23,2043.35,421.114,266.058,346.946,269.045
170,611,1957.48,2040.86,2580.94,4093.41,3418.94,1610.29,1379.57,360.883,412.154,303.889,343.71
170,615,518.926,419.62,540.081,321.311,335.497,740.433,947.506,632.417,604.044,581.396,802.406
170,618,363.621,221.508,448.74,467.406,475.122,327.284,345.701,370.092,238.432,364.368,366.359
170,620,344.955,204.584,434.056,357.399,464.669,511.957,497.273,1274.79,508.721,377.559,412.403
170,621,147.091,286.467,579.654,313.844,350.928,438.536,348.688,787.473,533.112,516.934,596.578
170,622,196.121,398.714,376.065,303.64,276.511,283.48,249.383,315.089,302.395,479.104,611.013
170,623,130.914,151.073,232.708,266.307,255.605,314.093,281.489,671.99,539.085,388.012,497.273
170,624,177.704,170.984,223.25,230.965,252.618,355.906,374.821,708.825,570.694,518.926,510.712
170,626,87.3587,175.215,310.609,237.188,276.511,266.058,237.436,306.875,333.008,528.134,429.825
170,627,88.3542,321.062,470.642,312.849,348.937,279.498,260.583,356.901,325.791,393.985,477.859
171,604,250.378,347.195,684.434,653.821,660.292,802.655,754.869,861.889,743.171,300.902,269.045
171,605,700.612,482.588,1043.82,1918.9,2255.4,840.236,1105.8,1114.76,1055.02,632.666,302.893
171,606,327.782,526.641,1223.52,1849.47,1966.69,2271.33,3295.74,611.013,530.872,798.424,399.212
171,607,1824.83,2085.91,5270.89,6986.21,9259.77,1294.2,1576.19,432.314,321.809,423.851,359.141
171,608,1055.02,2732.01,4649.67,15109.8,14975.4,2647.64,3639.7,487.566,273.027,317.329,226.237
171,609,1959.72,2060.77,2770.84,11103.5,8688.33,4791.54,6968.78,451.727,272.031,372.581,257.845
171,610,2603.34,5184.03,4915.48,7921.77,6171.11,2307.91,2714.34,293.684,227.481,325.542,313.098
171,622,134.149,206.824,294.929,422.856,424.349,333.506,310.609,373.328,262.823,328.528,405.185
172,600,181.935,236.192,390.501,467.406,387.265,501.752,569.449,665.021,343.213,280.494,346.946
172,604,329.773,843.223,1308.64,578.16,666.514,1742.94,1003.5,541.574,574.676,395.976,408.421
172,607,868.111,3564.78,13234.5,2478.4,3981.91,7036.48,5582,390.501,271.036,474.873,415.389
172,608,1401.97,4056.58,11353.6,7236.83,8197.78,6661.16,8751.8,331.515,260.832,301.898,335.746
172,609,2440.32,9680.89,12681.9,11735.4,12263.6,9969.84,9242.1,279.498,217.277,280.494,268.049
172,622,135.145,150.078,274.271,328.528,398.465,313.098,328.777,532.365,221.259,552.774,599.564
172,623,98.3096,140.62,226.485,257.098,271.285,288.458,252.37,314.093,239.428,277.258,464.669
173,608,1585.65,4400.54,10406.4,3771.36,3481.9,13770.1,14488.6,313.098,313.595,463.673,386.768
173,609,2384.82,9950.43,12910.4,8654.23,7505.38,5583.99,4450.07,336.493,212.05,397.221,415.389
173,612,1819.35,2456.25,1441.54,8404.6,7118.12,1038.1,1215.06,265.063,216.281,302.893,276.263
173,614,2508.76,1338.26,1322.08,3430.38,2239.97,814.85,730.727,329.275,281.24,317.329,388.759
173,615,1058.26,758.353,926.351,867.116,708.078,543.565,432.065,392.741,242.663,370.59,436.047
173,617,472.384,239.179,440.527,587.369,643.866,398.714,339.728,525.148,376.563,216.032,306.875
173,622,99.3052,165.758,274.271,254.858,257.845,292.689,278.502,398.714,211.055,705.341,825.801
173,623,84.1232,152.069,255.605,247.641,246.396,273.276,244.405,239.676,289.205,303.889,607.778
173,625,76.4077,137.385,254.61,222.752,244.405,320.066,286.467,453.718,271.036,330.519,438.038
174,608,782.246,6202.22,10369.1,3197.43,4164.1,8898.89,8979.53,508.97,433.558,300.902,322.306
174,611,2384.82,6326.91,8964.84,4714.13,5086.47,3401.26,3445.32,268.298,268.049,276.263,189.402
174,614,1646.62,656.559,618.977,4586.7,3305.94,866.867,724.754,294.68,203.09,197.615,188.157
174,615,1095.34,262.325,607.529,1173.99,835.259,506.73,334.751,319.071,299.409,212.797,202.593
174,617,260.334,201.597,432.065,406.181,406.927,485.326,431.069,420.118,353.168,291.693,293.684
174,622,80.8877,148.087,258.592,349.186,398.465,344.706,328.777,234.45,227.481,609.022,706.087
174,623,99.3052,142.86,247.143,261.081,291.942,352.919,309.613,327.284,244.654,283.48,477.859
175,596,186.415,324.297,522.41,571.938,595.084,525.148,582.391,640.381,520.917,356.155,277.258
175,598,439.78,480.348,739.438,542.819,459.691,354.91,347.693,357.897,316.831,339.728,257.845
175,599,343.959,590.604,924.359,514.943,644.861,556.756,372.83,371.088,281.24,352.172,294.68
175,603,565.716,576.916,457.949,1131.43,1261.85,648.595,573.431,657.803,485.326,248.636,473.877
175,608,1847.72,1956.98,4959.29,1256.87,1995.56,2216.32,2548.83,513.948,350.181,430.82,542.321
175,611,1488.83,1586.89,2837.54,2162.31,2707.87,2059.28,2357.19,315.089,277.009,246.645,248.636
175,612,1178.97,3374.88,4629.01,3410.72,3412.71,2142.9,3475.43,273.276,303.64,283.48,303.889
175,613,1892.27,2244.45,5385.13,4406.51,4957.05,863.88,858.156,287.462,226.237,269.045,331.515
175,614,1894.51,448.989,945.266,2217.32,2480.14,450.731,464.171,299.907,230.468,277.258,282.485
175,615,1889.04,335.746,496.526,1487.84,1415.91,321.311,336.742,320.315,230.468,281.489,342.715
175,616,543.067,320.066,447.744,778.015,730.727,405.932,515.192,323.302,318.822,203.588,299.907
176,595,133.154,177.455,507.975,294.182,307.373,366.11,335.746,394.732,322.804,241.419,204.584
176,596,167.749,469.895,982.599,561.485,636.648,401.701,396.972,599.564,360.386,304.884,200.601
176,598,273.276,334.751,520.419,631.919,591.102,372.083,386.768,435.549,392.99,363.372,275.267
176,601,894.244,1004.75,1059.5,3186.97,3509.03,1221.78,1119.98,511.957,421.363,397.221,349.933
176,602,823.561,680.701,711.563,2708.37,2415.93,1653.34,1356.42,604.791,347.195,525.148,327.533
176,603,700.612,560.24,602.302,1485.84,1335.27,1151.34,1151.84,563.974,436.545,360.386,447.247
176,604,437.54,267.552,473.628,1382.06,1257.62,877.071,773.037,607.778,772.788,312.102,369.346
176,612,1086.63,1147.36,2724.3,2909.22,3203.65,6088.98,6515.56,305.88,432.562,343.959,425.594
176,613,1281.26,1032.13,1534.13,1885.55,2624.99,1492.07,1181.96,275.267,244.654,359.141,467.655
176,614,1605.31,945.017,1313.86,1811.14,1752.4,1101.57,1177.97,322.306,281.24,233.454,285.471
176,615,1062.74,432.314,611.76,2263.86,2240.96,400.705,502.25,338.484,200.85,307.124,246.645
176,616,555.014,219.268,310.609,760.593,834.263,314.093,374.821,334.502,199.855,222.006,356.155
176,624,68.9412,112.247,224.494,229.97,234.948,333.506,319.569,238.681,198.859,255.854,503.495
177,596,145.1,501.504,1087.38,424.847,475.122,416.136,351.675,345.701,268.049,251.872,217.028
177,600,1391.02,622.96,1971.17,845.463,1094.1,2701.65,1627.21,787.473,488.313,325.542,451.229
177,601,2028.17,561.236,1751.16,1398.73,1589.88,2056.04,1348.46,1210.58,569.698,361.381,331.515
177,602,544.063,392.243,988.821,1620.49,1544.33,1316.6,1032.62,718.034,513.699,438.038,288.458
177,603,488.562,744.664,1098.83,2478.4,1926.37,1364.64,1004.5,441.522,706.585,419.62,311.106
177,604,883.293,746.904,902.458,1571.71,1144.87,806.637,749.891,564.969,570.694,619.226,432.811
177,605,1049.55,499.264,1411.43,848.449,782.495,1738.96,1346.47,685.43,723.011,365.363,480.846
177,609,999.523,1851.21,4721.35,1460.96,2066.99,1554.29,1335.52,368.101,538.09,534.356,414.394
177,613,696.381,1364.39,2172.77,895.24,831.276,2482.38,1680.47,349.684,252.867,245.65,381.79
177,614,913.657,912.413,1752.15,2374.61,2362.17,2812.9,2392.28,307.871,208.068,219.019,247.641
177,615,700.612,332.511,463.175,1640.15,2014.23,603.795,572.436,297.667,216.281,223.001,177.953
177,618,249.383,263.32,452.971,585.378,580.649,308.866,314.591,487.566,284.227,232.21,218.023
177,624,74.4167,111.252,226.485,222.752,250.627,351.675,359.888,298.662,250.627,259.836,450.233
178,599,579.902,300.155,589.858,675.474,745.162,860.645,844.218,534.356,475.122,391.994,305.88
178,602,2017.46,1139.15,2480.14,973.888,889.267,1963.21,2501.54,1079.17,499.512,553.769,352.919
178,603,819.081,830.779,1484.1,1796.45,1559.76,1277.78,1851.95,938.297,1692.67,349.933,484.082
178,604,863.631,654.568,921.373,2935.1,2429.37,796.432,749.891,618.977,1217.55,1329.54,395.976
178,605,740.931,1612.03,2376.36,1539.6,1271.06,919.88,1467.92,476.366,374.572,1194.65,1213.81
178,606,788.717,894.742,1830.05,1211.08,1106.54,2413.19,2186.7,727.242,653.821,296.92,802.406
178,609,1429.1,808.628,2221.55,890.013,997.781,1397.24,1549.06,320.315,316.831,244.654,345.95
178,613,298.413,678.71,1968.18,878.565,1151.09,3200.41,2595.87,427.336,243.659,356.155,311.106
178,617,188.406,287.462,561.983,581.147,719.527,473.131,448.989,347.693,255.854,254.858,211.801
178,620,108.016,175.215,338.733,568.951,416.136,359.888,319.569,253.863,423.354,292.689,211.801
178,621,122.203,216.281,456.953,339.977,305.382,338.484,318.573,222.254,338.982,466.66,280.494
179,593,111.252,184.673,462.18,439.282,449.238,327.284,444.011,272.28,222.254,245.65,201.597
179,594,99.3052,230.965,480.846,489.059,389.256,318.075,340.724,296.671,217.277,283.48,228.228
179,599,647.35,860.147,1556.78,440.278,543.565,469.149,948.501,947.506,1046.81,450.233,321.311
179,602,3212.36,1426.36,2163.31,2351.96,2268.84,1460.46,1421.63,1265.83,362.377,537.343,318.324
179,603,876.822,2608.32,4047.37,2606.82,1889.04,2620.01,2182.72,1680.97,1826.82,442.269,902.706
179,605,1230.24,1899.24,2085.41,1746.92,1888.04,1387.04,2052.31,439.531,405.185,1736.97,1023.42
179,606,1759.62,2647.14,3813.67,1899.24,1812.38,1803.17,2709.11,854.672,584.88,433.06,928.093
179,609,765.82,956.466,1525.67,785.482,780.504,984.092,1069.71,420.118,405.185,372.581,420.616
179,610,721.269,340.973,912.911,1253.63,1078.67,1915.42,1641.4,324.297,420.367,513.699,394.981
179,611,628.933,198.361,399.958,1048.55,1034.12,1096.34,828.041,402.696,379.799,580.4,672.239
179,619,133.154,387.016,768.557,682.692,608.773,340.475,301.649,263.072,280.245,253.863,305.88
179,620,117.723,155.304,354.164,519.174,492.793,283.48,296.671,268.298,410.163,227.232,228.228
180,594,136.389,243.41,579.654,352.172,316.831,378.305,435.051,266.058,218.272,284.476,203.588
180,598,632.168,432.314,490.304,1543.83,1530.89,833.267,954.475,728.238,307.622,587.618,475.868
180,603,2382.58,1699.14,1937.07,2207.86,1898.25,1161.55,1876.84,1229.99,648.844,809.623,933.319
180,604,1641.15,1396,1894.51,5245.5,4449.82,2861.93,2279.04,1020.93,758.353,587.618,974.385
180,606,945.266,1549.06,1816.61,2553.81,2440.82,1763.35,1978.14,630.177,462.926,303.889,314.093
180,609,523.405,898.973,1714.82,797.677,1055.77,1216.8,1238.2,534.356,334.999,567.956,371.337
180,610,638.639,337.737,739.438,620.72,587.867,1508.49,1604.31,539.583,671.243,346.946,407.176
180,614,249.383,229.721,494.286,579.156,545.556,832.272,467.157,240.672,234.45,190.397,311.106
180,618,102.541,293.684,612.755,363.621,340.475,327.284,337.737,352.919,254.858,327.533,258.841
180,619,97.0652,157.544,425.842,806.139,755.615,382.288,391.994,279.498,267.054,257.845,324.297
181,594,123.198,302.147,645.11,337.737,297.169,475.122,421.86,317.08,266.058,243.659,204.584
181,602,4058.32,2730.02,2658.84,15570,15408.2,3543.13,3920.44,353.915,587.867,555.761,279.249
181,604,5136.74,5647.45,3909.24,11218.5,10900.4,1567.48,2426.38,556.756,317.826,522.908,717.287
181,605,2644.65,4347.03,3576.98,8252.28,6113.12,3468.71,3450.29,407.923,481.344,343.959,427.834
181,608,1024.66,611.511,521.414,2004.77,1956.24,1377.83,1180.96,1007.74,1923.14,682.692,222.006
181,609,711.563,734.211,736.451,890.013,1053.78,1022.92,1065.73,417.132,758.353,2033.89,1072.45
181,610,324.297,505.486,424.847,848.449,844.716,1508.49,1421.63,343.71,428.331,827.045,1380.57
181,611,359.141,242.414,501.752,711.812,825.054,467.157,457.949,352.919,609.271,416.634,277.258
181,612,361.381,272.778,414.394,483.833,499.015,423.105,580.4,258.094,213.046,613.004,549.538
181,613,381.043,195.126,546.303,320.066,442.02,469.149,481.095,287.462,197.864,244.654,382.785
181,618,98.3096,156.3,533.859,267.303,296.173,374.323,355.657,329.275,217.277,266.058,255.854
182,600,2549.08,1860.67,8084.29,4343.29,4627.77,15209.1,14908.7,435.549,308.618,405.434,455.46
182,601,2870.89,8980.27,15391.6,10021.9,13963.2,15252.9,15022,315.089,398.963,275.267,325.293
182,602,4928.17,8712.97,6932.45,15709.9,15618.3,4590.69,5413.75,364.119,377.559,312.102,253.863
182,604,1714.07,8665.68,9844.65,6823.44,7230.11,4858.74,5478.71,609.769,433.558,369.594,421.611
182,606,1953.25,1798.69,2444.8,3033.66,2358.93,1307.39,1188.18,449.735,307.622,382.785,341.719
182,608,2530.66,541.325,483.086,2240.96,2279.29,1405.45,1044.57,1228,1346.47,440.029,229.223
182,609,925.604,336.742,662.781,1184.2,1206.84,1412.42,1531.89,731.225,626.444,1274.29,681.448
183,598,562.48,846.458,2996.33,863.134,1434.57,5023,4883.13,362.128,278.254,245.65,381.79
183,599,1060.5,2771.83,4540.66,2274.06,2644.65,6471.26,3222.56,398.714,301.4,240.423,372.581
183,601,1859.67,8246.06,15578.5,3057.55,4489.14,15540.6,15290.8,329.275,313.595,284.476,257.845
183,602,2676.26,9635.84,9147.77,13006.7,12608.3,4678.29,5370.44,274.271,294.431,334.751,285.471
183,603,1953.25,3900.28,7655.21,6737.57,4978.7,12557.3,13600.1,370.092,272.031,410.412,358.146
183,604,586.373,2171.03,3904.01,2155.1,1995.56,4009.29,3379.11,437.54,234.45,376.563,455.46
183,606,2239.22,1320.34,1998.3,5178.3,4298.74,1371.61,1047.56,345.701,310.609,265.063,349.933
184,601,2083.67,4325.13,13113,1956.24,2700.65,15380.4,15000.8,322.306,401.95,314.093,289.702
184,606,1163.79,1602.57,1356.42,4377.39,4542.9,1395.25,1182.95,289.702,246.645,246.645,294.68
184,608,1064.98,431.069,689.661,1450.5,1269.07,909.675,622.462,283.48,407.176,344.955,214.788
184,613,163.518,180.442,463.175,322.306,353.915,329.275,302.644,428.331,382.785,327.533,244.654
185,596,187.411,352.421,781.002,389.505,442.02,704.594,731.722,308.866,314.591,371.586,288.458
185,597,273.276,585.378,857.907,513.948,566.214,684.185,747.9,260.085,234.45,316.333,384.776
185,604,1262.84,3336.06,4991.39,2150.87,1835.28,4529.46,5077.75,286.467,260.832,245.65,303.889
185,607,1517.2,821.321,1281.76,1171.75,872.591,980.11,781.002,355.906,277.009,234.45,230.219
186,614,130.914,205.579,545.307,275.516,286.716,352.919,344.706,271.285,192.886,216.032,207.819
187,606,912.662,843.223,1391.77,1063.98,1257.62,1131.93,1277.28,287.462,208.068,215.037,201.597
188,602,1118.24,1613.02,2633.95,710.816,985.336,1138.15,1301.42,300.902,249.632,232.21,239.428
188,603,930.084,1001.76,1465.44,1086.88,1217.3,539.583,702.852,288.458,235.445,199.606,200.601
