307,499,54.7547,68.1945,100.798,223.748,233.952,139.625,144.105,137.633,165.509,357.15,489.059
307,500,62.4702,96.5674,99.8029,182.433,229.721,100.798,126.185,129.42,167.5,266.058,563.974
308,498,57.9902,74.6655,118.469,191.642,158.291,144.851,185.419,150.824,330.022,391.994,436.047
308,501,68.9412,109.261,86.3631,118.22,135.642,95.8208,86.1143,108.016,139.127,345.95,639.635
308,502,55.7503,89.3498,87.3587,87.1098,81.8832,82.6299,95.0741,100.798,136.887,252.867,566.96
309,494,104.781,119.714,124.691,203.09,192.637,111.998,138.131,220.263,213.046,279.498,505.486
309,495,88.3542,89.3498,113.243,94.3275,112.745,125.438,129.171,174.22,311.604,255.854,492.295
309,496,74.4167,86.1143,168.246,97.3141,84.8698,172.229,139.127,159.038,382.785,281.489,427.834
309,497,62.4702,76.6566,150.576,135.642,97.3141,209.064,165.26,179.446,378.554,438.038,466.66
309,498,86.3631,92.3364,182.931,189.65,130.416,214.041,195.375,163.02,333.008,520.917,647.848
309,499,75.4122,117.474,143.358,279.747,216.281,200.85,172.229,129.42,299.409,478.108,712.309
309,500,84.1232,100.798,105.03,221.757,208.068,116.229,98.0607,103.038,243.659,479.104,590.356
309,502,56.9947,84.1232,68.6923,74.6655,81.8832,78.3988,82.1321,117.225,160.282,317.329,596.578
309,503,63.4657,58.7369,89.3498,83.8743,76.6566,88.6031,104.034,115.234,187.659,246.645,514.694
310,493,96.0697,99.8029,150.576,183.428,229.721,111.998,166.255,182.433,290.2,361.381,487.068
310,494,110.256,104.034,121.456,236.192,329.275,130.416,167.251,194.628,289.205,390.999,497.273
310,495,100.55,80.8877,161.029,123.447,187.411,111.998,182.184,235.445,299.409,410.412,508.721
310,496,79.6432,91.3409,185.917,111.998,99.3052,131.411,230.468,262.076,360.386,454.464,538.339
310,497,71.1812,91.3409,222.254,140.869,108.763,146.842,238.432,255.854,445.753,526.143,642.621
310,498,77.6522,84.1232,192.139,137.882,122.203,143.856,217.277,164.264,490.304,649.839,747.153
310,499,105.776,100.798,120.46,160.531,138.629,142.611,147.091,121.207,356.404,661.288,826.796
310,500,109.012,120.709,84.1232,158.54,125.189,120.212,118.22,89.5987,259.836,547.547,894.493
310,501,63.4657,84.1232,72.6745,115.98,97.3141,83.6254,85.1187,94.8252,219.268,430.82,690.656
310,503,75.4122,85.1187,94.5764,101.545,83.8743,103.038,81.1366,110.007,157.295,301.898,555.761
311,492,93.8297,98.8074,138.131,150.327,113.989,253.863,170.237,188.655,277.009,517.93,595.582
311,493,126.434,141.616,166.255,380.297,274.271,267.054,211.303,217.277,247.641,580.4,663.03
311,494,160.282,137.385,89.3498,537.841,423.354,178.451,170.237,198.859,264.814,552.774,728.736
311,495,134.149,139.625,151.571,283.978,269.045,143.856,149.331,195.873,421.363,464.669,840.236
311,496,96.0697,137.385,207.819,135.642,141.865,140.62,139.127,175.464,618.231,456.455,751.135
311,497,73.1722,124.94,191.144,151.322,125.189,185.668,157.295,195.873,573.68,761.589,771.544
311,498,100.55,121.705,210.806,128.425,93.083,168.246,156.3,212.05,455.958,860.894,912.911
311,499,134.149,129.171,166.255,193.882,112.745,128.425,128.176,167.251,428.331,734.958,899.471
311,500,109.012,129.171,97.563,132.656,113.989,76.4077,99.0563,132.407,318.822,638.639,782.993
311,501,85.1187,73.4211,88.3542,75.6611,76.6566,84.621,92.0875,110.007,234.45,569.2,742.922
311,502,85.1187,60.9769,65.4568,92.3364,73.4211,92.8342,99.0563,123.447,202.095,447.247,636.648
311,503,62.4702,88.1053,85.1187,167.997,95.323,89.5987,76.9055,115.234,166.504,357.15,549.538
312,488,46.0438,62.9679,90.3453,76.6566,63.2168,110.007,146.096,159.038,163.269,267.054,565.965
312,489,47.0393,87.1098,105.03,60.2302,66.2035,114.238,163.269,182.433,189.899,332.511,667.261
312,490,57.9902,101.794,120.46,77.6522,48.7815,124.443,197.366,211.055,275.018,373.577,604.791
312,491,131.909,102.79,119.465,105.776,100.55,144.851,176.211,191.642,387.763,438.038,590.356
312,492,128.674,111.252,314.84,148.087,198.859,149.829,179.197,185.668,508.721,456.455,585.378
312,493,146.096,152.069,405.185,333.755,315.835,160.033,204.335,197.864,589.858,631.422,624.204
312,494,163.518,153.313,181.686,473.628,401.701,140.62,213.295,231.463,497.521,815.846,652.826
312,495,173.224,226.734,176.708,234.201,234.948,165.26,254.61,315.089,432.562,889.516,845.214
312,496,122.203,198.361,258.592,146.096,103.536,164.015,243.41,391.496,654.817,734.958,1089.87
312,497,93.8297,122.7,196.37,149.331,90.0964,134.647,237.436,296.671,956.466,696.132,1105.3
312,498,149.331,114.487,162.024,96.3186,81.8832,105.03,114.238,171.233,736.202,943.772,900.466
312,499,160.282,88.1053,115.234,111.003,101.545,126.434,98.0607,136.638,448.74,930.333,898.475
312,500,107.021,97.563,88.3542,107.767,111.749,130.416,83.1276,111.998,414.145,654.07,849.445
312,501,86.3631,86.1143,101.794,91.092,98.3096,78.3988,81.1366,105.03,383.781,585.378,632.417
312,502,68.9412,75.6611,93.5808,118.22,94.3275,111.998,88.1053,138.629,271.036,612.009,586.373
313,487,69.9367,97.563,98.8074,128.425,110.754,137.633,207.321,224.246,207.072,430.82,672.239
313,488,52.5148,58.7369,72.6745,73.67,64.2124,140.62,186.415,232.459,208.068,470.891,726.496
313,489,50.5237,90.3453,131.909,65.2079,78.6477,190.646,136.14,170.237,337.986,452.473,543.316
313,490,92.8342,143.856,129.918,71.43,66.2035,224.246,160.282,159.038,380.794,539.334,605.786
313,491,149.331,98.8074,113.243,83.8743,140.869,238.681,173.224,174.22,448.74,607.031,987.576
313,492,147.091,136.389,347.941,235.196,171.731,273.276,185.419,184.424,563.476,710.318,1255.63
313,493,111.252,199.357,469.397,401.95,200.85,298.662,219.517,226.237,678.212,759.597,1389.77
313,494,125.438,146.842,206.824,458.944,240.174,297.667,249.383,292.689,689.412,787.224,1192.16
313,495,153.811,195.126,224.494,253.863,155.304,221.259,207.321,322.306,669.003,929.337,923.115
313,496,114.487,241.419,241.916,88.1053,75.6611,174.22,178.202,325.293,667.012,1112.77,957.959
313,497,101.545,117.474,157.793,90.0964,92.0875,163.02,165.26,352.919,705.589,1114.76,1385.79
313,498,137.385,99.8029,147.589,89.1009,93.083,106.025,146.096,261.081,777.766,800.415,1304.9
313,499,117.723,93.5808,130.914,111.003,125.189,99.8029,104.034,173.224,508.721,793.197,730.727
313,500,79.6432,85.1187,94.5764,112.994,109.758,98.8074,98.0607,116.229,385.772,688.914,716.291
313,501,88.3542,100.798,139.127,135.642,158.291,111.998,103.038,159.038,462.926,437.042,632.417
313,502,122.203,87.1098,135.145,129.42,110.754,98.8074,92.0875,132.407,407.176,499.512,448.242
314,489,69.9367,88.1053,99.8029,94.3275,86.8609,133.651,102.043,151.82,473.131,500.508,485.077
314,490,72.1767,101.794,136.14,121.207,115.98,174.22,159.286,184.424,477.113,615.244,832.023
314,491,110.256,176.211,231.712,171.98,233.952,180.442,220.512,261.081,688.416,919.133,1169.76
314,492,130.914,296.92,691.652,222.752,208.068,176.46,217.277,338.484,730.976,1290.72,1539.11
314,493,184.175,470.891,868.36,210.308,164.513,173.224,181.188,372.332,898.475,1221.03,1628.21
314,494,209.064,240.174,299.16,178.202,132.407,135.642,229.472,418.127,1101.57,1079.91,1272.05
314,495,265.809,384.03,200.601,121.207,96.3186,181.437,272.529,419.123,1232.73,1097.33,1068.46
314,496,162.522,341.968,203.588,125.438,146.096,202.841,336.742,520.17,1364.64,1209.83,1030.63
314,497,113.492,130.167,164.264,156.549,153.313,122.203,185.419,325.293,1098.58,1478.13,1068.46
314,498,151.571,89.3498,105.03,102.541,110.754,89.5987,106.025,226.237,650.835,1237.46,1195.4
314,499,141.865,77.6522,106.025,133.651,139.873,131.411,119.216,201.846,491.299,673.483,762.335
314,501,167.749,113.492,155.802,209.312,168.744,116.229,127.18,237.685,388.759,508.721,564.969
314,502,128.674,101.794,168.246,145.1,128.425,95.8208,104.034,174.22,401.95,434.056,463.673
314,507,43.8038,94.5764,139.127,106.772,118.967,111.998,142.113,146.842,191.89,427.834,588.364
314,508,47.0393,50.5237,131.909,127.429,93.083,144.851,107.021,143.856,167.5,275.267,720.523
315,486,80.8877,80.8877,137.136,99.5541,75.6611,196.868,169.242,176.46,505.486,531.121,440.029
315,487,68.9412,93.5808,125.687,111.998,83.8743,155.055,152.318,231.463,477.113,549.538,514.694
315,488,87.3587,91.3409,93.5808,165.758,118.967,107.021,161.278,265.063,310.609,438.038,519.921
315,489,92.8342,104.034,76.9055,176.211,134.647,161.029,152.318,194.628,384.776,471.886,725.5
315,490,93.8297,231.961,182.931,173.971,168.744,379.301,359.888,267.054,1010.22,923.364,1079.66
315,491,282.982,290.698,269.045,374.074,483.335,339.479,403.941,343.71,1471.41,1632.69,1533.13
315,492,329.773,238.183,312.6,286.965,283.729,163.02,215.286,337.488,1363.64,1983.86,1753.15
315,493,101.545,463.673,366.608,182.433,118.967,161.029,237.436,408.918,1117.99,1684.95,1514.72
315,494,93.8297,205.579,184.922,179.197,182.184,271.285,311.604,593.591,1108.78,1301.92,1146.12
315,495,375.568,269.543,132.905,151.322,171.731,365.115,361.879,636.399,950.492,1255.87,842.227
315,496,271.036,250.876,149.58,153.313,106.523,324.297,376.812,676.221,762.584,1202.61,1075.68
315,497,216.779,90.3453,99.8029,186.415,144.851,179.446,217.277,435.549,761.589,757.358,1200.37
315,498,217.775,82.8788,100.798,180.193,163.518,107.021,92.0875,181.437,566.463,559.992,681.448
315,502,152.567,105.03,145.349,176.211,132.407,115.234,131.162,226.237,456.953,620.222,605.786
315,504,80.8877,80.8877,153.811,80.8877,80.8877,111.003,121.207,179.446,425.345,345.95,817.588
315,505,65.7057,74.6655,120.46,132.656,96.3186,129.42,124.194,140.62,344.208,497.521,499.512
315,506,62.4702,75.6611,110.256,172.975,115.98,104.034,109.012,147.838,234.45,676.47,634.408
315,507,47.0393,90.3453,127.678,134.647,116.976,128.425,163.269,192.637,172.477,569.2,882.049
315,508,55.7503,60.9769,147.589,104.781,85.8654,100.798,104.034,156.051,157.295,321.311,992.803
315,509,45.0482,61.9724,107.021,122.203,88.1053,118.22,94.0786,131.411,159.286,190.397,566.96
316,486,86.3631,79.8921,145.349,64.2124,76.6566,139.625,144.105,258.094,490.304,518.926,449.238
316,487,104.781,79.8921,159.038,91.092,75.6611,182.433,164.264,320.315,304.635,516.934,604.791
316,488,87.3587,88.1053,167.251,175.215,127.429,172.229,180.193,225.241,613.253,594.587,716.291
316,489,153.811,140.62,161.029,178.202,122.203,233.454,155.304,179.446,1347.46,1062.49,961.941
316,490,179.695,114.487,240.921,154.309,174.966,657.803,357.897,217.277,1585.15,1735.97,1366.13
316,491,123.198,378.803,385.274,404.189,463.673,447.744,398.963,343.71,1568.72,1761.61,1740.95
316,492,166.753,513.948,490.304,243.41,324.048,285.471,391.994,684.434,1683.46,1477.13,1673.25
316,493,152.567,380.794,353.168,245.65,193.633,551.778,679.705,879.062,1679.48,1373.6,1468.67
316,494,174.468,222.503,190.148,479.851,387.265,412.9,722.762,786.228,1640.9,1173,1359.16
316,495,379.799,288.458,163.02,388.51,357.15,233.454,369.843,491.548,1412.42,1158.81,780.753
316,497,459.193,97.563,168.246,205.081,155.304,142.611,133.154,245.65,461.931,1232.48,1282.26
316,498,134.149,118.718,177.704,376.065,248.387,135.642,143.109,326.288,552.276,579.405,874.085
316,500,155.802,144.851,249.383,278.751,130.416,149.829,154.309,334.502,1024.41,491.299,292.689
316,502,114.487,120.709,149.58,171.98,107.767,122.203,107.021,198.859,478.108,831.028,926.102
316,503,89.5987,108.265,170.486,111.998,96.3186,121.207,120.212,148.833,323.8,829.036,694.887
316,504,83.1276,84.1232,188.157,81.8832,80.8877,93.8297,84.1232,150.824,617.235,640.63,1187.18
316,505,80.8877,97.563,185.917,145.1,98.3096,125.438,136.14,170.237,569.698,654.07,954.723
316,506,72.1767,112.247,146.593,122.203,92.0875,97.8119,116.229,132.407,241.667,1009.23,980.359
316,507,60.2302,74.6655,168.246,119.216,93.083,130.416,145.1,178.451,189.899,637.644,1102.31
316,508,54.7547,84.1232,160.033,77.6522,63.2168,95.8208,111.998,159.038,126.931,407.425,1050.05
316,509,56.9947,86.1143,95.5719,94.3275,92.0875,93.8297,124.194,155.055,166.504,192.388,692.896
317,486,86.3631,91.3409,148.584,120.212,143.856,111.998,106.025,175.464,485.326,464.669,403.194
317,487,99.3052,165.758,290.947,115.98,112.745,148.833,148.087,179.446,902.706,753.375,627.439
317,488,152.567,186.913,259.587,90.0964,64.2124,211.055,235.445,409.914,1403.21,1097.33,733.713
317,489,170.984,287.462,198.361,88.1053,94.3275,231.463,325.791,582.391,1473.4,1171,740.931
317,490,179.695,180.442,219.268,179.197,200.85,864.876,1061.74,1104.55,1632.69,1156.57,778.762
317,491,209.064,197.366,166.255,678.71,580.649,937.301,1756.63,1862.41,2248.18,1796.45,1517.7
317,492,521.166,391.247,372.83,635.155,628.435,508.97,1215.06,1726.77,1955.74,2522.2,2585.17
317,493,324.297,238.183,396.723,277.756,270.289,560.987,542.321,959.701,1099.57,2191.68,2418.42
317,494,181.935,197.366,260.832,254.858,139.873,494.535,406.927,647.599,714.798,1373.6,1839.01
317,495,160.282,132.158,175.464,246.645,136.638,256.849,286.467,451.727,887.524,566.96,1262.84
317,498,234.201,233.952,307.373,220.761,106.523,292.689,412.9,682.194,940.288,546.552,468.651
317,499,172.229,210.806,466.411,141.865,101.545,156.051,271.534,478.357,914.902,680.701,268.049
317,500,198.361,185.668,219.268,117.225,103.536,165.26,177.206,445.753,1176.73,865.871,819.828
317,501,112.496,145.847,219.268,113.989,104.532,133.651,141.118,248.885,853.925,1089.12,925.106
317,502,140.62,244.405,144.353,114.985,81.8832,111.998,136.14,171.233,560.489,1091.11,1233.23
317,503,86.3631,114.487,194.379,89.1009,76.6566,93.8297,152.318,192.637,596.08,944.768,939.541
317,504,97.0652,135.394,203.588,79.8921,91.092,104.034,121.207,176.46,563.476,1243.68,1412.42
317,505,105.776,112.247,241.916,138.878,107.767,107.021,172.229,245.65,704.594,793.197,1599.58
317,506,103.785,179.446,143.358,97.3141,93.083,113.243,144.105,164.264,247.641,1150.6,1303.91
317,507,67.6968,130.167,169.242,77.6522,76.6566,175.464,135.145,163.02,199.855,632.666,1483.85
317,508,56.9947,95.5719,171.482,91.092,72.4256,132.407,147.091,163.02,175.464,463.673,926.102
317,509,84.1232,79.8921,100.798,87.1098,129.42,101.794,131.162,206.077,139.127,244.654,713.305
318,486,69.9367,86.1143,106.025,232.21,226.734,153.811,187.411,263.072,762.584,484.082,390.003
318,487,109.012,113.492,153.811,187.659,148.087,187.659,254.61,478.357,1057.02,728.736,438.038
318,490,386.27,334.751,665.768,442.518,490.553,1313.62,762.833,1253.39,1925.13,1333.78,918.884
318,491,210.308,328.28,485.077,281.738,267.054,1786.75,1242.19,1950.26,2645.15,2847.74,2340.52
318,492,247.143,838.992,560.987,344.955,215.286,925.106,949.497,1518.7,1764.84,3216.34,3042.62
318,493,502.748,778.264,712.558,248.636,252.618,300.902,459.94,679.208,1005.25,1872.11,1995.56
318,494,419.123,431.069,558.747,135.642,150.078,181.437,253.614,328.28,718.78,1207.84,814.601
318,495,319.071,209.81,279.498,100.55,93.083,156.051,218.521,363.123,540.081,967.168,918.884
318,496,273.276,351.426,303.391,154.309,148.087,277.258,366.857,603.795,1332.28,407.425,528.134
318,497,210.308,386.021,662.781,184.424,161.526,212.05,269.543,509.966,879.311,817.837,335.746
318,498,506.979,223.499,217.028,111.003,121.207,384.528,506.232,965.923,911.915,612.009,631.422
318,500,166.753,164.762,171.482,194.877,241.17,149.829,150.327,321.311,803.152,1797.45,1394.01
318,501,239.676,192.139,228.477,86.1143,109.758,151.82,186.415,322.306,1140.39,913.16,1688.69
318,502,229.721,254.858,134.149,102.541,82.8788,146.842,163.269,199.855,808.13,1305.15,1168.76
318,503,126.434,220.263,176.708,101.545,97.3141,158.042,241.419,315.089,1199.13,1133.17,1316.1
318,504,155.802,154.309,240.921,138.878,150.078,115.234,174.22,182.433,546.303,1830.3,1356.92
318,505,164.513,192.139,199.357,164.762,166.753,124.443,146.096,287.462,663.03,1092.11,1966.94
318,506,111.252,151.073,123.696,109.758,136.638,162.024,223.499,210.059,297.418,1192.41,1421.63
318,507,92.8342,129.171,157.793,115.98,153.313,148.833,129.171,150.824,203.09,693.892,1766.34
318,508,98.3096,118.718,138.131,186.415,160.531,184.424,158.291,181.437,249.632,361.381,943.524
318,509,75.4122,94.5764,114.238,168.993,224.743,101.794,106.025,182.433,143.109,345.95,565.965
319,489,354.91,241.419,239.925,464.171,355.159,209.064,310.609,360.883,2254.15,1070.7,467.655
319,490,281.987,532.863,433.06,1274.29,1034.12,479.353,1149.85,1315.61,4458.78,2662.32,1292.46
319,491,411.407,544.312,623.208,855.916,853.925,523.157,1431.84,1889.04,5330.12,3722.82,2100.09
319,492,298.413,214.041,255.605,182.433,221.508,349.684,573.431,1004.5,2941.82,3884.6,2204.38
319,493,425.594,489.806,249.383,178.202,191.393,262.076,243.41,507.975,1011.22,1966.44,1811.39
319,496,255.854,203.588,230.717,172.975,170.735,254.858,420.865,1094.35,1074.19,618.231,533.112
319,497,238.432,188.904,156.798,242.414,214.29,271.285,592.347,983.096,1438.81,593.591,275.267
319,498,453.718,223.499,213.046,135.642,124.194,282.485,250.378,459.94,697.625,871.098,667.261
319,499,387.514,362.875,142.362,170.984,127.429,534.356,477.113,854.672,2064.25,730.727,386.768
319,500,254.858,173.224,121.456,207.321,142.86,223.25,179.197,245.65,653.821,2586.66,1417.4
319,501,409.167,323.053,125.687,89.1009,76.6566,205.828,404.936,657.803,1469.42,1074.69,2121.5
319,502,321.062,281.24,148.584,89.1009,101.545,147.838,262.574,258.094,1099.57,1444.28,1019.18
319,503,179.695,269.543,149.58,125.438,74.6655,216.032,196.37,445.753,1474.4,1389.03,1770.57
319,504,255.854,223.499,205.579,209.312,157.295,211.055,276.511,284.476,950.492,1765.84,1317.1
319,505,190.646,183.677,123.696,210.308,191.393,146.842,139.127,204.832,498.517,1591.62,1839.01
319,506,113.492,135.394,112.247,154.309,151.073,251.872,247.392,270.289,351.177,1083.89,1502.27
319,507,97.0652,150.078,172.477,276.76,297.169,178.451,155.304,130.416,216.281,800.415,1708.1
319,508,107.021,80.8877,115.234,258.094,242.165,157.047,159.286,219.268,331.017,287.711,1154.33
320,488,286.467,264.316,576.418,393.736,390.252,173.224,306.627,386.519,1090.61,623.457,587.369
320,489,235.196,718.531,1474.89,173.971,159.535,635.404,576.418,1059.75,1787.24,745.162,387.763
320,490,791.953,489.806,713.554,452.722,299.16,2176.5,2763.37,4416.47,3405.74,1056.27,350.928
320,491,625.697,199.357,181.686,408.172,315.835,1802.18,3019.97,5427.19,4042.64,1537.36,550.534
320,492,214.539,180.442,190.148,177.206,198.859,492.544,1261.35,2525.44,2061.27,1970.42,822.814
320,493,289.702,200.353,162.024,295.427,381.043,241.667,438.038,639.386,539.085,1181.21,1084.89
320,494,565.716,463.673,191.144,475.62,679.954,352.919,363.87,858.654,1385.05,525.148,728.736
320,496,555.014,393.487,342.715,135.642,150.078,338.484,511.21,695.634,504.49,1020.43,897.48
320,498,338.484,215.037,306.378,394.732,414.145,242.663,472.135,494.535,1070.21,929.337,484.082
320,499,224.494,155.304,220.263,259.089,372.581,355.906,311.604,651.581,2425.88,1087.13,789.961
320,500,291.693,107.021,97.563,180.193,149.082,189.65,196.37,273.276,935.062,2701.4,1465.44
320,501,413.647,233.952,142.362,112.994,154.309,409.914,601.555,1066.72,1647.12,1451.5,2058.03
320,502,185.171,195.126,165.26,82.8788,96.3186,238.681,572.436,666.017,1602.32,1561.01,933.319
320,503,192.886,217.277,210.806,109.758,91.092,227.481,139.127,333.506,1159.56,2005.27,1979.38
320,504,266.805,199.357,156.798,154.309,86.8609,249.881,303.64,438.536,1452,1246.67,1616.01
320,505,112.496,144.851,148.584,202.095,121.207,161.029,182.184,148.833,474.126,1746.18,1427.61
320,506,88.3542,134.398,161.029,173.971,123.198,293.684,289.702,296.671,303.64,1081.9,1518.7
320,507,91.8386,123.945,248.387,395.727,274.271,231.463,245.401,171.233,181.686,749.144,1387.78
320,508,75.4122,81.8832,144.353,276.76,238.183,125.438,116.229,228.477,336.99,314.093,1137.9
320,509,63.4657,69.439,132.905,267.303,195.624,108.016,142.113,180.442,295.427,365.363,507.477
321,489,274.271,488.81,912.911,209.312,172.975,369.097,246.396,671.99,479.104,309.115,413.398
321,490,317.826,406.927,535.85,235.196,151.073,1345.22,942.279,2482.63,1503.76,823.063,683.688
321,491,348.439,156.3,151.571,450.731,377.808,1156.57,1269.31,2665.06,1865.39,1878.34,1633.43
321,492,473.38,160.531,163.02,516.934,474.126,1390.02,1352.44,1651.35,1263.09,1733.98,1613.02
321,494,382.039,364.119,217.028,1371.85,1550.55,415.14,633.662,537.343,724.007,1003.01,720.523
321,495,252.618,303.142,143.358,532.614,663.528,745.411,660.541,1433.08,1351.45,979.612,759.349
321,496,246.147,161.526,157.793,189.65,153.313,669.003,558.249,644.613,534.108,969.408,852.432
321,497,434.305,239.179,245.152,181.437,154.309,984.092,1057.76,1592.12,1359.66,465.664,693.892
321,498,523.405,177.455,163.02,756.362,498.019,504.739,638.639,912.911,1823.58,910.92,443.016
321,499,181.935,146.842,170.486,531.619,458.446,423.105,307.622,682.194,2519.22,1508.74,894.493
321,500,169.989,92.3364,102.79,245.65,206.077,332.511,303.64,439.531,1517.95,2188.45,1463.44
321,501,228.725,173.224,152.815,236.192,258.841,480.348,405.932,965.923,1640.9,1550.8,1487.09
321,502,147.091,160.531,154.807,107.767,143.856,390.501,611.511,997.532,2016.72,1701.13,866.867
321,503,165.758,152.069,258.592,111.003,113.989,185.668,156.3,233.454,840.734,2371.63,1821.59
321,504,200.353,184.673,214.041,82.8788,72.4256,183.428,207.321,480.348,1289.47,1169.01,2010
321,505,101.545,226.734,309.613,108.763,83.8743,165.26,186.415,198.859,644.613,1378.82,1352.94
321,506,86.3631,148.087,275.267,135.642,108.763,238.681,191.393,212.05,287.213,1115.75,1303.91
321,507,91.8386,123.945,265.809,243.41,160.531,231.463,253.614,211.055,213.046,733.962,1161.55
321,508,75.4122,113.492,146.593,162.771,126.185,101.794,136.14,231.463,211.055,391.994,971.15
321,509,66.7012,114.487,183.926,138.878,131.411,103.038,130.167,217.277,262.823,267.054,622.213
322,489,187.411,460.438,477.859,190.646,200.85,126.434,172.229,249.881,957.461,303.889,231.214
322,490,733.216,978.616,726.994,163.766,136.638,477.362,922.368,1386.04,3687.23,1214.06,450.233
322,491,461.433,441.522,504.739,462.18,358.146,1483.85,2387.31,3234.26,5044.9,3243.97,1426.61
322,492,304.884,314.84,425.842,388.51,341.719,1633.93,1427.61,1843.99,2326.33,3316.64,1995.56
322,493,273.276,323.053,742.673,1120.98,990.563,2165.3,1556.03,1068.96,526.89,1383.8,1192.16
322,494,986.581,349.435,281.489,2195.42,1883.81,1638.91,2167.79,1370.86,491.299,741.18,1030.63
322,495,603.795,214.041,191.144,811.366,772.291,397.718,723.758,841.481,729.98,499.512,1040.84
322,496,170.984,316.831,366.608,450.731,401.701,425.345,217.277,403.941,664.026,663.279,560.738
322,497,536.348,963.932,1103.06,236.192,265.063,918.884,652.577,1279.02,1225.51,780.006,765.571
322,498,363.621,415.389,471.637,264.316,140.869,474.126,528.134,1131.18,1727.26,1023.66,715.296
322,499,258.094,231.961,282.485,190.646,164.513,400.705,417.878,850.689,1597.34,1480.12,899.471
322,500,136.389,122.7,186.913,444.509,452.473,479.353,526.143,779.259,1679.48,1189.42,1271.06
322,501,167.749,193.135,163.02,187.659,294.929,346.697,291.693,743.42,2025.68,1125.96,681.448
322,502,201.597,176.211,131.909,148.087,142.86,351.675,384.776,720.025,1654.09,1971.42,779.757
322,503,169.989,199.357,200.601,114.985,125.189,127.429,163.269,288.458,783.739,2033.89,1537.11
322,504,180.94,245.401,159.038,91.092,81.8832,138.629,226.485,391.496,879.311,1229.24,1620.99
322,505,111.252,268.547,353.168,80.8877,100.55,111.998,160.282,170.237,696.63,1018.44,1488.08
322,506,91.8386,140.62,323.053,130.665,100.55,138.629,115.234,145.847,324.795,963.186,1124.71
322,507,78.6477,153.313,211.801,153.313,174.966,167.251,160.282,155.055,220.263,692.896,983.594
322,508,64.4613,120.709,131.909,135.642,118.967,124.443,136.14,202.841,166.504,456.455,734.709
322,509,52.5148,113.492,142.362,118.22,161.526,79.3944,124.194,170.237,147.091,290.698,721.518
322,510,72.1767,55.7503,106.025,84.8698,76.6566,107.021,91.092,119.216,210.059,158.54,493.29
323,489,265.809,316.831,334.502,413.398,311.604,236.441,273.525,450.731,655.812,628.435,1125.71
323,490,424.349,873.587,680.203,257.098,214.29,1234.97,1463.69,3233.27,3234.26,398.216,838.245
323,491,200.353,272.778,383.283,141.865,128.425,2480.39,3477.42,5912.76,4178.53,1658.32,385.772
323,492,410.412,910.422,1407.2,504.49,522.659,1556.28,2503.78,2790.5,1318.1,2289.74,1023.42
323,493,458.198,594.836,1810.39,1397.74,1451.25,2634.45,2182.72,1687.94,790.957,1071.7,1384.55
323,494,454.962,528.632,491.299,1649.36,1629.2,2677.26,2267.09,2454.01,1451,1354.18,1653.84
323,495,273.276,517.183,535.85,956.217,956.466,830.032,1001.51,1199.38,1202.12,1701.13,2370.13
323,496,159.038,206.824,263.818,481.842,359.141,231.463,337.737,327.284,908.68,1330.79,2227.02
323,497,297.169,373.577,499.512,450.731,411.905,442.518,285.471,647.599,1038.85,1024.66,1444.03
323,498,285.222,182.682,203.588,119.216,148.087,517.93,432.065,829.285,1023.42,1029.64,823.81
323,499,289.702,234.948,370.839,303.64,209.064,895.489,831.028,1126.95,789.961,1100.32,739.936
323,500,148.336,112.247,176.708,1031.88,863.383,728.238,892.253,1116.75,1131.18,722.762,922.119
323,501,213.543,269.543,193.135,260.085,389.256,221.259,362.875,1037.35,2459.48,584.382,461.433
323,502,130.914,119.714,134.149,228.974,200.85,203.837,276.511,524.152,1346.47,1902.98,600.809
323,503,178.7,196.121,92.5853,107.767,113.989,207.072,211.303,342.715,818.334,1566.23,1344.73
323,504,104.781,134.398,94.5764,120.212,121.207,194.628,305.631,422.109,695.385,1248.91,1072.45
323,505,98.3096,168.993,160.033,154.309,201.846,118.22,129.171,176.46,506.73,1041.09,1428.6
323,506,87.3587,110.256,162.024,125.438,102.541,136.638,168.246,204.832,455.958,677.714,1121.73
323,507,60.2302,140.62,138.131,143.109,171.731,119.216,153.313,138.629,290.2,607.031,858.654
323,508,58.9858,73.4211,102.79,226.983,180.193,173.224,111.998,154.06,216.281,525.148,532.116
323,509,53.7592,80.8877,89.3498,160.531,209.064,107.021,120.212,171.233,126.931,423.851,721.518
323,510,58.9858,54.7547,97.563,89.1009,90.0964,110.007,126.185,175.464,190.895,161.775,589.36
324,488,195.126,522.41,611.76,155.553,140.869,802.655,700.612,832.272,1488.58,1312.37,646.853
324,489,145.1,403.941,327.284,156.549,111.749,328.28,349.684,440.527,622.462,2150.62,2052.06
324,490,154.807,231.961,188.157,238.432,182.184,737.447,613.502,1886.8,927.097,1089.12,2364.16
324,491,346.199,413.398,500.757,185.419,188.406,2717.08,2149.62,3710.63,1785,524.152,885.284
324,493,505.984,553.769,1596.35,1316.85,1179.96,2798.71,2229.02,1777.79,686.425,1932.59,1319.09
324,494,438.536,711.065,949.248,2470.93,2121.99,1088.13,1044.57,1014.7,649.839,1221.03,1360.16
324,495,538.587,488.81,687.67,2014.23,1759.62,591.6,418.874,706.834,760.593,1152.59,1533.13
324,496,176.46,313.595,491.299,292.191,280.494,568.951,647.599,847.454,1010.22,1012.22,1899.49
324,497,547.298,430.074,166.255,235.196,165.758,309.862,618.48,927.097,1761.86,773.784,1022.42
324,498,269.045,598.818,565.965,325.293,366.359,617.982,518.179,683.439,1356.67,1124.96,513.699
324,499,188.406,531.868,925.355,303.64,291.942,1359.41,873.089,1089.37,832.521,1225.26,694.887
324,500,123.198,134.398,169.242,667.261,457.451,868.858,897.231,1237.21,838.743,937.55,776.771
324,501,185.171,209.81,219.268,173.971,187.411,196.868,378.803,1172,1987.1,580.4,678.461
324,502,160.282,159.535,148.584,257.098,177.953,159.038,293.684,539.583,1294.7,1448.51,625.2
324,503,197.117,105.03,136.14,145.1,128.425,233.454,215.286,357.897,933.07,1379.82,1330.54
324,504,126.434,93.5808,116.478,182.433,131.411,276.263,324.795,409.914,832.521,1148.36,903.702
324,505,126.434,85.1187,150.576,203.09,210.059,133.651,133.154,197.864,320.813,1318.34,1201.37
324,506,71.1812,87.1098,134.149,94.3275,104.532,254.858,246.396,348.688,504.49,555.761,1244.43
324,507,69.9367,84.1232,194.379,113.989,130.416,161.029,218.521,228.477,316.831,475.868,821.819
324,509,58.9858,75.6611,90.3453,146.096,163.518,92.8342,136.14,166.255,146.096,455.46,609.022
324,510,57.9902,64.2124,87.3587,72.6745,91.092,119.216,139.127,231.463,175.464,172.975,511.708
325,487,185.171,221.508,172.477,163.766,166.753,221.259,185.419,459.94,910.671,217.028,399.212
325,488,181.935,142.86,191.144,347.195,285.72,470.144,336.742,764.824,1978.14,868.111,268.049
325,489,107.021,132.158,208.815,230.965,157.295,542.57,441.024,581.396,1459.21,2177.25,1017.19
325,490,99.3052,164.762,216.032,109.758,113.989,387.514,401.95,406.927,755.366,1919.15,1858.43
325,491,262.325,525.645,652.328,139.873,140.869,1315.61,548.294,838.245,1915.17,699.118,1387.78
325,492,393.985,807.632,1512.23,229.97,193.633,2786.27,1783.76,2017.46,3119.53,1279.52,529.13
325,493,561.485,2003.28,3213.36,1019.43,982.35,3651.15,4303.47,3573,3263.63,2361.42,660.043
325,494,514.694,1629.95,2175.75,2255.65,2198.4,2345.74,3712.87,2756.9,2364.91,1828.06,884.289
325,495,605.04,584.382,364.617,1726.02,1687.19,455.709,758.851,595.582,1137.16,1191.41,706.087
325,497,161.278,325.293,262.823,272.529,297.169,1054.53,1595.1,2516.23,2139.42,459.442,501.504
325,498,238.432,516.188,656.31,905.444,759.846,682.194,899.222,1313.62,2299.95,1041.09,302.893
325,499,191.642,473.131,813.357,362.626,426.589,822.068,568.454,938.297,1361.65,1630.7,793.197
325,500,392.99,435.3,263.818,132.656,109.758,548.543,680.701,1096.34,1634.93,1373.6,823.81
325,501,216.779,276.014,282.485,191.642,137.633,202.841,309.613,834.263,1505.76,1747.42,1321.33
325,502,334.253,285.471,209.81,182.433,158.291,213.046,291.693,406.927,1137.16,1566.23,1660.06
325,503,170.984,122.7,248.387,111.003,92.0875,174.22,154.309,298.662,979.861,1274.29,1675.25
325,504,208.068,113.492,127.678,131.66,94.3275,256.849,247.392,298.662,881.302,1057.26,1093.1
325,505,146.096,135.394,207.819,141.865,134.647,122.203,131.162,183.428,247.641,1369.61,1026.4
325,506,69.9367,131.162,183.926,97.3141,89.1009,279.498,306.627,416.136,372.581,557.752,1369.37
325,507,72.1767,79.8921,264.814,83.8743,83.8743,167.251,245.401,278.502,277.009,372.581,814.601
326,487,178.7,226.734,381.292,94.3275,92.0875,302.893,225.49,224.246,356.404,423.851,559.743
326,488,104.781,296.92,300.155,194.877,162.522,284.476,201.348,524.152,1018.44,254.858,377.559
326,491,341.719,212.05,298.164,111.003,99.3052,428.331,560.24,1226.01,1025.41,1235.47,1209.58
326,492,774.531,748.895,1146.61,228.974,193.633,2905.73,3044.11,4529.71,2679.75,870.102,1404.21
326,493,1037.6,1787.24,2828.08,1089.87,1038.1,7431.21,7553.42,9135.08,5007.32,1308.14,924.111
326,494,818.085,1419.14,1951.51,2014.23,1934.58,5201.45,6144.73,6918.51,5624.56,2223.29,775.775
326,495,488.562,698.621,368.848,1782.02,1745.18,958.706,1718.55,2057.28,3798.73,2883.58,923.115
326,496,254.858,361.879,477.859,1143.88,1156.32,1689.93,1650.36,2160.32,1502.77,2802.7,1305.9
326,497,414.643,673.483,1062.49,849.694,878.813,1595.1,1719.55,3031.42,2214.58,976.625,1079.66
326,498,536.348,435.3,435.3,816.343,669.75,848.449,946.51,1693.17,2835.05,1308.14,357.15
326,499,308.12,225.49,275.267,275.516,274.271,297.667,370.839,853.676,2270.58,2240.71,1187.18
326,500,397.221,601.058,395.727,95.323,91.092,340.475,490.055,882.298,2725.54,2111.79,1165.53
326,501,280.991,213.046,236.939,311.853,203.837,230.468,245.401,429.327,1089.62,3296.98,2150.12
326,502,404.936,402.945,162.024,154.309,158.291,265.063,283.48,405.932,877.32,1853.7,2986.37
326,503,161.278,158.54,216.032,109.758,84.8698,145.847,150.327,232.459,934.066,1133.17,1892.27
326,504,191.642,137.385,142.362,105.776,123.198,178.451,151.322,187.659,666.017,1034.86,1234.22
326,505,130.914,120.709,193.135,145.1,118.967,121.207,105.03,152.815,217.277,1117.74,995.789
326,506,69.9367,158.54,149.58,92.3364,97.3141,195.624,228.477,345.701,249.632,540.33,1190.17
326,507,67.6968,100.798,218.272,92.3364,74.6655,124.443,184.424,229.472,200.85,297.916,769.553
327,488,91.8386,120.709,147.589,143.109,169.74,216.032,220.512,348.688,303.64,547.547,619.226
327,489,65.7057,82.8788,118.469,155.553,151.073,327.284,299.658,612.009,808.13,323.302,619.226
327,490,92.8342,141.616,134.149,178.202,168.744,329.275,360.883,647.599,1652.1,697.127,541.325
327,491,160.282,361.879,430.074,159.535,150.078,393.736,282.485,611.013,1562.75,2043.1,1184.2
327,492,412.403,1538.61,1653.34,211.303,202.841,2543.61,1494.8,2938.59,1399.23,2500.8,2298.7
327,493,1003.01,2455.25,2455.25,335.746,230.965,5419.72,4092.92,6714.42,3207.88,1751.4,2185.96
327,494,1419.39,1835.28,1951.51,947.008,639.635,4086.69,4227.31,6223.87,4860.98,1937.82,1377.58
327,495,1705.36,1014.21,1058.26,1455.73,1093.1,1982.62,2587.91,3374.14,4112.58,3036.15,1300.67
327,496,841.978,824.308,895.24,1299.18,1126.21,1704.12,1720.54,2002.28,2172.02,3303.2,2023.19
327,497,462.429,831.774,965.923,960.448,802.157,869.854,837.001,1930.85,2791.5,1866.14,1914.92
327,498,419.123,412.154,244.156,274.52,239.179,524.152,808.13,1650.36,3152.88,2288.75,1109.28
327,499,866.867,464.669,326.04,227.979,218.521,243.659,457.949,913.906,2689.95,2764.87,1936.33
327,500,275.516,276.014,450.731,135.642,147.091,296.671,337.737,678.212,2818.87,2498.56,1489.08
327,501,334.253,160.531,114.238,204.086,131.411,208.068,177.206,261.081,764.575,3586.68,2455.25
327,502,282.982,180.442,122.7,152.318,117.972,250.876,315.586,487.566,807.135,1597.84,2948.54
327,503,137.385,100.798,112.247,282.982,211.303,177.455,266.556,341.719,696.63,999.025,1710.09
327,504,140.62,113.492,113.243,249.632,240.174,121.207,120.212,131.411,396.972,893.498,1427.61
327,505,103.785,150.078,117.474,222.752,207.072,118.22,109.012,137.633,227.481,746.158,939.541
327,506,58.9858,121.705,89.3498,117.225,149.082,121.207,124.194,215.037,166.504,502.499,892.502
327,507,43.8038,68.1945,106.025,121.207,106.523,104.034,109.012,159.038,145.1,277.258,653.821
328,489,72.1767,85.1187,150.576,179.197,193.633,223.25,196.37,345.701,669.999,697.127,740.931
328,490,128.674,137.385,151.571,144.105,132.407,374.323,600.56,1033.12,2391.29,862.885,846.458
328,491,605.04,245.401,277.258,193.882,181.188,347.693,983.594,1271.8,3401.76,2167.04,1225.01
328,492,965.923,507.726,774.779,490.055,490.553,537.343,798.921,1163.79,2722.31,3280.8,2117.51
328,493,742.922,1498.79,1662.8,557.503,600.311,1566.48,1404.71,2719.32,2889.06,2629.72,2550.33
328,494,932.324,1912.93,1983.61,346.199,374.821,2312.14,2171.77,3836.07,3943.09,2239.72,2192.18
328,495,1269.31,1613.02,1805.16,286.965,250.627,2010.25,1825.82,3012.01,4066.78,3276.57,2184.96
328,496,408.172,717.536,989.816,313.844,221.508,995.292,964.43,1504.51,2816.88,3952.3,2826.59
328,497,572.436,409.167,292.938,204.086,179.197,342.715,463.175,1154.58,2660.33,2780.05,2503.29
328,498,254.858,340.973,287.711,222.752,190.397,619.973,920.377,1643.14,2486.86,2513.99,1808.4
328,499,677.714,458.446,243.161,468.402,414.145,352.919,572.436,869.854,2113.03,2217.07,2068.24
328,500,202.593,236.192,346.946,150.327,189.402,195.624,204.335,431.318,1900.98,2230.51,1455.23
328,501,379.799,362.875,284.725,88.1053,78.6477,180.442,153.313,213.046,550.285,2694.18,2242.21
328,502,143.856,243.41,315.835,127.429,73.4211,275.267,300.653,508.97,704.594,1151.59,2268.84
328,503,107.021,121.705,178.7,306.627,217.277,237.685,295.676,347.693,457.949,1015.45,1496.3
328,504,78.6477,106.025,128.923,297.418,245.401,93.8297,112.994,114.238,301.4,681.696,1395
328,505,78.6477,139.625,103.785,245.65,203.837,100.798,129.171,140.62,280.245,509.717,802.406
328,506,73.1722,91.3409,109.012,155.553,179.197,88.6031,94.0786,113.243,169.491,460.686,648.844
328,507,62.4702,64.2124,83.1276,149.331,142.86,114.238,115.234,149.829,133.9,270.289,635.404
329,488,56.9947,92.3364,201.597,104.781,127.429,172.229,231.463,290.698,529.876,370.59,322.306
329,489,63.4657,80.8877,156.798,123.447,117.972,152.815,140.122,245.65,668.008,683.688,613.004
329,490,95.0741,311.604,304.387,127.429,112.745,644.613,610.515,1255.63,1523.18,902.706,893.498
329,491,238.432,813.854,670.994,146.096,136.638,1164.78,1395.75,2341.76,2417.67,1472.9,1152.34
329,492,362.377,791.953,549.538,369.843,310.609,1232.98,1612.28,2363.16,2346.74,2203.88,1629.2
329,493,454.962,652.328,424.847,567.707,515.441,1212.57,1491.82,2526.43,2505.03,2417.67,2289.49
329,494,1086.63,538.09,407.176,450.731,382.039,1164.78,1239.2,2567.25,3427.15,2526.18,2722.31
329,495,1190.92,520.17,446.749,418.625,359.141,779.259,977.372,2276.55,3522.72,3120.02,2610.81
329,496,572.436,216.281,294.929,442.518,398.465,408.918,636.648,1240.19,1917.16,3106.58,2336.53
329,497,525.645,449.984,360.386,286.965,271.285,476.117,447.993,928.093,1596.35,1965.45,1810.39
329,498,211.303,298.911,469.397,254.858,245.401,808.628,740.931,1226.01,1491.57,1870.12,1762.36
329,499,301.649,232.957,134.149,253.863,241.17,370.092,368.848,570.196,1473.4,1561.01,1820.59
329,500,154.807,212.05,141.367,114.985,103.536,167.251,194.379,336.493,1311.87,1826.07,1307.89
329,501,187.411,439.531,399.958,141.865,149.082,153.811,165.26,207.072,513.699,1933.59,1993.57
329,502,92.8342,336.742,418.625,105.776,94.3275,186.664,182.184,385.523,588.862,1070.7,1896.5
329,503,102.541,136.389,275.267,157.544,121.207,184.424,179.197,234.45,260.832,999.025,1604.81
329,504,56.9947,128.176,183.926,149.331,121.207,104.034,112.994,171.233,346.199,452.473,1340.74
329,505,66.7012,87.1098,132.905,176.211,148.087,123.447,156.3,191.642,355.408,431.816,616.986
329,506,61.2257,85.1187,137.136,154.309,156.3,107.021,103.038,140.62,170.486,457.451,541.325
329,507,49.2793,61.9724,84.1232,168.993,148.087,143.856,153.313,179.446,139.127,292.689,515.69
330,489,85.1187,116.478,143.358,75.6611,88.1053,121.207,155.304,196.868,601.058,520.917,447.247
330,490,145.1,132.158,234.699,129.42,117.972,254.858,182.184,432.314,792.948,851.685,816.592
330,491,250.378,231.961,496.526,226.983,198.859,685.43,404.936,805.641,1228.75,1188.43,1212.82
330,492,373.328,371.337,726.994,304.635,260.832,916.893,534.356,985.336,1719.05,1687.94,1710.09
330,493,634.408,444.758,567.209,227.979,215.286,793.446,589.36,1204.6,2253.16,2213.09,2217.82
330,494,909.426,822.317,556.756,120.212,138.629,691.403,814.103,1553.29,2528.42,2595.87,2675.27
330,495,579.902,683.936,565.965,298.413,276.511,691.403,812.112,1566.73,1885.55,2417.67,2566.75
330,496,511.459,248.636,325.044,316.084,254.61,470.144,395.976,740.433,1080.41,1928.61,2102.08
330,497,357.15,294.929,366.608,124.443,107.767,407.923,353.666,680.203,1275.29,1614.27,1954.74
330,498,262.325,131.162,199.357,131.66,113.989,408.918,416.883,782.246,1170.76,1618.25,1978.39
330,499,221.01,182.682,144.353,102.541,110.754,173.224,233.454,488.562,1464.19,1294.95,1461.45
330,500,98.3096,96.5674,103.785,171.98,113.989,241.667,364.866,499.761,1164.53,1776.04,1343.73
330,501,88.3542,195.126,204.584,209.312,221.508,180.442,206.326,195.873,526.89,1663.3,1976.15
330,502,71.1812,180.442,236.939,122.203,117.972,139.625,115.234,239.676,459.94,1038.85,1697.89
330,503,88.3542,141.616,230.717,121.207,121.207,116.229,128.176,162.024,220.263,827.045,1510.48
330,504,50.5237,167.997,204.584,88.1053,83.8743,113.243,126.185,224.246,377.559,361.381,1117.49
330,505,61.2257,109.261,163.02,93.3319,98.3096,131.411,165.26,228.477,373.577,352.172,532.116
331,490,77.6522,217.277,254.61,104.781,83.8743,200.85,256.601,279.498,813.357,659.297,492.295
331,491,152.567,313.595,280.494,194.877,175.962,201.846,323.8,414.145,1265.08,1105.55,908.68
331,492,239.676,304.138,199.357,355.408,297.169,233.454,444.011,675.225,1807.4,1621.49,1492.07
331,493,262.325,367.106,174.468,335.746,317.826,423.105,677.714,1101.57,2319.36,2119.01,2092.88
331,494,281.987,558.996,438.287,224.743,212.299,775.028,852.183,1251.39,2183.22,2459.73,2474.67
331,495,425.594,272.778,325.044,120.212,147.091,586.373,520.17,803.65,1615.51,2309.41,2495.07
331,496,479.851,223.499,153.811,106.772,93.083,253.863,279.498,505.735,1343.48,2055.54,2318.12
331,497,254.858,188.904,137.136,236.192,187.411,335.497,517.183,819.081,1192.16,1715.57,2010
331,498,303.64,157.544,117.474,262.076,252.618,290.698,436.047,744.415,1150.35,1203.86,1506.5
331,499,165.758,179.446,247.143,109.758,106.523,248.885,350.679,728.238,1445.03,1201.62,1113.51
331,500,90.5942,95.5719,165.26,145.1,121.207,294.68,402.945,556.756,969.657,1661.31,1520.69
331,501,73.1722,97.563,121.456,141.865,137.633,190.646,179.197,183.428,512.703,1282.51,1743.94
331,502,88.3542,101.794,101.794,129.42,126.185,168.246,144.105,194.628,359.39,874.085,1343.73
331,503,78.6477,100.798,162.024,118.22,134.647,143.856,127.18,144.851,232.459,625.448,1176.98
331,504,57.9902,92.3364,141.367,68.4434,66.2035,106.025,136.14,229.472,367.603,308.12,855.667
332,490,98.3096,97.563,254.61,120.212,121.207,267.054,189.402,353.915,558.498,356.155,449.238
332,491,129.669,159.535,390.501,163.766,139.873,409.914,369.843,632.417,900.715,636.648,620.222
332,492,139.625,202.593,395.727,185.419,146.096,532.365,551.281,955.719,1279.52,1092.11,961.941
332,493,178.7,167.997,270.04,160.531,151.073,621.964,660.541,1176.98,1490.57,1536.37,1462.45
332,494,255.854,128.176,139.127,100.55,93.083,584.382,570.445,967.914,1457.22,1650.11,1779.78
332,495,327.782,256.103,167.251,92.3364,93.083,269.294,288.707,554.765,1186.93,1597.84,1755.14
332,496,205.828,317.826,362.626,193.882,160.531,344.706,363.87,611.013,876.325,1326.56,1577.19
332,497,210.308,154.309,210.806,233.205,235.943,562.978,505.237,695.634,756.362,996.038,1258.86
332,498,260.334,192.139,143.358,126.434,140.869,346.697,293.684,551.778,949.248,813.854,1017.19
332,499,126.434,128.176,183.926,84.8698,72.4256,226.237,267.552,552.774,1024.41,1080.91,1044.82
332,500,98.3096,95.5719,117.474,111.998,120.212,228.477,241.419,332.511,637.644,1158.81,1210.58
332,501,90.5942,90.3453,154.807,74.6655,73.4211,139.625,139.127,158.042,451.727,817.837,1062.24
332,502,62.4702,102.79,106.025,106.772,78.6477,159.038,134.149,191.642,326.786,702.105,880.058
332,503,61.2257,101.794,97.563,84.8698,90.0964,114.238,122.203,149.829,180.691,524.152,813.606
332,504,57.9902,62.9679,101.794,72.6745,75.6611,115.234,103.038,169.242,218.272,262.076,591.6
333,490,83.1276,123.945,137.136,109.758,108.763,125.438,128.176,142.611,460.935,490.304,524.899
333,491,90.5942,116.478,163.02,166.753,126.185,181.437,122.203,249.881,608.275,634.657,802.406
333,492,95.0741,99.8029,153.811,140.869,157.295,253.863,153.313,380.297,729.98,879.311,1075.68
333,493,101.545,116.478,120.46,137.882,140.869,246.645,186.415,443.513,737.198,1015.45,1263.84
333,494,123.198,173.224,134.149,124.443,131.411,185.668,188.406,366.11,695.385,1023.66,1387.78
333,495,115.732,260.085,290.947,105.776,108.763,170.237,199.357,313.098,585.876,884.289,1354.93
333,496,134.149,145.847,291.942,123.447,109.758,291.693,232.459,359.888,506.73,743.171,1140.14
333,497,187.411,116.478,103.785,92.3364,95.323,276.263,218.521,328.28,588.862,677.714,937.301
333,498,142.86,177.455,128.923,128.425,96.3186,176.46,200.353,356.901,697.625,732.967,836.005
333,499,97.0652,110.256,111.252,205.081,160.531,209.064,284.476,385.523,602.053,724.754,782.993
333,500,88.3542,102.79,80.141,136.887,131.411,181.437,215.286,228.477,472.135,647.848,711.314
333,501,53.7592,85.1187,110.256,78.8966,69.439,133.651,126.185,157.047,395.976,610.018,694.887
333,502,62.4702,75.6611,86.3631,90.0964,89.1009,119.216,122.203,140.62,235.445,566.96,720.523
333,503,54.7547,76.6566,80.141,66.4523,72.4256,88.6031,101.047,110.007,172.477,392.99,669.252
334,491,61.2257,109.261,141.367,107.767,110.754,147.838,163.269,226.237,625.448,648.844,593.591
334,492,62.4702,112.247,190.148,120.212,114.985,137.633,189.402,261.081,634.657,804.646,793.197
334,493,79.6432,119.714,178.7,131.66,120.212,197.864,213.295,310.111,630.426,875.08,968.163
334,494,84.1232,96.5674,124.691,100.55,83.8743,239.676,265.56,290.698,596.08,904.946,1083.89
334,495,95.0741,90.3453,135.145,89.1009,81.8832,243.659,229.472,267.054,481.344,759.597,1105.3
334,496,98.3096,100.798,105.03,70.4345,72.4256,162.024,171.233,250.876,443.762,619.226,918.884
334,497,101.545,140.62,196.37,132.656,104.532,170.237,203.339,304.884,460.935,506.73,723.509
334,498,100.55,117.474,188.157,172.975,156.3,270.289,302.644,368.101,508.721,471.886,573.183
334,499,109.012,77.6522,101.794,158.54,147.091,275.267,323.8,345.701,505.486,539.334,540.33
334,500,79.6432,97.563,88.3542,84.8698,102.541,179.446,189.402,252.867,473.131,641.875,640.63
334,501,63.4657,65.2079,101.794,91.092,88.1053,107.021,109.012,168.246,351.177,669.501,762.335
334,502,65.7057,65.2079,82.1321,93.3319,68.4434,87.6076,103.038,98.8074,181.686,564.969,797.179
334,503,50.5237,73.4211,88.3542,69.439,70.4345,111.003,111.003,107.021,147.091,353.168,669.252
335,493,60.2302,68.1945,141.367,96.3186,96.3186,241.667,209.312,322.306,431.567,439.033,449.238
335,496,69.9367,139.625,201.597,107.767,96.3186,153.811,155.304,241.667,305.631,378.803,517.93
335,497,73.1722,95.5719,178.7,104.781,113.989,266.058,241.419,330.519,374.572,329.524,464.669
335,498,97.0652,62.9679,118.469,89.1009,97.3141,336.493,276.511,358.892,502.499,408.421,476.864
335,499,105.776,74.6655,71.6789,79.8921,62.2213,201.846,194.379,321.311,559.494,575.174,521.912
335,500,55.7503,71.43,100.798,107.767,83.8743,114.238,109.012,230.468,469.149,680.701,620.222
335,501,69.9367,71.43,88.3542,104.781,102.541,100.798,112.994,155.055,313.595,667.261,740.931
335,502,52.5148,78.8966,81.1366,78.8966,75.6611,97.8119,86.1143,125.438,213.046,528.134,727.74
335,503,73.1722,80.8877,98.8074,75.6611,67.199,111.998,91.092,128.425,170.486,329.524,607.778
