354,1,57.9902,72.4256,67.4479,86.1143,84.8698,165.26,328.777,399.71,466.909,311.106,474.873
355,1,55.7503,79.8921,68.6923,66.4523,75.6611,171.233,174.22,285.471,730.976,417.629,734.709
357,1,54.7547,54.7547,59.2347,95.323,90.0964,130.416,163.269,351.924,1884.56,1094.1,877.071
358,1,62.4702,55.7503,110.256,82.8788,141.865,194.628,196.37,297.667,2048.08,918.137,2128.71
359,1,63.4657,56.7458,91.3409,145.1,126.185,151.82,294.68,710.816,1158.56,2980.9,1962.96
360,1,77.6522,66.2035,87.3587,139.873,179.197,228.477,583.387,1291.22,1952.75,2695.18,1289.47
361,1,83.1276,81.8832,111.252,144.105,166.753,326.288,229.472,654.817,3193.69,1398.24,3509.28
362,1,117.723,100.798,109.012,156.549,116.976,312.102,466.162,1590.13,2805.68,2312.39,4033.43
363,1,91.8386,84.1232,126.683,72.6745,73.4211,447.744,342.715,1680.97,1057.02,2567.25,1487.09
365,1,81.8832,123.945,169.242,187.659,191.393,681.199,455.958,561.983,2192.43,1402.22,1088.87
366,1,61.2257,89.3498,139.127,140.869,150.078,367.106,138.131,528.383,2674.77,1492.32,1254.63
367,1,98.3096,95.5719,106.025,143.109,135.642,379.301,268.547,1554.29,2078.69,821.819,2255.65
368,1,170.984,74.6655,100.798,102.541,170.735,364.119,406.927,1933.84,1362.65,2658.34,3525.71
369,1,262.325,158.54,137.136,167.997,201.846,869.854,899.222,1971.67,623.457,2822.11,2671.04
370,1,286.467,232.957,143.358,240.423,122.203,555.761,856.165,1267.82,375.568,1572.21,1747.92
371,1,252.618,242.414,185.917,221.757,249.383,271.285,388.759,453.718,362.377,1411.43,1592.37
372,1,176.46,256.103,225.49,167.997,192.637,298.662,662.532,806.637,355.408,1221.03,1076.68
375,1,85.1187,104.034,166.255,111.003,189.402,242.663,281.489,318.075,652.826,1060.5,750.14
376,1,75.4122,98.8074,163.02,179.197,185.419,168.246,218.521,217.277,403.941,855.667,634.408
377,1,58.9858,107.021,141.367,211.303,234.948,171.233,168.246,279.498,323.8,393.985,881.053
378,1,98.3096,94.5764,155.802,182.433,147.091,137.633,241.419,365.115,292.44,566.96,1057.26
352,2,55.7503,44.0527,59.2347,93.3319,116.976,159.038,133.154,133.651,313.595,239.428,465.664
355,2,53.7592,66.2035,59.2347,61.2257,78.6477,133.651,125.189,278.502,1125.96,465.664,1306.9
356,2,61.2257,47.2882,68.6923,100.55,91.092,91.8386,150.327,415.14,665.021,1512.97,1385.79
357,2,49.2793,53.5103,77.9011,101.545,65.2079,126.434,157.295,412.9,1171.75,2384.07,815.597
358,2,63.4657,60.9769,83.1276,78.8966,104.532,212.05,277.507,332.511,2227.77,1049.3,2154.35
359,2,64.4613,75.6611,76.9055,129.42,144.851,166.255,258.592,485.326,1619.5,2479.14,2941.32
360,2,93.8297,76.6566,83.1276,130.665,107.767,149.829,488.064,1309.63,942.279,3283.79,1238.2
361,2,86.3631,74.6655,90.3453,106.772,132.407,339.479,248.387,997.532,1947.53,1858.92,1806.41
362,2,100.55,89.3498,92.5853,107.767,127.429,546.552,233.454,606.782,3950.06,825.054,2608.81
363,2,77.6522,101.794,103.785,95.323,88.1053,402.696,222.503,1134.17,2386.31,965.177,1272.05
364,2,71.1812,74.6655,125.687,115.98,141.865,501.752,470.144,1751.16,565.467,1415.66,1079.66
365,2,62.4702,95.5719,118.469,150.327,168.744,565.965,422.856,1133.17,1469.42,3094.39,2012.98
366,2,55.7503,79.8921,107.021,145.1,149.082,368.101,167.251,538.587,2499.06,2692.19,1018.19
367,2,79.6432,58.7369,86.3631,105.776,115.98,255.854,285.471,656.808,2378.1,823.063,1193.4
368,2,138.38,74.6655,97.563,93.3319,105.527,377.31,579.405,900.466,2077.69,1186.44,2949.54
369,2,197.117,122.7,110.256,167.997,160.531,736.202,762.833,2201.14,2472.67,1007.24,2505.28
370,2,264.565,176.211,171.482,163.766,223.499,374.323,760.842,1582.91,1341.24,713.305,1885.06
371,2,250.378,195.126,210.806,136.887,239.179,334.502,515.192,426.34,254.858,901.711,1938.32
372,2,215.783,276.014,244.156,164.762,140.869,438.536,339.728,635.404,246.645,755.366,1141.14
374,2,78.6477,168.993,194.379,130.665,144.851,581.396,151.322,371.088,495.53,724.754,788.966
375,2,65.7057,122.7,200.601,129.42,144.851,189.65,367.852,559.992,366.359,1038.85,1128.69
376,2,84.1232,97.563,128.923,198.859,191.393,190.646,288.707,233.454,204.086,760.593,714.3
377,2,88.3542,98.8074,160.033,173.971,221.508,148.833,127.18,345.701,439.531,314.093,631.422
378,2,96.0697,96.5674,170.486,204.086,144.851,215.037,170.237,408.918,349.186,322.306,870.849
352,3,47.0393,51.5192,82.1321,55.0036,102.541,130.416,166.255,221.259,259.836,253.863,568.951
353,3,47.0393,75.6611,72.6745,58.9858,50.7726,147.838,156.3,226.237,375.568,446.251,599.564
355,3,53.7592,59.9813,90.3453,78.8966,72.4256,67.199,84.1232,256.849,1061,670.497,1332.53
356,3,45.0482,67.199,65.4568,78.8966,93.083,118.22,94.0786,196.868,1122.97,1045.07,2296.46
357,3,63.4657,89.3498,74.9144,80.8877,84.8698,113.243,186.415,394.732,535.103,2814.89,1364.14
358,3,63.4657,74.6655,84.1232,64.2124,91.092,129.42,293.684,566.96,1153.58,1717.56,1447.02
359,3,53.7592,79.8921,111.252,106.772,170.735,201.846,215.286,400.705,1961.71,1173.99,3158.35
360,3,71.1812,94.5764,95.5719,109.758,108.763,202.841,238.432,853.676,1903.97,2089.14,1875.85
362,3,72.1767,73.4211,94.5764,61.2257,88.1053,463.922,480.099,917.888,2405.47,2903.99,662.035
363,3,65.7057,104.034,69.6878,118.22,94.3275,367.106,338.733,538.587,2746.7,1255.87,618.231
364,3,71.1812,100.798,86.3631,141.865,132.407,265.063,229.472,1184.2,1161.55,1082.9,2263.86
365,3,68.9412,66.2035,111.252,101.545,152.069,329.275,271.534,1162.79,703.598,3764.89,4422.19
366,3,60.2302,78.8966,88.3542,92.3364,110.754,435.549,282.485,1088.37,999.025,3454.77,2191.18
368,3,84.1232,76.6566,90.3453,88.1053,98.3096,244.654,722.762,1018.94,3268.61,812.61,1296.69
369,3,148.336,111.252,127.678,115.98,185.419,312.102,342.715,1366.63,4892.58,1000.02,1035.61
370,3,221.01,170.984,153.811,106.772,156.3,269.294,342.715,1028.14,1880.58,764.575,1075.68
371,3,243.907,209.81,182.931,162.771,152.069,380.297,428.082,467.157,266.058,317.329,1283.25
372,3,201.597,278.005,256.601,222.752,158.291,321.311,306.627,422.109,359.39,248.636,729.731
373,3,131.909,225.49,270.04,144.105,159.535,355.906,152.318,281.489,460.935,304.884,487.068
374,3,74.4167,213.046,243.161,149.331,137.633,254.858,131.162,701.607,735.207,556.756,877.071
375,3,68.9412,148.087,194.379,152.318,162.522,189.65,250.378,790.459,350.181,545.556,1139.15
376,3,64.4613,112.247,144.353,193.882,176.957,202.841,199.357,213.046,334.999,363.372,610.018
377,3,79.6432,79.8921,188.157,159.535,154.309,183.428,115.234,255.854,691.403,309.115,359.141
378,3,84.1232,106.025,171.482,137.882,171.731,255.854,214.29,241.667,386.768,277.258,476.864
350,4,50.5237,65.2079,82.1321,67.4479,72.4256,69.1901,75.91,64.2124,261.827,205.579,490.055
353,4,64.4613,54.7547,89.3498,54.0081,67.199,122.203,119.216,177.455,360.386,312.102,799.17
354,4,56.9947,75.6611,62.4702,55.9992,70.4345,84.621,80.141,240.672,303.64,814.85,653.821
355,4,71.1812,50.5237,62.4702,71.43,69.439,77.4033,101.047,244.654,615.244,1210.83,776.771
356,4,41.8127,60.9769,85.1187,73.67,77.6522,104.034,150.327,250.876,1180.96,615.244,2176.75
357,4,51.5192,82.8788,94.5764,71.43,65.2079,140.62,168.246,285.471,747.402,1722.78,2121.5
359,4,53.7592,105.03,130.914,72.6745,117.972,171.233,229.472,564.969,1362.65,1279.52,1831.79
360,4,75.4122,98.8074,96.5674,86.1143,98.3096,226.237,144.105,470.144,2806.68,848.449,2372.37
361,4,71.1812,107.021,105.03,71.43,72.4256,155.055,203.339,1029.14,1465.19,2046.08,2303.68
362,4,62.4702,67.199,83.1276,78.8966,60.9769,251.872,462.18,1269.81,695.385,3953.29,1895.26
363,4,66.7012,77.6522,92.5853,122.203,128.425,271.285,439.033,614,1321.08,2113.78,719.527
364,4,51.5192,71.43,81.1366,88.1053,147.091,260.085,185.419,414.145,1291.47,700.114,2505.28
365,4,48.2837,72.4256,109.012,77.6522,127.429,194.628,157.295,523.157,2104.08,1840.51,5080.24
366,4,64.4613,71.43,93.5808,91.092,105.527,313.098,248.387,1091.36,2794.48,1579.43,2480.89
367,4,62.4702,66.2035,72.6745,75.6611,79.6432,405.932,411.905,1539.11,1404.21,1071.7,548.543
368,4,72.1767,73.4211,98.8074,84.8698,97.3141,177.455,378.803,923.115,2959.99,2895.78,610.018
369,4,124.443,109.261,90.3453,133.651,106.523,173.224,378.803,409.914,3156.11,4097.65,788.966
373,4,116.727,241.419,280.494,172.975,137.633,235.445,154.309,280.494,676.221,394.981,356.155
374,4,99.3052,251.872,261.827,213.543,147.091,212.05,137.136,585.378,1082.4,453.469,623.208
375,4,71.1812,145.847,220.263,195.873,166.753,185.668,151.322,559.992,460.935,283.48,636.648
353,5,61.2257,54.7547,90.3453,76.6566,49.777,72.4256,80.141,131.411,267.054,343.959,829.036
354,5,45.0482,49.5281,66.4523,46.5415,64.2124,75.4122,68.9412,141.616,362.377,583.387,1087.88
356,5,50.5237,69.439,90.3453,64.2124,65.2079,73.4211,182.184,240.672,598.071,1115.75,1237.21
357,5,45.0482,70.4345,112.247,64.2124,80.8877,107.021,139.127,212.05,754.371,916.146,2444.05
358,5,64.4613,76.6566,85.1187,68.4434,65.2079,113.243,137.136,347.693,671.243,1859.92,1474.64
360,5,63.4657,80.8877,116.478,77.6522,83.8743,179.446,246.396,564.969,1707.85,1714.57,1371.36
361,5,57.9902,110.256,124.691,70.4345,58.9858,153.811,250.378,504.739,1815.62,787.224,2915.69
362,5,36.3372,92.3364,92.5853,80.8877,94.3275,146.842,272.529,720.025,702.603,2176.25,3242.23
363,5,68.9412,58.7369,74.9144,84.8698,92.0875,183.428,361.879,739.438,367.603,1847.72,1013.21
364,5,87.3587,61.9724,72.6745,77.6522,83.8743,315.089,258.592,682.194,736.202,841.481,1647.62
365,5,47.0393,49.5281,85.1187,81.8832,84.8698,244.654,225.49,401.701,2504.03,1286.74,2585.17
366,5,54.7547,68.1945,86.3631,76.6566,85.8654,169.242,226.485,396.723,3262.64,1186.44,1063.24
367,5,58.9858,64.2124,97.563,84.8698,82.8788,274.271,188.406,670.994,1644.88,1248.91,1121.73
368,5,67.6968,64.2124,117.474,100.55,85.8654,237.685,284.476,625.2,901.711,4652.41,2969.95
369,5,99.3052,98.8074,84.1232,112.994,99.3052,191.642,661.537,719.029,755.366,4703.68,3110.32
370,5,138.38,121.705,111.252,118.22,107.767,228.477,674.728,768.06,527.885,1059.5,1151.34
374,5,81.8832,220.263,317.826,210.308,216.281,194.628,235.445,243.659,717.785,497.521,357.15
375,5,68.9412,178.451,254.61,209.312,181.188,150.824,150.327,186.664,392.99,326.537,411.407
353,6,49.2793,50.5237,39.5727,68.4434,56.9947,47.7859,69.9367,120.212,175.464,383.781,707.083
354,6,57.9902,47.2882,64.4613,64.2124,53.7592,51.0215,86.1143,104.034,343.213,346.946,1366.13
355,6,46.0438,60.9769,83.1276,68.4434,64.2124,56.9947,92.0875,170.237,226.237,1099.33,1525.91
356,6,41.8127,57.7414,94.5764,73.67,69.439,64.2124,125.189,204.832,229.472,1312.37,861.64
357,6,52.5148,64.2124,91.3409,87.1098,70.4345,80.3899,106.025,179.446,336.99,825.054,1989.59
358,6,47.0393,84.1232,116.478,100.55,55.9992,118.22,86.1143,196.868,625.448,970.403,2345.74
359,6,38.3283,107.021,114.238,61.2257,57.9902,105.03,126.185,369.097,494.535,1699.14,1543.34
361,6,71.1812,78.8966,123.696,71.43,70.4345,131.411,322.804,490.553,842.725,953.977,1214.81
362,6,51.5192,61.9724,83.1276,67.4479,85.8654,161.029,180.193,264.067,1062.99,526.143,2109.3
363,6,39.5727,61.9724,69.6878,79.8921,63.2168,128.425,219.517,466.162,864.129,772.788,1216.8
364,6,58.9858,57.7414,85.1187,72.6745,75.6611,231.463,289.702,880.058,480.099,1561.01,1396.99
365,6,57.9902,47.2882,96.5674,74.6655,78.6477,216.032,294.68,650.586,698.621,3344.27,1324.32
367,6,66.7012,70.4345,85.1187,74.6655,82.8788,141.616,253.614,226.237,1026.65,1436.07,2171.77
368,6,51.5192,78.8966,97.563,92.3364,104.532,171.233,226.485,560.987,1385.05,2321.6,4865.46
369,6,89.5987,87.1098,78.8966,113.989,103.536,175.464,291.693,802.655,1407.45,1648.12,3581.96
370,6,137.385,112.247,96.5674,111.998,126.185,240.672,247.392,809.872,773.784,459.442,938.546
371,6,163.518,150.078,164.264,232.21,231.961,222.254,196.37,468.153,301.4,625.448,734.709
375,6,78.6477,200.353,250.378,193.882,193.633,153.811,172.229,118.22,274.023,319.32,513.699
376,6,86.3631,139.625,188.157,224.743,159.535,132.407,255.605,124.443,297.418,471.886,602.8
354,7,51.5192,58.7369,68.6923,71.43,55.0036,59.9813,57.9902,88.6031,206.077,319.32,976.376
355,7,51.5192,47.2882,86.3631,79.8921,58.9858,42.8082,78.8966,113.243,225.241,458.446,1708.1
356,7,45.0482,57.7414,101.794,93.3319,62.2213,62.2213,100.052,146.842,238.432,773.784,1099.08
357,7,35.0928,60.9769,101.794,105.776,75.6611,70.1856,99.0563,171.233,216.281,665.27,1202.61
358,7,45.0482,66.2035,124.691,99.5541,55.9992,105.03,110.007,216.281,321.809,587.618,1602.57
359,7,55.7503,73.4211,128.923,90.0964,51.7681,88.6031,108.016,222.254,629.431,500.508,1648.62
360,7,61.2257,56.7458,100.798,61.2257,66.2035,96.8163,192.388,440.527,545.307,1183.2,1226.01
362,7,40.5683,61.9724,96.5674,83.8743,60.9769,129.42,166.255,227.481,626.444,685.679,543.316
363,7,48.2837,54.7547,67.4479,62.2213,69.439,133.651,125.189,235.445,1178.97,310.111,1101.07
364,7,58.9858,57.7414,64.4613,69.439,79.6432,131.411,176.211,509.966,1148.36,884.289,2349.72
365,7,55.7503,58.7369,83.1276,86.1143,80.8877,161.029,220.512,523.157,877.32,2173.02,2973.18
366,7,37.3328,54.7547,74.9144,76.6566,75.6611,132.407,176.211,269.294,714.798,2074.96,1884.06
367,7,56.9947,49.5281,99.8029,81.8832,84.8698,100.798,198.361,243.659,1347.46,972.394,1473.65
368,7,46.0438,84.1232,107.021,68.4434,89.1009,123.447,203.339,300.902,2100.84,818.832,2435.84
369,7,74.4167,92.3364,85.1187,81.8832,94.3275,231.463,237.436,317.08,1365.63,845.463,1285.49
370,7,111.252,94.5764,98.8074,129.42,117.972,350.679,255.605,350.679,437.54,753.375,886.28
371,7,122.203,141.616,161.029,210.308,235.943,254.858,319.569,411.905,260.832,437.042,1009.98
375,7,83.1276,185.668,251.374,202.095,201.846,248.885,266.556,174.22,311.604,293.684,452.224
376,7,76.4077,110.256,200.601,176.211,201.846,178.451,298.662,194.628,300.404,265.063,456.455
354,8,41.8127,54.7547,61.2257,69.439,73.4211,44.7993,63.9635,89.5987,148.087,363.372,594.587
355,8,55.7503,56.7458,76.9055,70.4345,79.6432,40.8172,75.91,95.8208,158.291,307.124,1098.08
356,8,48.2837,60.9769,82.1321,82.8788,75.6611,54.0081,92.0875,118.22,190.895,455.46,986.581
357,8,40.5683,57.7414,92.5853,89.1009,82.8788,72.4256,108.016,134.647,257.845,390.003,785.979
358,8,52.5148,80.8877,86.3631,117.225,88.1053,82.6299,105.03,212.05,208.068,525.148,810.619
359,8,33.1017,36.835,99.8029,79.8921,63.2168,122.203,133.154,164.264,285.222,427.834,787.97
360,8,43.8038,61.9724,102.79,81.8832,67.199,97.8119,156.3,178.451,613.253,346.946,1272.05
361,8,48.2837,42.0616,78.8966,75.6611,71.43,107.021,167.251,209.064,515.69,699.118,994.794
364,8,39.5727,47.2882,84.1232,67.4479,71.43,115.234,154.309,184.424,993.052,575.174,1434.82
365,8,51.5192,70.4345,81.1366,72.6745,72.4256,113.243,135.145,226.237,1115.01,577.165,2061.27
366,8,42.8082,62.9679,82.1321,55.9992,66.2035,132.407,111.003,179.446,748.398,1189.42,1390.77
370,8,91.8386,80.8877,91.3409,130.665,141.865,223.25,287.711,498.766,580.649,465.664,1056.27
371,8,99.3052,114.487,127.678,216.53,231.961,172.229,257.596,774.033,794.939,243.659,624.204
372,8,103.785,183.677,194.379,285.969,216.281,232.459,333.755,721.02,966.67,277.258,223.001
355,9,42.8082,33.5995,58.2391,87.1098,97.3141,72.4256,72.9233,137.633,169.491,221.01,664.274
356,9,61.2257,38.8261,69.6878,77.6522,99.3052,73.4211,80.141,142.611,128.923,403.194,659.048
358,9,42.8082,40.0705,78.8966,94.3275,83.8743,79.3944,96.0697,140.62,311.604,240.423,569.947
360,9,60.2302,48.2837,99.8029,79.8921,63.2168,92.8342,157.295,124.443,319.817,454.464,524.899
361,9,35.0928,43.0571,84.1232,60.2302,68.4434,126.434,120.212,155.055,504.49,342.964,756.362
362,9,40.5683,47.2882,54.0081,61.2257,90.0964,106.025,173.224,136.638,397.967,571.191,570.943
365,9,56.9947,44.0527,75.91,82.8788,90.0964,88.6031,105.03,116.229,299.409,1680.72,880.058
366,9,52.5148,59.9813,92.5853,55.0036,59.9813,95.8208,100.052,163.02,337.986,1663.3,2048.82
367,9,48.2837,69.439,87.3587,52.7637,63.2168,114.238,139.127,356.901,508.721,1981.62,2638.43
368,9,52.5148,70.4345,78.8966,57.9902,75.6611,116.229,252.37,507.975,686.425,1572.21,1885.06
369,9,65.7057,70.4345,82.1321,84.8698,77.6522,127.429,297.667,376.314,844.716,567.956,982.35
370,9,68.9412,74.6655,84.1232,128.425,124.194,197.864,198.361,323.302,1023.42,500.508,485.077
371,9,74.4167,90.3453,142.362,205.081,198.859,207.072,342.715,416.136,1189.92,575.174,318.324
356,10,54.7547,62.9679,68.6923,69.439,111.749,61.2257,76.9055,175.464,253.863,200.601,613.004
359,10,43.8038,53.5103,50.0259,69.439,92.0875,76.4077,139.127,134.647,318.822,304.884,532.116
362,10,45.0482,46.2926,65.4568,70.4345,60.9769,109.012,109.012,131.411,195.873,577.165,718.283
363,10,35.0928,52.5148,61.2257,79.8921,64.2124,115.234,100.052,118.22,210.059,741.18,1407.2
364,10,68.9412,52.5148,77.9011,65.2079,82.8788,110.007,102.043,110.007,261.827,973.39,1983.37
365,10,55.7503,31.6084,73.67,75.6611,75.6611,117.225,111.998,94.8252,275.018,951.986,2164.55
366,10,53.7592,73.4211,75.91,72.6745,53.7592,109.012,96.0697,146.842,478.108,617.235,2527.93
367,10,54.7547,77.6522,105.03,58.9858,59.9813,117.225,134.149,364.119,882.298,498.517,2313.89
368,10,77.6522,73.4211,66.4523,63.2168,74.6655,127.429,222.503,334.502,839.739,517.93,1081.65
374,10,88.3542,146.842,232.708,245.65,230.965,250.876,263.569,418.127,503.495,258.841,337.737
356,11,35.0928,37.8305,71.6789,73.67,73.4211,62.2213,89.1009,140.62,293.436,160.78,514.694
357,11,47.0393,56.7458,64.4613,89.1009,105.527,58.9858,90.0964,129.42,232.459,279.498,643.617
359,11,52.5148,32.604,55.0036,79.8921,83.8743,71.43,110.007,156.051,229.472,324.546,563.974
360,11,41.8127,51.5192,65.4568,63.2168,60.9769,96.8163,142.113,146.842,311.604,317.329,820.823
361,11,43.8038,40.0705,45.7949,49.777,60.9769,117.225,112.994,185.668,334.004,423.851,666.266
362,11,45.0482,49.5281,59.2347,66.4523,67.199,97.8119,95.0741,139.625,206.077,408.421,670.248
363,11,51.5192,49.5281,74.9144,72.6745,71.43,120.212,115.234,116.229,124.691,476.864,1018.19
364,11,60.2302,55.7503,75.91,66.4523,74.6655,125.438,119.216,118.22,222.254,497.521,1378.57
365,11,58.9858,53.5103,72.6745,80.8877,63.2168,131.411,117.225,106.025,235.445,418.625,1144.13
366,11,61.2257,59.9813,93.5808,68.4434,45.546,137.633,105.03,142.611,339.977,679.705,769.553
369,11,68.9412,74.6655,81.1366,84.8698,111.749,111.998,179.197,276.263,345.204,1013.46,1037.6
370,11,56.9947,44.0527,72.6745,139.873,138.629,119.216,225.49,596.578,424.349,972.394,1258.86
371,11,50.5237,78.8966,134.149,181.437,198.859,158.042,404.936,715.047,537.094,634.657,681.448
357,12,49.2793,55.7503,68.6923,57.9902,86.8609,58.9858,81.1366,96.8163,248.636,164.762,644.613
358,12,61.2257,52.5148,68.6923,71.43,71.43,87.6076,110.007,167.251,126.931,330.519,585.378
361,12,35.0928,53.5103,66.4523,63.2168,51.7681,119.216,150.327,191.642,464.917,251.872,578.16
362,12,60.2302,46.2926,62.4702,63.2168,68.4434,114.238,115.234,157.047,394.981,192.388,646.853
363,12,46.0438,56.7458,75.91,68.4434,63.2168,109.012,116.229,149.829,154.309,428.829,756.362
364,12,52.5148,68.1945,55.0036,89.1009,66.2035,111.003,132.158,173.224,157.295,689.91,719.527
365,12,78.6477,57.7414,95.5719,82.8788,68.4434,96.8163,150.327,152.815,216.281,589.609,647.848
366,12,77.6522,45.2971,91.3409,69.439,58.9858,123.447,137.136,154.06,222.254,644.861,820.823
367,12,67.6968,80.8877,72.6745,48.7815,59.9813,101.794,123.198,212.05,243.659,728.736,1035.61
368,12,96.0697,61.9724,63.4657,67.4479,91.092,101.794,131.162,182.433,467.904,487.317,1073.44
369,12,65.7057,73.4211,63.4657,98.5585,106.523,109.012,143.109,303.889,637.644,373.577,1086.88
370,12,58.9858,54.7547,85.1187,141.865,151.073,133.651,174.22,523.157,656.808,368.35,835.01
371,12,39.5727,56.7458,130.914,202.095,191.393,164.015,305.631,504.739,654.817,304.884,340.724
358,13,51.5192,40.0705,53.0125,52.7637,51.7681,81.6343,111.998,144.851,206.077,134.149,601.804
362,13,43.8038,48.2837,61.2257,69.439,72.4256,107.021,182.184,182.433,366.359,324.546,474.873
363,13,51.5192,41.0661,77.9011,82.8788,64.2124,100.798,136.14,169.242,244.654,163.766,994.794
364,13,51.5192,44.0527,60.2302,63.2168,77.6522,89.5987,122.203,155.055,238.432,248.636,1249.65
365,13,76.4077,56.7458,69.6878,64.2124,60.9769,89.5987,141.118,182.433,281.24,209.81,930.333
366,13,83.1276,64.2124,74.9144,61.2257,72.4256,80.3899,127.18,220.263,217.277,213.792,816.592
367,13,65.7057,54.7547,66.4523,54.0081,72.4256,95.8208,103.038,211.055,255.854,287.711,717.287
373,13,62.4702,72.4256,131.909,166.753,176.957,165.26,157.295,474.126,342.217,278.502,458.446
374,13,75.4122,92.3364,135.145,184.424,206.077,119.216,138.131,424.349,307.622,241.419,413.398
359,14,47.0393,50.5237,61.2257,70.4345,48.7815,100.798,111.003,274.271,303.64,147.34,467.655
360,14,40.5683,50.5237,39.5727,46.5415,58.9858,82.6299,134.149,384.528,358.395,267.054,585.378
374,14,55.7503,73.4211,106.025,150.327,192.637,139.625,138.131,281.489,365.363,255.854,418.625
336,15,180.94,302.147,690.656,376.065,166.753,148.833,71.9278,83.6254,111.501,110.505,119.714
341,15,114.487,199.357,554.765,241.419,114.985,100.798,50.0259,87.6076,101.545,140.122,146.344
361,15,53.7592,32.604,48.7815,57.9902,60.9769,75.4122,123.198,258.094,256.849,287.711,480.846
367,15,72.1767,64.2124,61.2257,50.7726,85.8654,74.4167,114.238,235.445,427.336,313.098,582.391
368,15,49.2793,75.6611,71.6789,61.2257,67.199,84.621,182.184,332.511,452.722,368.35,803.401
369,15,39.5727,79.8921,69.6878,91.092,68.4434,83.6254,122.203,369.097,304.635,265.063,618.231
336,16,91.8386,201.597,621.217,604.044,294.929,281.489,164.264,148.833,159.286,173.971,186.166
337,16,307.124,511.957,1064.48,266.307,131.411,374.323,225.49,217.277,214.041,181.188,172.975
341,16,222.254,224.494,522.41,419.62,245.401,144.851,84.1232,84.621,137.882,112.496,145.349
337,17,130.914,186.913,507.975,376.065,196.619,468.153,276.511,224.246,192.886,212.797,203.588
335,18,301.649,393.487,623.208,512.952,610.764,240.672,253.614,247.89,258.841,143.358,178.948
329,19,66.7012,230.965,550.534,219.766,131.411,120.212,67.9456,107.021,148.087,204.584,241.419
335,19,286.467,469.895,1081.16,201.099,365.363,141.616,257.596,298.662,372.581,241.419,141.118
342,19,281.987,244.405,501.752,645.608,455.46,299.658,194.379,131.411,174.468,130.914,136.14
343,19,974.634,910.422,1492.56,792.699,513.45,439.531,309.613,221.259,185.668,186.166,186.166
328,20,54.7547,68.1945,188.157,512.952,377.808,159.038,74.9144,108.016,177.704,175.962,258.841
329,20,62.4702,109.261,330.271,309.862,186.415,235.445,101.047,131.411,186.664,248.636,279.249
334,20,175.464,287.462,378.057,687.919,268.049,110.007,156.3,206.077,294.431,344.955,279.249
335,20,198.361,304.138,1045.82,307.622,176.957,165.26,158.291,290.698,325.791,278.502,170.984
336,20,324.297,521.414,1225.51,158.54,297.169,139.625,303.64,336.493,257.845,170.984,122.7
341,20,204.832,325.293,871.347,497.273,398.465,197.864,186.415,148.833,214.041,181.188,133.9
342,20,165.758,591.6,1253.63,1105.55,681.199,382.288,338.733,280.494,193.882,172.975,148.336
343,20,699.616,982.847,2468.69,1561.26,881.8,684.185,515.192,462.926,258.841,183.179,158.54
344,20,2241.21,3923.43,4989.4,702.603,433.807,782.246,564.472,448.74,292.44,203.588,221.01
333,21,211.303,256.103,516.188,778.015,731.722,69.1901,92.0875,131.411,196.868,337.737,365.363
334,21,134.149,279,284.725,1098.33,652.079,179.446,127.18,242.663,245.65,307.124,281.489
335,21,136.389,196.121,521.414,721.02,292.938,399.71,127.18,185.668,219.268,206.824,171.98
341,21,292.938,489.806,1284.75,1093.1,711.065,376.314,242.414,224.246,199.855,246.645,163.766
342,21,610.266,1323.57,1777.04,2369.39,1510.24,568.951,453.967,424.349,215.286,221.01,183.179
343,21,623.457,999.523,2917.43,2992.1,1763.85,1125.96,715.794,636.399,330.022,248.636,194.379
344,21,1857.43,4526.47,7048.93,1073.44,640.63,1414.66,821.072,625.2,301.4,264.067,211.801
333,22,416.883,681.696,832.023,568.951,865.374,90.5942,107.021,161.029,177.704,279.498,339.728
339,22,339.728,461.682,1007.49,562.729,676.968,87.6076,182.184,310.111,250.627,165.758,163.766
340,22,521.166,1043.58,1028.14,1426.61,1129.19,448.74,194.379,188.655,307.622,228.228,223.001
341,22,509.219,562.232,1009.48,1725.02,1383.8,880.058,362.875,274.271,291.445,256.849,247.641
342,22,939.79,1381.31,1280.51,3759.91,3016.24,1150.35,704.843,564.969,294.431,206.824,255.854
343,22,881.053,510.961,1796.7,4891.34,3077.22,2370.13,1313.37,830.281,322.804,273.276,252.618
344,22,1151.84,2552.82,5861.74,1874.35,891.258,2842.52,1334.52,943.524,259.836,302.893,251.623
331,23,224.494,259.089,449.735,542.819,313.595,107.021,156.3,287.462,204.086,157.544,189.402
332,23,175.464,715.296,1193.4,373.079,224.743,144.851,83.1276,122.203,118.718,202.593,289.702
339,23,832.272,647.101,879.809,649.59,862.138,164.015,186.415,244.654,372.581,219.019,177.953
340,23,895.24,836.005,1150.84,1404.96,1458.47,847.454,518.179,194.628,592.844,278.502,279.249
342,23,484.331,744.664,863.134,4009.54,4348.27,1844.99,1447.76,966.919,544.312,231.214,273.276
343,23,738.691,705.838,923.364,5974.99,4761.42,4286.8,2792.49,1664.54,506.73,247.641,283.48
344,23,782.246,1402.22,2488.35,2334.29,1486.34,5432.17,2663.07,1907.21,379.799,264.067,271.036
331,24,301.649,204.584,276.263,939.79,651.084,108.016,118.22,240.672,220.263,215.037,236.441
332,24,134.149,470.891,1141.39,588.613,258.841,358.892,139.127,110.007,108.514,154.558,231.214
335,24,600.56,600.062,1042.83,156.549,109.758,118.22,331.764,275.267,245.65,273.276,303.889
343,24,384.279,783.49,1764.6,4029.2,4889.6,5370.94,4964.51,3511.77,906.689,256.849,283.48
332,25,190.646,280.245,589.858,879.56,390.252,638.39,294.68,126.434,115.732,117.723,147.34
333,25,426.589,744.664,1597.34,302.644,137.633,558.747,204.335,138.629,175.464,184.175,124.691
335,25,195.126,341.968,952.483,392.741,248.387,135.642,151.322,209.064,290.2,347.941,323.302
336,25,773.535,1675,2780.3,380.297,451.229,298.662,258.592,292.689,402.945,675.474,560.738
338,25,515.69,1130.69,1478.88,843.472,935.808,996.287,501.255,148.833,696.63,470.891,282.485
331,26,355.906,472.135,559.743,1152.09,1214.06,226.237,255.605,133.651,270.04,192.388,156.549
333,26,545.058,430.074,1256.62,505.735,225.739,772.042,365.861,275.267,152.318,235.445,256.849
334,26,315.835,872.591,2013.73,1002.01,410.909,357.897,182.184,237.685,220.263,266.058,331.515
335,26,439.78,767.811,750.887,984.341,381.043,230.468,181.188,193.633,300.404,468.9,504.49
336,26,417.878,553.769,2036.63,411.407,322.057,374.323,237.436,261.081,301.4,751.384,666.266
337,26,339.728,836.005,1677.24,516.934,395.479,379.301,405.932,194.628,456.953,788.219,581.147
338,26,404.936,439.531,1237.95,527.388,642.87,916.893,1028.64,431.318,627.439,651.084,422.607
339,26,510.463,1586.89,2465.71,343.959,319.817,928.093,560.24,377.31,406.181,837.25,574.178
341,26,493.041,532.863,1021.92,1094.1,1080.66,1029.14,1065.73,1860.42,584.88,1014.46,623.208
342,26,819.081,1118.99,1032.38,1384.3,1222.52,961.692,1288.23,2099.1,2300.94,915.151,288.458
343,26,878.813,741.678,609.769,605.04,814.601,1800.19,4231.3,6504.36,4581.73,828.041,183.179
344,26,697.376,558.996,361.381,258.094,393.239,1857.18,4075,7889.66,4847.78,624.453,228.228
345,26,370.092,304.138,204.584,218.521,371.586,1448.26,2984.88,5945.37,4080.22,570.196,211.801
346,26,322.306,123.945,197.366,140.869,325.044,1674.75,2385.32,4290.03,3544.87,600.809,172.975
347,26,314.591,81.8832,136.14,210.308,306.378,975.879,1471.91,2844.76,2470.68,474.873,194.379
331,27,422.358,311.604,587.867,832.023,1275.29,191.642,405.932,183.428,262.823,194.379,124.691
334,27,329.773,778.264,2244.45,1145.87,872.591,666.017,446.002,506.979,266.058,284.476,476.864
335,27,555.014,815.099,1048.06,1992.33,845.712,407.923,293.684,422.109,466.909,412.403,682.692
336,27,270.04,370.341,877.569,915.897,387.265,256.849,326.786,321.311,509.717,511.708,768.557
337,27,276.511,483.584,1223.52,1389.28,549.538,342.715,423.851,376.314,255.854,614.249,632.417
339,27,412.403,689.163,1415.66,421.611,308.369,592.596,675.723,878.067,426.34,689.91,856.663
340,27,511.459,478.357,690.656,623.706,328.031,371.088,870.102,1497.29,862.138,851.685,1159.56
341,27,525.645,347.195,272.28,607.28,1055.77,907.684,1204.11,1746.18,781.748,1221.03,1186.19
342,27,1187.68,364.119,539.085,675.474,968.91,1820.59,918.386,943.524,3311.42,1823.08,819.828
343,27,728.985,438.536,567.209,329.524,359.141,1326.81,1451.75,3466.97,6981.23,2302.19,496.277
344,27,397.221,630.426,391.496,202.095,174.966,680.203,1524.92,4697.96,7613.89,2273.57,406.181
345,27,249.383,259.089,136.14,184.424,174.966,735.207,1798.69,4608.36,6965.05,2271.33,474.873
346,27,289.702,90.3453,151.571,103.536,127.429,748.647,1525.91,3866.68,5920.23,2096.36,457.451
347,27,158.042,91.3409,75.91,112.994,173.971,351.675,902.209,2429.62,4094.41,1459.71,434.802
348,27,111.252,116.478,114.238,112.994,171.731,420.118,808.13,1763.6,2672.53,1036.86,401.203
349,27,72.1767,69.439,130.914,114.985,118.967,487.566,572.436,1236.21,1933.34,902.706,411.407
350,27,62.4702,54.7547,93.5808,135.642,129.42,275.267,364.866,802.655,1223.52,683.688,395.976
332,28,856.165,919.88,856.912,2203.63,2042.35,487.566,849.196,737.447,155.304,166.753,203.588
334,28,333.008,803.401,1346.97,792.699,1074.44,1000.52,733.713,903.702,451.727,299.907,364.368
335,28,495.033,347.195,619.973,1984.11,1691.42,910.671,450.98,882.298,808.13,389.007,458.446
336,28,449.487,647.101,654.319,1093.1,761.837,528.134,293.684,588.364,768.557,323.302,477.859
337,28,444.011,527.637,682.443,1235.96,1136.66,609.769,357.897,634.408,545.307,324.546,512.703
338,28,421.114,636.648,564.969,1224.76,592.098,538.339,769.802,1562.5,428.331,619.226,632.417
339,28,269.045,553.769,492.295,379.301,425.345,644.613,679.705,1358.66,825.552,468.9,927.097
340,28,426.589,330.519,509.966,636.15,481.344,966.919,474.126,1106.54,2233,382.785,1433.83
341,28,376.563,220.263,215.037,516.934,435.798,551.778,1261.35,1629.95,1381.06,905.942,1958.73
342,28,1196.39,606.284,208.815,298.413,383.034,1285.99,1587.14,924.111,2613.79,2673.77,1939.31
343,28,732.22,598.818,238.93,170.984,211.303,1081.16,1121.97,997.532,5832.87,4496.86,1742.94
344,28,357.15,268.547,289.702,209.312,186.415,847.454,962.439,1631.94,7082.77,5041.42,1780.77
345,28,229.721,193.135,239.925,206.326,149.082,710.816,955.47,2281.53,7374.22,5193.98,1842.25
346,28,146.096,122.7,119.465,70.4345,81.8832,313.098,575.422,2018.46,6400.58,4656.39,1629.2
347,28,210.308,204.584,112.247,88.1053,113.989,134.647,411.905,1287.23,4615.33,3284.79,1409.19
348,28,98.3096,131.162,143.358,111.998,115.98,254.858,472.135,1109.78,3138.69,2451.52,1217.8
349,28,112.496,89.3498,92.5853,95.323,124.194,297.667,364.866,915.897,2197.41,1852.7,1050.05
350,28,66.7012,59.9813,77.9011,87.1098,101.545,230.468,327.782,676.221,1266.08,1180.21,814.601
351,28,76.4077,61.9724,84.1232,82.8788,88.1053,243.659,250.378,429.327,639.635,643.866,525.894
328,29,260.334,439.531,853.676,178.202,146.096,95.8208,170.237,176.46,159.286,97.3141,152.318
329,29,433.06,637.644,1318.1,249.632,474.126,199.855,411.905,355.906,156.3,146.344,122.7
332,29,701.607,1127.45,1257.87,1560.26,2281.28,297.667,614.497,699.616,311.604,179.197,226.237
334,29,625.697,717.536,1136.16,699.367,778.513,1375.84,1110.77,1088.37,1001.26,509.717,406.181
335,29,496.277,240.174,433.06,1128.2,1635.42,1358.42,917.391,1379.07,1136.16,1002.01,379.55
336,29,264.565,658.799,1145.62,947.008,818.832,1053.53,477.113,626.195,901.711,792.201,280.494
337,29,280.991,422.856,403.941,514.943,958.457,1167.77,712.807,477.362,885.284,297.916,452.224
338,29,301.649,414.394,707.332,937.55,778.513,985.087,520.17,1064.73,933.07,536.348,727.74
339,29,190.646,339.977,464.171,355.408,340.475,702.603,1029.64,1507.5,1509.99,760.593,576.169
340,29,257.098,485.575,333.506,186.415,442.02,1567.48,783.988,733.216,3398.78,876.076,803.401
341,29,205.828,396.474,268.049,296.422,342.715,775.028,623.457,1064.73,2063.26,724.754,1634.43
342,29,445.007,346.199,456.953,279.747,196.619,380.297,1170.01,1804.17,909.675,2859.94,2694.68
343,29,413.647,393.487,391.496,165.758,137.633,327.284,1255.13,2172.52,1716.06,5620.82,3577.97
344,29,285.222,152.069,165.26,134.647,194.628,425.345,1175.98,2114.28,3379.36,6831.65,4216.61
345,29,178.7,190.895,312.6,120.212,168.744,398.714,711.812,1615.51,4675.06,7447.89,4477.44
346,29,183.179,129.171,110.256,67.4479,65.2079,216.032,280.494,881.302,4378.64,6798.05,4027.21
347,29,150.327,178.451,220.263,121.207,105.527,153.811,223.499,594.587,3088.91,5074.02,3270.85
348,29,219.019,136.389,180.691,117.225,116.976,223.25,278.502,556.756,2181.23,3634.97,2741.72
349,29,102.541,81.8832,82.1321,69.439,78.6477,185.668,264.565,506.979,1608.3,2542.61,2046.83
350,29,113.492,69.439,95.5719,94.3275,74.6655,165.26,242.414,470.144,1040.84,1393.01,1286.49
351,29,78.6477,64.2124,72.6745,79.8921,103.536,158.042,187.411,345.701,685.43,715.545,709.074
352,29,49.2793,94.5764,98.8074,76.6566,96.3186,129.42,171.233,320.315,575.671,558.747,533.112
353,29,40.5683,77.6522,138.131,93.3319,98.3096,147.838,217.277,320.315,474.126,531.121,488.064
327,30,184.175,300.155,801.908,442.518,245.401,76.4077,108.016,165.26,111.501,98.3096,145.349
328,30,472.384,720.523,1211.08,549.041,196.619,250.876,138.131,141.616,340.973,122.7,128.923
329,30,425.594,624.204,1563,362.626,223.499,245.65,304.635,348.688,333.008,109.509,131.909
332,30,661.537,865.374,1428.1,1349.95,1551.55,411.905,372.83,542.57,762.584,189.402,280.494
333,30,1378.08,1859.42,2118.76,1103.56,1660.31,763.829,852.183,694.638,764.575,291.693,615.991
334,30,962.688,682.941,757.109,583.387,568.205,1445.28,1371.61,1102.56,1584.15,764.575,1099.08
335,30,838.743,411.158,358.395,576.169,958.457,1313.62,1417.65,1908.2,1534.38,1645.88,1201.37
336,30,416.883,371.337,704.096,561.485,644.861,946.51,994.545,801.659,854.92,1295.94,632.417
338,30,465.664,307.373,628.435,423.851,592.098,1096.34,640.63,668.008,1719.05,471.886,850.441
339,30,363.621,168.993,369.843,304.635,255.605,453.718,1165.03,1388.03,2205.62,1627.46,733.713
341,30,219.019,588.364,659.546,141.865,179.197,755.615,503.246,592.596,2271.57,1427.85,702.105
342,30,340.724,203.588,264.814,139.873,202.841,337.488,355.657,1150.6,1536.37,1944.79,2453.26
343,30,257.098,182.682,323.053,153.313,129.42,267.054,477.113,2153.11,1470.41,3782.31,4390.58
344,30,222.254,104.034,178.7,189.65,140.869,173.224,576.418,2161.32,2336.53,5172.33,5639.24
345,30,87.3587,110.256,181.686,70.4345,86.8609,141.616,373.825,1252.39,2882.84,6378.18,6703.47
346,30,116.727,144.851,147.589,88.1053,66.2035,146.842,208.317,660.79,2277.55,6383.41,6239.8
347,30,204.832,112.247,182.931,120.212,131.411,144.851,207.321,498.766,1468.17,4726.08,5151.92
348,30,167.749,161.526,176.708,80.8877,125.189,199.855,215.286,438.536,1394.25,3416.94,4075.25
349,30,230.965,100.798,70.6834,80.8877,55.0036,158.042,214.29,404.936,1240.69,2313.39,2754.16
350,30,137.385,75.6611,86.3631,70.4345,75.6611,117.225,195.375,335.497,749.393,1347.96,1624.22
351,30,117.723,54.7547,66.4523,86.1143,66.2035,101.794,143.109,245.65,558.498,828.041,911.915
352,30,73.1722,71.43,96.5674,88.1053,57.9902,138.629,159.286,247.89,518.926,651.084,713.305
353,30,60.2302,44.0527,100.798,87.1098,90.0964,104.034,177.206,244.654,342.217,535.352,656.061
326,31,191.642,298.911,686.425,589.609,386.021,149.829,134.149,245.65,266.058,113.492,118.718
327,31,235.196,366.11,825.801,850.689,546.552,150.824,153.313,162.024,160.282,139.127,113.492
328,31,528.881,697.625,1048.06,1101.32,584.88,418.127,326.786,270.289,502.499,241.419,116.727
329,31,326.537,395.479,1024.16,855.916,330.271,467.157,242.414,323.302,575.671,168.744,137.136
330,31,711.563,1326.81,1928.61,249.632,360.137,323.302,432.065,685.43,349.186,201.597,249.632
332,31,576.667,507.726,941.035,2147.88,1378.82,1051.54,407.923,534.356,1327.06,370.59,308.12
333,31,966.919,889.516,1169.51,734.709,855.916,880.058,572.436,520.17,789.961,499.512,643.617
334,31,1047.56,571.689,344.955,639.386,558.001,973.888,1183.95,1065.73,1512.97,940.786,1465.44
335,31,582.142,346.199,235.694,703.598,500.01,895.489,1134.92,2218.31,1669.27,1601.82,1945.54
336,31,429.825,213.046,257.596,333.755,399.461,577.165,912.413,1314.61,909.675,1197.64,944.519
338,31,694.141,391.247,286.716,274.52,291.942,856.663,808.13,995.541,1648.12,824.059,1040.84
339,31,456.953,268.547,208.815,251.872,220.512,476.117,585.378,992.305,2162.81,2401.49,1921.89
340,31,620.222,741.678,579.654,252.867,117.972,345.701,988.572,1706.36,1311.87,3628.75,1885.06
341,31,209.064,473.131,706.336,309.862,130.416,307.871,645.608,936.306,1243.93,2314.38,952.732
342,31,240.672,183.677,268.049,189.65,111.749,285.471,427.087,458.944,2623,1215.06,1977.14
343,31,269.045,176.211,260.832,134.647,149.082,290.698,360.883,680.203,4064.79,961.194,3389.57
344,31,225.49,138.629,154.807,190.646,180.193,166.255,201.348,738.442,4129.75,1974.65,4492.87
345,31,112.496,111.252,111.252,76.6566,89.1009,132.407,159.286,495.53,2896.03,3805.95,6261.45
346,31,118.967,80.8877,155.802,128.425,82.8788,132.407,138.131,394.732,1823.58,3797.74,6407.8
347,31,126.434,129.171,118.469,132.656,118.967,113.243,146.096,402.696,1599.34,2691.2,5039.43
348,31,204.832,131.162,119.465,66.4523,84.8698,136.638,152.318,359.888,1574.95,2368.64,3901.27
349,31,187.411,129.171,98.8074,68.4434,69.439,138.629,149.331,325.293,1077.42,1879.33,2730.52
350,31,192.886,132.158,88.3542,66.4523,81.8832,125.438,124.194,239.676,642.621,1204.85,1703.87
351,31,109.012,115.483,86.3631,78.8966,73.4211,110.007,122.203,178.451,478.108,812.61,1126.7
352,31,108.016,69.439,101.794,102.541,68.4434,109.012,141.118,231.463,416.136,570.196,738.94
353,31,64.4613,58.7369,76.9055,84.8698,73.4211,98.8074,112.994,195.873,318.822,381.79,535.103
326,32,203.837,314.84,592.098,910.671,670.745,140.62,139.127,195.873,461.931,150.327,132.905
327,32,155.802,218.272,443.513,1041.34,771.046,209.064,171.233,127.429,256.849,233.454,175.962
329,32,308.12,259.089,409.167,1027.9,577.662,691.403,485.077,354.91,598.071,265.063,138.131
331,32,436.296,376.563,345.95,1286.74,1725.52,355.906,745.909,579.156,588.862,490.304,400.207
332,32,364.617,434.305,595.084,1816.36,2019.45,1943.79,1266.33,885.284,1756.63,770.797,378.554
334,32,1326.81,369.346,340.724,434.056,640.63,943.275,709.82,738.442,1142.38,1083.89,1098.08
335,32,551.778,320.066,305.382,485.824,498.019,598.569,606.533,1377.83,1800.44,1415.66,1752.15
336,32,668.008,447.993,370.839,351.177,338.484,732.22,480.099,952.483,1851.21,1041.09,999.772
337,32,331.017,246.645,339.728,587.369,425.345,428.331,922.368,1936.82,1112.77,680.701,422.607
338,32,386.27,387.016,162.024,305.631,265.063,577.165,880.307,1751.16,917.888,1553.79,1096.09
339,32,295.178,461.682,373.825,591.6,278.502,700.612,523.157,791.455,1425.61,2345,2579.94
340,32,331.017,654.568,627.439,424.847,205.081,375.319,322.804,765.82,890.511,2437.33,3135.7
341,32,261.329,307.373,463.175,165.758,230.965,157.047,276.511,745.66,534.108,2409.71,2229.02
342,32,300.404,285.471,221.259,161.775,126.185,156.051,344.706,592.596,1489.58,2413.69,1899.49
343,32,170.984,336.742,165.26,111.003,120.212,162.024,322.804,604.791,2886.82,2001.29,1251.64
344,32,240.672,182.682,162.024,101.545,132.407,196.868,234.45,499.761,2860.44,2417.67,1873.86
345,32,170.984,167.997,148.584,78.8966,62.2213,208.068,156.3,315.089,2194.42,2655.36,4040.4
346,32,108.016,100.798,86.3631,114.985,113.989,156.051,142.113,211.055,1970.92,2046.08,4040.4
347,32,105.776,98.8074,74.9144,135.642,117.972,146.842,131.162,199.855,1749.66,1970.42,3088.66
348,32,122.203,145.847,159.038,77.6522,85.8654,159.038,144.105,226.237,1178.97,2180.23,2829.82
349,32,179.695,135.394,125.687,82.8788,93.083,169.242,107.021,184.424,664.026,1621.49,2217.82
350,32,155.802,228.725,119.465,64.2124,73.4211,133.651,130.167,189.65,455.958,1000.02,1632.44
351,32,160.282,146.842,101.794,80.8877,83.8743,120.212,126.185,228.477,497.521,702.105,1013.21
352,32,111.252,100.798,91.3409,100.55,92.0875,109.012,102.043,226.237,450.731,442.269,604.791
326,33,246.147,180.442,240.921,789.464,755.615,157.047,117.225,129.42,488.313,242.663,176.957
327,33,166.753,133.402,165.26,780.255,829.036,210.059,196.37,145.847,281.24,308.12,294.68
331,33,237.436,324.297,364.617,808.13,1274.29,439.531,712.807,475.122,640.63,661.288,449.238
332,33,366.857,257.098,412.403,778.015,1549.56,1881.57,2370.38,1344.23,1821.59,1199.63,619.226
335,33,502.748,426.838,472.633,299.409,360.137,631.173,625.448,608.773,1390.02,1654.09,1588.39
336,33,605.04,561.236,655.315,192.637,329.275,1182.95,671.741,615.991,2141.66,1559.02,1283.25
337,33,453.718,286.467,205.579,250.876,390.252,626.195,406.927,1111.77,2520.21,664.274,697.874
338,33,247.143,365.115,294.929,184.424,272.28,376.314,723.758,1744.19,1617.5,1350.2,1221.03
339,33,326.537,489.806,548.294,516.934,552.774,615.991,723.758,1287.23,875.329,1608.05,1879.08
340,33,366.857,257.098,617.982,512.952,281.489,476.117,386.768,570.196,744.167,766.566,2414.19
341,33,267.8,185.668,241.916,240.423,138.629,304.884,212.299,260.085,781.748,1414.66,3086.67
342,33,165.758,241.419,200.601,182.433,120.212,241.667,139.127,332.511,693.394,3012.51,2930.12
343,33,148.336,213.046,309.613,97.3141,80.8877,157.047,168.246,504.739,873.089,3854.98,1333.53
344,33,185.171,213.046,246.147,91.092,80.8877,218.272,204.335,518.179,1311.87,3603.11,1407.2
345,33,151.571,267.552,182.931,76.6566,63.2168,209.064,208.317,307.871,1629.7,2757.65,2245.44
346,33,108.016,153.313,126.683,71.43,112.745,141.616,185.419,202.841,1219.54,2732.01,2057.04
347,33,91.8386,120.709,166.255,88.1053,104.532,194.628,180.193,158.042,651.83,2856.95,2555.55
348,33,113.492,126.931,170.486,62.2213,76.6566,207.072,170.237,186.664,360.386,2216.07,2739.73
349,33,129.669,187.908,141.367,80.8877,73.4211,188.655,166.255,201.846,278.254,1272.3,1995.56
350,33,145.1,180.442,199.357,50.7726,63.2168,134.647,154.309,217.277,342.217,792.201,1309.88
351,33,131.909,175.215,175.464,74.6655,83.8743,114.238,119.216,220.263,395.976,613.004,818.583
330,34,214.539,389.256,693.892,262.076,264.067,1396.25,1106.79,1279.02,1155.57,399.212,259.836
331,34,259.089,220.263,344.955,626.942,753.624,663.777,570.445,607.778,766.566,722.762,581.147
332,34,377.808,141.616,302.395,464.171,689.412,1673.5,2038.37,1358.66,1816.61,1609.04,1007.98
333,34,300.404,202.593,248.387,161.775,233.952,2153.11,2268.09,2641.67,1797.2,1055.27,963.932
335,34,536.348,829.534,497.521,451.727,327.035,542.57,850.192,774.033,577.662,1866.14,1957.73
336,34,254.858,405.932,654.319,230.965,196.619,1173.74,1306.4,1651.35,1066.22,2073.96,1635.42
337,34,426.589,168.993,170.486,150.327,213.295,862.885,539.334,846.458,2996.58,1347.96,614
338,34,328.777,311.604,410.163,322.306,165.758,326.288,436.047,956.715,3150.89,1162.79,1025.41
339,34,189.65,346.199,498.517,421.611,398.465,391.496,510.215,1240.19,1259.11,808.628,917.888
340,34,201.597,192.139,226.485,329.524,393.239,297.667,411.905,811.863,356.404,474.873,935.31
341,34,199.357,150.078,127.678,244.654,257.845,480.348,457.949,522.161,972.643,580.4,2557.54
342,34,216.779,126.931,140.371,136.887,142.86,532.365,257.596,284.476,1341.24,1206.84,3515.5
343,34,158.042,146.842,218.272,144.105,88.1053,229.472,134.149,255.854,1465.19,1824.08,2661.83
344,34,108.016,181.437,219.268,127.429,100.55,175.464,217.277,298.662,1725.27,2180.23,2137.92
345,34,108.016,260.085,273.276,65.2079,68.4434,131.411,188.406,289.702,1252.89,2920.42,2181.98
346,34,85.1187,179.446,216.032,78.8966,70.4345,104.034,194.379,226.237,416.136,3012.51,3172.54
347,34,80.8877,108.265,173.473,135.642,72.4256,159.038,213.295,253.863,278.254,2040.11,3651.64
348,34,100.55,116.478,144.353,90.0964,74.6655,160.033,224.494,359.888,364.368,1173,2839.03
349,34,124.443,131.162,200.601,84.8698,73.4211,143.856,164.264,317.08,283.231,779.011,1787.99
350,34,105.776,173.224,255.605,76.6566,51.7681,111.003,138.131,197.864,239.428,636.648,1131.93
351,34,124.443,174.22,208.815,63.2168,69.439,115.234,106.025,154.06,199.855,517.93,753.126
352,34,103.785,168.993,152.815,62.2213,69.439,139.625,147.091,185.668,191.89,494.286,711.314
353,34,97.0652,121.705,140.371,67.4479,44.5504,119.216,98.0607,186.664,210.059,566.96,761.34
328,35,181.935,345.204,487.068,393.736,387.265,277.258,272.529,154.06,506.73,769.802,576.169
330,35,140.62,166.753,523.405,309.862,344.706,1577.68,1147.86,1548.31,1949.52,815.846,383.781
331,35,288.458,249.632,349.933,389.505,686.176,787.224,978.368,1185.19,1211.32,790.21,769.553
332,35,322.306,174.22,232.708,279.747,402.696,2302.93,1937.07,1698.14,1842,1993.07,1500.28
333,35,768.06,286.467,317.826,189.65,113.989,1620.49,1589.13,2698.91,2310.15,1443.28,1163.54
334,35,326.537,209.81,353.168,394.732,303.391,383.532,607.529,1292.21,628.435,692.896,773.784
335,35,433.06,734.211,631.422,396.723,406.927,484.331,793.944,1023.91,1812.63,1042.08,2057.04
336,35,250.378,359.888,268.049,151.322,165.758,740.433,1380.57,2780.3,1917.16,1590.63,1583.16
337,35,463.673,327.284,141.367,219.766,151.073,706.834,581.396,1332.03,1760.86,3473.19,1351.94
338,35,365.612,498.268,271.036,475.62,304.387,265.063,353.666,507.975,2100.84,2827.34,1268.07
339,35,303.64,196.121,263.818,458.944,337.488,447.744,359.888,559.992,1355.68,656.061,557.752
341,35,221.01,157.544,125.687,144.105,201.846,523.157,602.551,751.633,536.099,1307.14,955.968
342,35,234.201,115.483,92.5853,201.099,120.212,601.555,374.821,527.139,725.002,1109.53,1537.11
343,35,148.336,112.247,125.687,210.308,138.629,281.489,166.255,224.246,849.943,1113.76,1500.28
344,35,86.3631,121.705,192.139,180.193,128.425,133.651,165.26,295.676,1056.02,1939.81,2001.78
345,35,86.3631,164.762,349.933,93.3319,71.43,177.455,111.003,241.667,652.826,2426.88,3567.77
346,35,76.4077,155.304,285.72,164.762,82.8788,113.243,127.18,282.485,513.699,1329.54,4091.67
347,35,77.6522,106.025,190.148,168.993,148.087,87.6076,156.3,394.732,739.189,592.596,2891.3
348,35,89.5987,96.5674,150.576,135.642,114.985,120.212,134.149,422.109,746.158,512.703,1824.83
349,35,119.963,109.261,188.157,144.105,95.323,121.207,134.149,270.289,348.19,522.908,1339.75
350,35,122.203,155.304,249.383,130.665,91.092,125.438,144.105,142.611,153.313,420.616,949.746
351,35,93.8297,199.357,205.579,75.6611,67.199,130.416,167.251,255.854,194.877,284.476,684.683
352,35,86.3631,148.087,201.597,63.2168,80.8877,133.651,145.1,292.689,208.068,289.702,749.144
353,35,63.4657,164.762,155.802,61.2257,46.5415,93.8297,92.0875,216.281,157.295,306.129,711.314
327,36,178.7,246.645,214.041,207.321,114.985,261.081,462.18,328.28,334.004,453.469,718.283
328,36,163.518,189.899,519.423,393.736,322.057,410.909,339.728,319.071,683.19,996.038,947.755
329,36,214.539,296.92,362.626,419.62,416.136,851.685,1671.26,1278.03,1118.99,696.132,578.16
330,36,230.965,167.997,301.151,313.844,329.275,1753.15,1363.64,2138.92,2861.43,1562,805.392
331,36,510.463,269.543,484.082,248.636,353.915,931.079,1316.35,1683.96,1923.14,989.816,1073.44
332,36,292.938,230.965,257.596,133.651,217.277,1844.99,2272.07,2804.94,1736.47,2213.09,1960.97
333,36,566.96,227.73,235.694,183.428,144.851,1237.21,743.918,1539.11,2032.89,1681.72,1167.77
334,36,402.696,259.089,207.819,404.189,319.817,325.293,398.963,690.407,838.743,848.449,956.963
335,36,175.464,168.993,461.184,393.736,319.817,848.449,703.847,1166.77,3988.63,1177.23,1231.23
336,36,179.695,161.526,204.584,104.781,100.55,461.931,747.9,2185.71,3844.53,1360.41,1642.64
337,36,198.361,217.277,213.046,286.965,209.064,329.275,356.901,943.524,1006.24,3776.09,4153.15
338,36,193.882,257.098,297.169,326.288,468.9,252.867,496.277,665.021,870.102,3133.22,2561.53
340,36,187.411,166.753,153.811,104.781,125.189,725.998,407.923,567.956,793.944,652.079,995.789
341,36,262.325,161.526,149.58,114.985,126.185,387.514,504.241,641.377,994.047,1689.93,1206.6
342,36,313.595,135.394,106.025,171.98,169.74,298.662,361.879,510.961,556.258,1778.04,975.381
343,36,202.593,122.7,111.252,186.415,173.971,191.642,191.393,233.454,301.4,1764.6,1150.35
344,36,124.443,78.8966,177.704,197.864,176.957,227.481,145.1,231.463,414.145,1884.56,2306.92
345,36,72.1767,113.492,258.592,179.197,100.55,281.489,168.246,166.255,408.172,1208.84,3061.04
346,36,50.5237,125.936,222.254,198.859,167.749,153.811,132.158,206.077,565.467,872.094,1952.75
347,36,84.1232,101.794,190.148,157.544,177.953,98.8074,104.034,290.698,873.089,1113.76,1264.83
348,36,76.4077,69.439,135.145,175.215,116.976,111.998,93.083,213.046,691.403,810.619,1246.42
349,36,125.438,93.5808,123.696,224.743,147.091,142.611,115.234,132.407,206.077,342.964,866.867
350,36,103.785,153.313,156.798,190.646,133.651,83.6254,150.327,237.685,304.635,151.571,492.295
351,36,86.3631,175.215,215.037,111.998,94.3275,84.621,137.136,367.106,452.722,153.562,387.763
352,36,64.4613,176.211,205.579,86.1143,57.9902,87.6076,109.012,284.476,293.436,189.402,427.834
325,37,138.38,143.856,135.145,118.22,90.0964,108.016,252.37,234.45,291.445,451.478,783.988
326,37,179.695,106.025,207.819,206.326,123.198,213.046,215.286,276.263,459.94,793.197,722.514
327,37,211.303,187.908,226.485,312.849,202.841,276.263,578.409,700.612,1026.65,564.969,975.381
328,37,162.522,143.856,261.827,301.649,291.942,593.591,620.471,957.71,1360.66,1187.43,1430.84
329,37,160.282,264.316,287.711,448.74,405.683,905.693,1803.67,2210.35,2344.75,1192.41,974.385
330,37,270.04,264.316,154.807,272.529,353.915,1475.64,1793.72,3363.93,2817.88,2565.26,1315.11
331,37,332.013,160.531,371.834,258.094,227.73,1185.19,1104.8,1599.34,2170.03,1159.8,1108.29
332,37,226.485,135.394,313.595,164.762,113.989,776.024,1659.32,2826.34,1214.31,2078.94,1967.93
333,37,259.089,120.709,183.926,190.646,153.313,444.509,528.134,952.483,1408.44,1422.88,957.959
334,37,170.984,175.215,214.041,278.751,341.719,333.506,808.13,1169.76,1547.57,1584.65,1793.96
335,37,179.695,186.913,154.807,170.984,227.73,709.82,784.984,1510.48,3312.41,3969.72,1504.51
336,37,257.098,271.783,170.486,71.43,112.745,326.288,257.596,753.624,2393.28,2489.35,1794.96
337,37,328.777,119.714,142.362,186.415,278.502,238.681,234.45,381.292,1343.48,1327.55,4711.89
338,37,176.46,166.753,209.81,168.993,244.405,371.088,509.219,852.681,2443.06,1076.93,2498.06
339,37,192.886,91.3409,147.589,82.8788,154.309,436.545,801.908,1472.9,1331.29,537.343,494.286
340,37,158.042,146.842,170.486,90.0964,83.8743,411.905,431.069,679.208,1282.51,586.373,1730.5
341,37,158.042,143.856,176.708,67.4479,92.0875,208.068,253.614,474.126,1348.46,837.25,2422.4
342,37,325.542,153.313,142.362,99.5541,141.865,199.855,231.463,584.382,751.384,596.827,2168.54
343,37,288.458,156.3,129.918,173.971,170.735,208.068,179.197,384.528,355.408,818.832,2117.51
344,37,162.522,94.5764,102.79,251.872,209.064,253.863,278.502,213.046,309.613,1141.39,1904.47
345,37,83.1276,97.563,132.905,277.756,186.415,263.072,228.477,230.468,277.009,1231.48,1168.76
346,37,65.7057,108.265,194.379,186.415,221.508,140.62,149.331,202.841,378.554,1676.74,1404.21
347,37,71.1812,95.5719,169.242,150.327,146.096,116.229,94.0786,156.051,505.486,1353.19,1953.75
348,37,84.1232,67.199,109.012,171.98,141.865,140.62,106.025,106.025,287.213,558.747,1169.76
323,38,103.785,101.794,123.696,96.3186,64.2124,73.4211,103.038,122.203,274.023,250.627,465.664
324,38,146.096,109.261,91.3409,115.98,90.0964,101.794,122.203,158.042,411.158,382.785,564.969
325,38,166.753,100.798,149.58,222.752,109.758,143.856,250.378,363.123,614.249,548.543,1178.97
326,38,107.021,95.5719,112.247,208.317,165.758,254.858,391.994,695.634,871.098,995.043,1140.14
327,38,112.496,148.087,152.815,425.842,223.499,373.328,656.559,1040.34,2195.42,1053.28,1291.47
328,38,184.175,186.913,114.238,206.326,261.827,672.985,995.541,1877.84,2217.82,1657.33,1695.9
329,38,204.832,164.762,197.366,397.967,369.594,769.055,1319.34,2363.16,3368.16,1915.17,1390.77
330,38,224.494,329.524,223.25,352.172,251.623,762.833,1461.7,3273.09,1971.92,2756.65,1859.67
331,38,315.835,247.641,146.593,161.775,186.415,842.476,714.798,1154.58,1319.09,1159.8,915.897
332,38,177.704,115.483,172.477,134.647,112.745,290.698,449.984,1071.95,672.239,1765.84,1922.89
333,38,398.465,131.162,131.909,167.997,154.309,180.442,281.489,679.208,1965.94,1459.71,771.544
334,38,249.383,128.176,182.931,215.535,186.415,229.472,623.457,1615.51,2632.96,2152.61,3442.83
335,38,116.727,72.4256,186.913,100.55,98.3096,272.28,481.095,1325.81,1178.97,4739.52,4042.64
336,38,127.678,101.794,222.254,100.55,83.8743,193.633,288.707,513.948,716.789,2394.28,1593.36
337,38,110.256,86.1143,111.252,111.003,127.429,344.706,426.091,833.267,2076.45,1168.02,1473.65
338,38,137.385,123.945,244.156,111.998,95.323,359.888,384.776,805.641,3496.09,1596.85,861.64
339,38,139.625,80.8877,126.683,130.665,99.3052,197.864,303.64,736.451,1920.15,698.123,521.912
340,38,111.252,123.945,184.922,105.776,95.323,200.85,206.326,440.527,876.325,1320.34,983.594
341,38,123.198,121.705,203.588,73.67,73.4211,219.268,181.188,463.922,1067.22,1345.97,1030.63
342,38,249.383,228.725,135.145,95.323,115.98,160.033,198.361,580.4,1116,741.18,920.128
343,38,317.826,300.155,138.131,157.544,154.309,183.428,205.33,411.905,773.784,614.249,1338.5
344,38,249.383,151.073,89.3498,239.428,246.396,198.859,267.552,355.906,501.504,742.176,1526.91
345,38,107.021,117.474,131.909,204.086,251.623,182.433,197.366,463.922,313.595,900.715,2161.57
346,38,71.1812,114.487,220.263,151.322,173.971,120.212,98.0607,255.854,256.849,964.181,2994.59
347,38,68.9412,105.03,148.584,135.642,132.407,131.411,101.047,144.851,250.627,529.13,2077.44
348,38,79.6432,82.8788,98.8074,135.642,168.744,109.012,96.0697,116.229,270.04,206.824,516.686
323,39,125.438,66.2035,113.243,155.553,114.985,56.9947,108.016,164.264,581.645,480.099,704.096
324,39,80.8877,75.6611,48.7815,128.425,142.86,115.234,190.397,310.111,842.725,555.761,813.606
325,39,121.207,75.6611,87.3587,246.645,152.069,167.251,257.596,473.131,1514.96,749.144,1366.13
326,39,129.669,92.3364,80.141,138.878,215.286,249.881,491.05,1165.78,1559.76,1310.13,1447.02
327,39,119.963,81.8832,108.016,308.866,322.057,347.693,635.653,1307.64,2999.56,1814.87,1609.79
328,39,109.012,165.758,107.021,175.215,190.397,527.139,886.28,2014.48,2417.67,2189.44,1990.58
329,39,243.907,221.508,147.589,228.974,374.821,431.318,737.944,1839.01,2576.21,2373.87,1675.25
330,39,263.569,229.721,259.587,363.621,233.952,372.083,695.634,1644.14,1322.08,1720.79,1759.37
331,39,196.121,271.783,197.366,191.642,111.749,364.119,463.175,812.859,530.872,984.59,879.062
332,39,167.749,179.446,87.3587,121.207,91.092,167.251,198.361,323.302,503.495,1174.99,2255.65
333,39,209.064,154.309,128.923,121.207,143.856,158.042,248.387,454.962,2356.94,2158.83,1214.81
334,39,148.336,195.126,162.024,106.772,151.073,220.263,253.614,651.581,2120.25,1896.75,3811.18
335,39,107.021,60.9769,78.8966,95.323,80.8877,229.472,233.454,538.587,1115.01,1856.93,4167.33
336,39,145.1,105.03,116.478,105.776,72.4256,169.242,309.613,802.655,2799.46,884.289,1284.5
337,39,152.567,84.1232,109.012,155.553,92.0875,175.464,362.875,1117.74,2505.03,3325.85,1480.87
338,39,103.785,128.176,126.683,121.207,106.523,152.815,242.414,572.187,1654.09,3943.09,1478.88
339,39,126.434,95.5719,97.563,121.207,107.767,209.064,197.366,287.462,1042.83,1333.78,659.048
340,39,111.252,104.034,134.149,136.887,98.3096,267.054,230.468,432.314,794.939,1318.34,1156.32
341,39,81.8832,126.931,146.593,120.212,88.1053,187.659,186.415,449.735,1531.14,1361.4,1090.86
342,39,177.704,192.139,168.246,100.55,101.545,109.012,137.136,440.527,1490.57,970.403,821.819
343,39,278.751,324.297,252.37,111.998,156.3,120.212,146.096,372.332,865.125,624.453,1301.67
344,39,278.751,246.645,145.349,138.878,221.508,108.016,167.251,488.562,552.276,413.398,1633.43
345,39,162.522,139.625,152.815,168.993,203.837,111.003,140.122,404.936,558.498,335.746,1897.5
346,39,99.3052,105.03,177.704,175.215,170.735,116.229,93.083,185.668,520.917,283.48,1646.62
347,39,67.6968,75.6611,149.58,114.985,126.185,111.003,98.0607,126.434,465.913,230.219,677.465
350,39,112.496,97.563,107.021,191.642,149.082,76.4077,118.22,136.638,150.078,647.848,621.217
321,40,63.4657,82.8788,72.6745,66.4523,62.2213,55.0036,55.9992,107.021,282.236,406.429,537.343
322,40,79.6432,70.4345,66.4523,66.4523,81.8832,53.0125,62.9679,162.024,446.749,483.086,549.538
323,40,87.3587,84.1232,65.4568,126.434,144.851,62.2213,97.0652,182.433,837.747,870.102,843.223
324,40,90.5942,62.9679,58.2391,112.994,133.651,106.025,194.379,405.932,1243.93,917.142,993.798
325,40,84.1232,70.4345,82.1321,145.1,197.615,130.416,224.494,489.557,2200.39,1272.3,1409.19
326,40,79.6432,99.8029,95.5719,136.887,146.096,205.828,336.742,1012.71,2314.13,1672.51,1651.85
327,40,127.678,98.8074,96.5674,133.651,228.725,177.455,465.166,1205.6,2684.72,2465.95,1726.52
328,40,136.389,182.682,144.353,153.313,138.629,294.68,529.13,1360.66,2498.06,1822.09,2016.22
329,40,147.091,288.458,127.678,158.54,227.73,205.828,362.875,1152.59,1116,1937.82,1389.77
330,40,236.441,357.648,161.029,166.753,252.618,159.038,256.601,555.761,942.279,628.435,1111.52
331,40,160.282,131.162,166.255,193.882,109.758,164.015,216.281,382.536,738.193,758.353,951.737
332,40,131.909,149.082,103.785,112.994,101.545,135.642,184.424,378.305,436.545,891.507,2207.61
333,40,200.353,124.94,95.5719,134.647,84.8698,155.055,298.662,609.769,1009.23,2696.17,1743.94
334,40,129.669,128.176,185.917,134.647,88.1053,161.029,334.751,693.394,748.398,1327.55,1794.96
335,40,95.0741,54.7547,81.1366,111.003,73.4211,210.059,249.383,525.148,2077.69,1176.23,1205.6
336,40,113.492,93.5808,128.923,97.3141,92.0875,131.411,162.273,548.792,3762.15,2282.77,1619.99
337,40,83.1276,87.1098,109.012,190.646,147.091,132.407,155.304,470.144,1743.44,3473.19,4691.49
338,40,99.3052,81.8832,126.683,112.994,131.411,249.881,188.406,252.867,560.489,2915.19,3250.44
339,40,93.8297,89.3498,103.785,125.438,115.98,168.246,269.543,437.54,1124.96,1060.5,774.779
340,40,89.5987,131.162,98.8074,158.54,123.198,143.856,228.477,611.013,1199.13,775.775,1622.23
341,40,93.8297,115.483,129.918,123.447,101.545,129.42,116.229,335.497,951.488,1297.94,1664.05
342,40,110.256,132.158,209.81,103.536,92.0875,111.998,86.1143,236.441,778.762,1393.01,1262.84
343,40,225.49,257.098,302.395,84.8698,102.541,86.612,84.1232,298.662,795.935,882.298,956.963
344,40,287.462,307.373,215.037,117.225,114.985,82.6299,93.083,323.302,884.289,611.013,599.564
345,40,187.411,196.121,142.362,196.868,166.753,105.03,96.0697,201.846,837.747,490.304,442.02
346,40,84.1232,113.492,131.909,161.775,160.531,83.6254,109.012,145.847,563.476,458.446,443.016
349,40,104.781,88.1053,69.6878,111.998,126.185,66.2035,76.9055,149.829,272.031,499.512,603.795
350,40,110.256,93.5808,103.785,146.096,150.078,67.199,93.083,194.628,264.814,261.081,543.316
321,41,69.9367,68.1945,74.9144,56.9947,78.6477,69.1901,53.0125,94.8252,383.781,526.143,751.135
322,41,79.6432,81.8832,75.91,57.9902,75.6611,51.0215,72.9233,136.638,693.394,676.47,846.458
323,41,77.6522,73.4211,84.1232,66.4523,134.647,48.7815,66.9501,164.264,947.257,1368.62,1070.46
324,41,78.6477,78.8966,90.3453,83.8743,96.3186,111.998,119.216,343.71,1435.82,1395.25,1076.68
325,41,83.1276,73.4211,118.469,72.6745,157.295,106.025,190.397,495.53,1936.33,1942.8,1382.56
326,41,88.3542,101.794,105.03,123.447,136.638,201.846,219.517,564.969,2486.86,1730,1644.63
327,41,85.1187,113.492,131.909,79.8921,90.0964,122.203,212.299,689.412,1734.23,2347.24,1407.2
328,41,138.38,174.22,168.246,134.647,156.3,130.416,304.635,663.03,2086.65,1138.15,1215.8
329,41,167.749,194.13,183.926,220.761,136.638,147.838,155.304,496.775,1165.78,821.819,718.283
330,41,114.487,283.231,151.571,93.3319,150.078,104.034,103.038,265.063,653.821,728.736,740.931
331,41,117.723,148.087,73.67,102.541,116.976,83.6254,104.034,195.873,625.448,817.837,902.706
332,41,92.8342,144.851,116.478,120.212,114.985,95.8208,162.273,311.106,398.963,648.844,1426.61
333,41,123.198,138.629,92.5853,109.758,104.532,139.625,214.29,592.596,624.453,1569.22,1453.24
334,41,96.0697,133.402,117.474,70.4345,96.3186,118.22,201.348,762.833,1247.91,894.493,898.475
335,41,126.434,76.6566,94.5764,118.22,66.2035,106.025,152.318,569.2,1503.76,3564.28,2022.19
336,41,143.856,129.171,94.5764,94.3275,115.98,87.6076,132.158,263.072,1316.85,4329.85,2992.6
337,41,104.781,139.625,82.1321,113.989,198.859,163.02,228.477,263.072,533.112,1701.13,3936.12
338,41,102.541,70.4345,69.6878,87.1098,107.767,263.072,252.37,310.111,1076.18,782.993,2148.13
339,41,102.541,70.4345,95.5719,107.767,108.763,121.207,156.3,425.345,1572.95,773.784,582.391
340,41,110.256,112.247,132.905,130.665,141.865,87.6076,111.003,395.727,909.675,928.342,997.781
341,41,83.1276,108.265,139.127,101.545,106.523,106.025,87.1098,201.846,370.59,1501.52,1221.03
342,41,76.4077,85.1187,107.021,130.665,91.092,84.621,72.9233,143.856,824.557,1281.51,1035.61
343,41,154.807,199.357,274.271,114.985,92.0875,61.2257,61.9724,213.046,959.452,783.988,678.461
344,41,210.308,290.698,288.707,115.98,111.749,72.4256,62.9679,166.255,674.23,696.132,612.009
345,41,163.518,258.094,190.148,177.206,180.193,74.4167,90.0964,177.455,438.536,775.775,818.583
346,41,115.732,174.22,125.687,150.327,163.518,85.6165,87.1098,184.424,337.986,802.406,783.988
347,41,68.9412,125.936,124.691,121.207,80.8877,118.22,93.083,184.424,364.368,619.226,612.009
348,41,84.1232,114.487,96.5674,89.1009,70.4345,68.1945,88.1053,191.642,368.599,367.354,506.481
320,42,42.8082,51.5192,93.5808,50.7726,46.5415,79.3944,65.9546,77.4033,246.645,347.941,488.064
321,42,54.7547,81.8832,95.5719,45.546,59.9813,69.1901,64.959,92.8342,361.381,710.318,914.902
322,42,69.9367,65.2079,123.696,36.3372,50.7726,68.1945,68.9412,146.842,764.575,819.828,1121.73
323,42,71.1812,113.492,96.5674,48.7815,85.8654,58.9858,55.0036,137.633,870.102,1607.05,1421.63
324,42,85.1187,81.8832,73.67,56.9947,102.541,87.6076,95.0741,212.05,1283.5,1731,1211.82
325,42,81.8832,84.1232,131.909,63.2168,128.425,111.003,150.327,349.684,1250.9,2230.51,1363.14
326,42,69.9367,81.8832,152.815,94.3275,118.967,159.038,191.393,410.909,1833.79,1814.87,1217.8
327,42,87.3587,115.483,148.584,79.8921,65.2079,138.629,118.22,317.08,1275.29,1833.29,1003.01
329,42,128.674,203.588,206.824,129.42,160.531,127.429,133.154,284.476,876.325,659.297,397.967
330,42,107.021,187.908,178.7,106.772,82.8788,144.851,94.0786,184.424,484.331,802.406,986.581
331,42,79.6432,132.158,80.141,78.8966,95.323,92.8342,87.1098,174.22,333.008,762.584,780.753
332,42,84.1232,143.856,102.79,105.776,103.536,55.0036,125.189,331.515,461.931,329.524,707.083
333,42,101.545,110.256,96.5674,133.651,74.6655,89.5987,149.331,442.518,1193.16,525.148,677.465
334,42,85.1187,80.8877,97.563,65.2079,80.8877,108.016,121.207,349.684,1708.85,1086.13,1962.96
335,42,84.1232,60.9769,72.6745,98.5585,111.749,96.8163,102.043,235.445,921.871,2996.08,5056.85
336,42,150.327,120.709,105.03,80.8877,107.767,81.6343,157.295,275.267,417.132,2353.21,3285.28
337,42,107.021,119.714,122.7,88.1053,111.749,114.238,232.459,441.522,459.94,779.011,989.567
340,42,74.4167,85.1187,132.905,77.6522,110.754,58.9858,101.047,203.837,313.595,685.679,901.711
341,42,84.1232,97.563,153.811,115.98,91.092,85.6165,91.092,167.251,411.158,533.361,1366.13
342,42,108.016,88.1053,108.016,194.877,107.767,67.199,64.959,149.829,674.23,766.566,1134.92
343,42,123.198,129.171,225.49,156.549,96.3186,72.4256,71.9278,139.625,456.953,815.846,759.349
344,42,154.807,226.734,306.378,104.781,107.767,68.1945,75.91,154.06,374.572,736.949,814.601
345,42,145.1,281.24,232.708,161.775,164.513,69.1901,74.9144,234.45,651.83,720.523,916.893
346,42,113.492,200.353,151.571,134.647,162.522,97.8119,57.9902,245.65,736.202,557.752,804.397
347,42,93.8297,151.073,123.696,129.42,108.763,87.6076,68.9412,175.464,551.281,340.724,554.765
319,43,45.0482,74.6655,62.4702,56.9947,53.7592,78.3988,57.9902,67.199,153.313,282.485,611.013
320,43,61.2257,58.7369,110.256,56.9947,40.3194,97.8119,75.91,97.8119,256.849,442.269,658.052
321,43,55.7503,75.6611,101.794,43.5549,42.5594,106.025,75.91,124.443,294.431,827.045,1110.28
322,43,80.8877,80.8877,93.5808,48.7815,44.5504,56.9947,69.9367,136.638,535.103,1033.87,1227
323,43,111.252,64.2124,97.563,63.2168,68.4434,58.9858,57.9902,128.425,716.789,1496.55,1803.17
324,43,79.6432,75.6611,132.905,61.2257,82.8788,67.199,71.9278,139.625,881.302,1768.83,1454.24
325,43,83.1276,95.5719,125.687,63.2168,93.083,80.3899,115.234,188.655,773.784,1931.6,1636.42
326,43,63.4657,92.3364,157.793,75.6611,85.8654,114.238,161.278,274.271,779.757,2015.47,1093.1
327,43,85.1187,112.247,234.699,78.8966,74.6655,136.638,140.122,270.289,975.879,1269.31,1157.56
328,43,102.541,187.908,204.584,81.8832,75.6611,143.856,119.216,234.45,746.158,1632.69,908.68
330,43,77.6522,134.398,153.811,88.1053,104.532,123.447,157.295,331.515,381.79,532.365,878.067
331,43,79.6432,94.5764,77.9011,95.323,55.9992,107.021,133.154,279.498,504.49,361.381,494.286
332,43,68.9412,129.171,111.252,68.4434,60.9769,51.0215,63.9635,276.263,834.512,356.155,496.277
333,43,62.4702,105.03,90.3453,90.0964,79.6432,67.199,90.0964,270.289,1112.77,880.307,495.281
334,43,55.7503,82.8788,64.4613,79.8921,62.2213,57.9902,97.0652,145.847,983.843,1394.25,1919.9
335,43,111.252,59.9813,59.2347,60.2302,104.532,94.8252,77.9011,134.647,635.653,1122.97,3405.99
336,43,118.967,121.705,101.794,65.2079,51.7681,89.5987,97.0652,171.233,580.649,584.382,1628.21
337,43,130.914,138.629,105.03,87.1098,90.0964,85.6165,116.229,245.65,431.567,891.507,1090.86
338,43,139.625,94.5764,71.6789,69.439,89.1009,94.8252,84.1232,228.477,290.2,1586.64,1604.81
339,43,118.967,96.5674,70.6834,69.439,65.2079,78.3988,72.9233,206.077,358.395,995.043,749.144
341,43,67.6968,120.709,111.252,101.545,97.3141,96.8163,68.9412,137.633,304.635,700.114,641.626
343,43,113.492,134.398,157.793,164.762,112.745,101.794,95.0741,197.864,372.581,643.866,587.369
344,43,128.674,203.588,236.939,111.003,103.536,86.612,86.1143,201.846,677.216,425.842,626.195
345,43,128.674,231.961,291.942,122.203,137.633,77.4033,91.092,223.25,1040.84,505.735,687.67
346,43,114.487,176.211,190.148,111.003,142.86,80.3899,73.9189,233.454,820.325,547.547,569.947
379,43,69.9367,67.199,84.1232,66.4523,74.6655,43.8038,75.91,87.6076,180.691,429.825,555.761
319,44,40.5683,60.9769,62.4702,50.7726,41.3149,83.6254,62.9679,69.1901,135.891,263.072,690.656
320,44,55.7503,62.9679,82.1321,50.7726,43.5549,76.4077,98.0607,94.8252,233.454,441.024,744.913
321,44,64.4613,55.7503,105.03,56.9947,50.7726,125.438,96.0697,141.616,302.395,678.71,1244.43
322,44,69.9367,84.1232,77.9011,41.5638,49.777,72.4256,81.1366,160.033,348.19,1070.7,1297.69
323,44,74.4167,72.4256,81.1366,55.0036,60.9769,72.4256,57.9902,122.203,435.549,1112.77,1879.08
324,44,95.0741,62.9679,101.794,99.5541,76.6566,52.017,59.9813,99.8029,580.649,1375.84,1604.81
325,44,75.4122,73.4211,172.477,71.43,57.9902,64.2124,98.0607,159.038,498.517,1163.79,1680.47
326,44,73.1722,112.247,163.02,111.003,86.8609,100.798,117.225,192.637,528.881,1441.29,1353.94
327,44,85.1187,121.705,243.161,127.429,83.8743,142.611,134.149,296.671,522.908,985.834,1139.15
328,44,64.4613,143.856,275.267,93.3319,65.2079,161.029,168.246,303.889,833.516,715.545,1435.82
329,44,78.6477,175.215,154.807,86.1143,76.6566,149.829,147.091,246.645,1008.23,655.066,750.14
332,44,57.9902,85.1187,117.474,67.4479,57.9902,75.4122,62.9679,185.668,861.143,656.061,529.13
333,44,57.9902,79.8921,73.67,92.3364,92.0875,69.1901,68.9412,103.038,890.511,1078.92,816.592
334,44,56.9947,48.2837,45.7949,69.439,57.9902,78.3988,83.1276,97.8119,569.698,1286.74,1059.26
335,44,117.723,55.7503,56.248,48.7815,72.4256,88.6031,95.0741,109.012,276.014,1004.25,1086.88
336,44,163.518,101.794,97.563,72.6745,68.4434,90.5942,83.1276,149.829,268.049,780.006,1124.71
337,44,140.62,135.394,118.469,72.6745,81.8832,118.22,93.083,148.833,351.177,517.93,1722.29
338,44,122.203,130.167,96.5674,60.2302,57.9902,147.838,99.0563,168.246,624.453,401.203,1567.98
339,44,116.727,99.8029,106.025,114.985,55.9992,106.025,100.052,201.846,665.021,322.306,587.369
340,44,92.8342,90.3453,163.02,115.98,83.8743,86.612,90.0964,179.446,384.776,409.416,464.669
341,44,78.6477,113.492,177.704,79.8921,121.207,77.4033,63.9635,106.025,202.095,739.936,796.184
342,44,86.3631,144.851,121.456,157.544,147.091,96.8163,94.0786,178.451,289.205,506.73,785.979
343,44,98.3096,169.989,107.021,197.864,151.073,118.22,91.092,235.445,343.213,377.559,538.339
345,44,97.0652,207.819,244.156,105.776,92.0875,87.6076,95.0741,151.82,704.594,1188.43,574.178
348,44,48.2837,96.5674,140.371,86.1143,74.6655,73.4211,67.9456,225.241,329.026,314.093,449.238
319,45,45.0482,52.5148,84.1232,96.3186,55.0036,55.0036,55.9992,85.6165,130.914,251.872,611.013
320,45,47.0393,61.9724,70.6834,72.6745,38.3283,74.4167,90.0964,106.025,193.882,399.212,738.94
321,45,45.0482,75.6611,100.798,58.9858,35.3417,98.8074,99.0563,140.62,244.654,470.891,1144.13
322,45,67.6968,74.6655,87.3587,73.67,55.9992,81.6343,123.198,182.433,370.59,753.375,1231.23
323,45,78.6477,71.43,69.6878,74.6655,67.199,91.8386,74.9144,154.06,291.445,858.903,1417.4
324,45,96.0697,71.43,76.9055,95.323,73.4211,52.017,62.9679,92.8342,478.108,840.236,1415.41
325,45,89.5987,65.2079,165.26,112.994,53.7592,59.9813,59.9813,127.429,434.553,807.632,1228
326,45,84.1232,75.6611,200.601,93.3319,105.527,73.4211,108.016,140.62,505.486,764.575,1261.85
327,45,58.9858,117.474,190.148,105.776,88.1053,116.229,149.331,199.855,617.235,828.041,719.527
328,45,64.4613,134.398,251.374,111.003,89.1009,150.824,183.428,326.288,503.495,783.988,748.149
329,45,68.9412,109.261,172.477,77.6522,75.6611,159.038,180.193,324.297,724.007,601.804,627.439
330,45,60.2302,86.1143,94.5764,46.5415,56.9947,151.82,140.122,200.85,995.043,510.712,392.99
333,45,49.2793,65.2079,66.4523,56.9947,81.8832,88.6031,88.1053,140.62,342.217,1176.23,915.897
334,45,56.9947,41.0661,50.0259,58.9858,50.7726,96.8163,98.0607,100.798,229.472,974.385,1260.85
335,45,99.3052,53.5103,39.5727,81.8832,58.9858,93.8297,104.034,111.003,258.841,654.07,1473.65
336,45,121.207,107.021,86.3631,88.1053,65.2079,71.43,109.012,169.242,352.172,438.038,1113.51
337,45,104.781,121.705,123.696,74.6655,66.2035,74.4167,131.162,191.642,489.308,418.625,563.974
340,45,69.9367,116.478,142.362,121.207,131.411,92.8342,82.1321,140.62,251.623,426.838,721.518
341,45,80.8877,109.261,154.807,88.1053,95.323,86.612,78.8966,139.625,242.663,267.054,759.349
344,45,102.541,193.135,174.468,135.642,121.207,91.8386,89.1009,130.416,276.014,946.759,941.533
345,45,107.021,181.437,181.686,104.781,85.8654,101.794,88.1053,183.428,434.553,1028.64,1104.3
346,45,78.6477,182.682,171.482,105.776,92.0875,111.003,111.003,213.046,517.681,643.866,925.106
347,45,71.1812,132.158,141.367,121.207,122.203,104.034,92.0875,207.072,413.149,323.302,600.809
320,46,54.7547,73.4211,86.3631,50.7726,43.5549,79.3944,84.1232,108.016,179.695,335.746,645.857
321,46,51.5192,87.1098,82.1321,41.5638,49.777,82.6299,92.0875,118.22,185.668,411.407,831.028
322,46,69.9367,76.6566,70.6834,63.2168,64.2124,91.8386,114.238,187.659,290.2,497.521,1067.47
323,46,75.4122,58.7369,61.2257,112.994,69.439,81.6343,109.012,193.633,337.986,632.666,960.946
324,46,69.9367,64.2124,109.012,79.8921,71.43,65.2079,55.9992,111.003,317.826,674.479,1099.08
325,46,77.6522,64.2124,135.145,121.207,96.3186,46.7904,65.9546,99.8029,428.331,583.387,888.271
326,46,81.8832,72.4256,181.686,169.989,79.6432,85.6165,83.1276,127.429,331.017,602.8,863.631
327,46,61.2257,88.1053,217.028,109.758,90.0964,85.6165,118.22,121.207,583.885,536.348,643.617
328,46,56.9947,106.025,201.597,65.2079,94.3275,117.225,165.26,202.841,669.999,721.518,394.981
331,46,54.7547,88.1053,107.021,69.439,65.2079,62.2213,84.1232,115.234,600.062,791.206,997.781
332,46,52.5148,96.5674,93.5808,58.9858,59.9813,105.03,91.092,161.029,373.577,1020.43,1299.68
333,46,50.5237,89.3498,54.0081,47.7859,43.5549,84.621,96.0697,165.26,314.591,965.177,1103.31
334,46,56.9947,43.0571,41.5638,42.5594,31.1106,62.2213,120.212,195.873,355.408,546.552,1016.2
335,46,90.5942,73.4211,45.7949,78.8966,73.4211,54.0081,103.038,176.46,289.205,407.425,835.01
338,46,128.674,174.22,132.905,78.8966,91.092,88.6031,84.1232,139.625,251.623,895.738,921.124
339,46,126.434,178.451,121.456,100.55,126.185,97.8119,110.007,144.851,194.877,630.426,860.645
343,46,99.3052,144.851,192.139,120.212,138.629,79.3944,91.092,142.611,192.886,317.329,773.784
344,46,91.8386,194.13,233.703,147.091,109.758,100.798,75.91,116.229,251.623,462.677,1077.67
345,46,88.3542,199.357,172.477,112.994,105.527,67.199,85.1187,121.207,432.562,516.934,879.062
346,46,65.7057,172.229,167.251,81.8832,83.8743,98.8074,78.8966,152.815,409.167,374.572,509.717
321,47,71.1812,82.8788,78.8966,48.7815,45.546,66.2035,86.1143,114.238,165.509,310.111,625.2
322,47,64.4613,84.1232,58.2391,48.7815,77.6522,83.6254,78.8966,137.633,157.295,407.425,748.149
323,47,65.7057,67.199,57.2436,120.212,89.1009,74.4167,95.0741,189.65,338.982,425.842,765.571
324,47,62.4702,56.7458,86.3631,131.66,66.2035,59.9813,60.9769,121.207,264.814,642.87,708.078
325,47,55.7503,57.7414,102.79,99.5541,90.0964,62.2213,76.9055,103.038,324.795,519.921,657.057
326,47,49.2793,54.7547,148.584,146.096,118.967,80.3899,69.9367,78.3988,368.599,518.926,537.343
328,47,74.4167,64.2124,189.153,73.67,55.9992,81.6343,97.0652,126.434,454.713,574.178,588.364
329,47,74.4167,70.4345,129.918,45.546,43.5549,82.6299,123.198,198.859,421.363,877.32,977.372
330,47,61.2257,77.6522,85.1187,40.3194,47.5371,72.4256,95.0741,155.055,184.673,1319.34,921.124
331,47,68.9412,78.8966,103.785,69.439,78.6477,59.9813,70.9323,114.238,216.281,829.036,990.563
332,47,51.5192,85.1187,93.5808,41.5638,58.9858,77.4033,76.9055,152.815,301.4,383.781,1342.74
333,47,60.2302,57.7414,77.9011,32.1062,46.5415,91.8386,68.9412,145.847,477.113,303.889,1103.31
334,47,48.2837,49.5281,64.4613,49.777,51.7681,55.9992,74.9144,189.65,454.713,336.742,593.591
335,47,60.2302,66.2035,57.2436,83.8743,82.8788,41.8127,72.9233,199.855,242.663,597.822,599.564
336,47,92.8342,97.563,100.798,79.8921,81.8832,76.4077,63.9635,114.238,182.682,757.358,1029.64
337,47,117.723,130.167,140.371,112.994,64.2124,108.016,103.038,119.216,171.482,547.547,1090.86
338,47,142.86,133.402,162.024,128.425,95.323,117.225,135.145,134.647,129.918,312.102,966.172
339,47,148.336,174.22,159.038,128.425,105.527,91.8386,134.149,159.038,229.472,227.232,626.195
343,47,124.443,142.86,232.708,111.003,117.972,86.612,66.9501,172.229,154.309,240.423,444.011
348,47,52.5148,73.4211,81.1366,122.203,111.749,64.2124,63.9635,149.829,269.045,322.306,464.669
349,47,54.7547,79.8921,110.256,122.203,83.8743,68.1945,69.9367,189.65,314.591,343.959,498.268
323,48,61.2257,54.7547,60.2302,108.763,120.212,51.0215,56.9947,131.411,204.086,378.803,548.543
324,48,54.7547,48.2837,83.1276,134.647,94.3275,73.4211,58.9858,134.647,334.004,474.873,580.151
326,48,71.1812,61.9724,101.794,141.865,127.429,69.1901,70.9323,111.998,317.826,471.886,613.004
327,48,63.4657,58.7369,122.7,113.989,98.3096,87.6076,71.9278,142.611,241.667,648.844,754.122
329,48,63.4657,74.6655,109.012,54.0081,35.3417,82.6299,80.141,91.8386,194.877,468.9,1221.03
330,48,66.7012,58.7369,103.785,42.5594,49.777,64.2124,64.959,100.798,179.695,527.139,1356.92
331,48,57.9902,74.6655,82.1321,49.777,44.5504,70.1856,82.1321,133.651,161.278,575.174,665.27
334,48,52.5148,58.7369,57.2436,34.3462,44.5504,47.7859,69.9367,106.025,268.049,527.139,626.195
335,48,64.4613,71.43,67.4479,71.43,55.0036,40.8172,72.9233,146.842,192.886,352.172,1140.14
336,48,89.5987,79.8921,102.79,119.216,74.6655,63.2168,120.212,179.446,211.055,267.054,1163.54
337,48,129.669,94.5764,163.02,117.225,93.083,83.6254,147.091,196.868,169.491,175.962,571.938
324,49,72.1767,60.9769,63.4657,124.443,131.411,57.9902,55.9992,96.8163,219.268,326.537,681.448
325,49,57.9902,35.8395,57.2436,138.878,112.745,64.2124,46.0438,121.207,220.263,534.356,748.149
327,49,80.8877,55.7503,103.785,104.781,80.8877,48.7815,69.9367,135.642,269.045,301.898,930.333
328,49,73.1722,56.7458,85.1187,71.43,56.9947,82.6299,68.9412,127.429,214.041,433.06,925.106
329,49,71.1812,74.6655,95.5719,52.7637,34.0973,78.3988,62.9679,109.012,115.732,464.669,624.204
330,49,61.2257,69.439,88.3542,72.6745,52.7637,73.4211,55.0036,65.2079,147.091,250.627,770.548
331,49,61.2257,71.43,96.5674,57.9902,41.3149,51.0215,43.8038,81.6343,165.509,199.606,673.483
339,49,143.856,128.176,208.815,145.1,120.212,104.034,116.229,116.229,176.708,380.794,580.151
340,49,125.438,136.389,251.374,161.775,138.629,165.26,167.251,178.451,226.237,384.776,536.348
325,50,54.7547,51.5192,57.2436,106.772,85.8654,71.43,51.0215,89.5987,178.7,259.836,894.493
326,50,75.4122,42.0616,67.4479,95.323,94.3275,54.0081,50.0259,121.207,156.3,445.256,668.257
328,50,58.9858,76.6566,81.1366,77.6522,56.9947,56.9947,69.9367,117.225,251.623,206.824,778.762
329,50,69.9367,49.5281,97.563,68.4434,49.777,58.9858,63.9635,103.038,164.513,254.858,638.639
333,50,61.2257,54.7547,68.6923,31.1106,39.3239,82.6299,71.9278,124.443,167.5,175.962,534.108
339,50,167.749,132.158,232.708,208.317,153.313,101.794,125.189,125.438,188.655,258.841,465.664
326,51,96.0697,69.439,62.4702,96.3186,92.0875,63.2168,65.9546,99.8029,141.118,179.197,723.509
329,51,67.6968,51.5192,78.8966,81.8832,74.6655,42.8082,48.0348,95.8208,254.858,192.388,495.281
