340,55,266.805,490.802,542.072,344.955,232.957,184.424,184.424,301.898,415.14,583.387,511.708
341,55,192.886,684.932,1034.37,254.858,241.17,161.029,269.543,391.496,364.368,389.007,348.937
340,56,232.957,392.243,605.538,758.353,506.232,100.798,152.318,280.494,309.613,401.203,425.594
341,56,226.485,746.904,1207.84,435.3,323.053,169.242,184.424,310.111,285.222,229.223,229.223
340,57,279.747,306.378,385.274,955.221,757.606,182.433,136.14,223.25,204.086,300.902,284.476
331,58,77.6522,121.705,314.84,220.761,143.856,79.3944,64.959,137.633,292.44,240.423,385.772
332,58,128.674,269.543,385.274,360.635,236.939,80.3899,117.225,191.642,242.663,297.916,464.669
333,58,189.65,403.941,577.414,449.735,296.173,138.629,154.309,228.477,211.055,317.329,319.32
337,58,727.74,233.952,308.618,726.247,353.915,189.65,128.176,151.82,336.99,537.343,390.999
341,58,234.201,293.684,525.645,596.827,437.789,348.688,468.153,406.927,349.186,197.615,169.74
331,59,81.8832,137.385,278.502,306.627,265.063,140.62,85.1187,177.455,370.59,321.311,329.524
332,59,125.438,284.227,410.163,467.406,422.358,111.998,158.291,306.875,309.613,285.471,368.35
335,59,973.639,290.698,572.187,465.166,348.937,147.838,121.207,152.815,268.049,163.766,280.494
338,59,664.772,532.863,700.114,898.227,561.983,226.237,140.122,174.22,229.472,348.937,346.946
347,59,105.776,78.8966,151.571,87.1098,113.989,106.025,131.162,185.668,410.163,416.634,415.389
330,60,85.1187,138.629,202.593,268.298,225.739,175.464,162.273,275.267,322.804,348.937,434.802
331,60,131.909,134.398,196.37,341.968,345.701,183.428,118.22,212.05,511.708,382.785,376.563
335,60,600.56,217.277,480.846,568.951,462.677,286.467,331.764,233.454,318.822,232.21,258.841
343,60,190.646,1073.94,1396.99,297.418,174.966,280.494,275.516,446.749,289.205,296.92,314.093
344,60,97.0652,420.616,804.895,217.526,113.989,185.668,164.264,275.267,161.278,230.219,282.485
346,60,102.541,178.451,392.741,162.771,140.869,83.6254,78.8966,151.82,263.818,231.214,340.724
347,60,127.678,105.03,132.905,92.3364,94.3275,109.012,116.229,214.041,454.713,526.143,581.147
348,60,77.6522,90.3453,70.6834,55.9992,72.4256,189.65,267.552,506.979,674.23,658.052,532.116
335,61,377.808,444.758,622.213,795.686,490.553,348.688,442.02,337.488,317.826,296.92,250.627
336,61,387.514,768.806,1469.67,463.175,260.832,575.174,747.9,702.603,284.227,269.045,291.693
337,61,478.855,1452.49,2444.8,435.3,774.282,535.352,430.074,598.569,194.877,250.627,222.006
343,61,214.539,1255.38,1981.62,552.276,314.591,148.833,207.321,435.549,242.663,193.384,209.81
344,61,129.669,371.337,998.029,337.737,211.303,114.238,135.145,278.502,158.291,166.753,234.201
345,61,159.038,169.989,373.825,349.186,232.957,114.238,93.083,189.65,267.054,200.601,253.863
346,61,202.593,193.135,340.724,159.535,134.647,164.015,127.18,251.872,344.208,309.115,372.581
347,61,250.378,108.265,116.478,82.8788,68.4434,227.481,186.415,331.515,449.735,534.356,598.569
334,62,274.271,202.593,539.085,677.714,656.31,648.595,521.166,511.957,258.841,272.28,222.006
335,62,352.67,379.799,433.06,1324.07,900.466,371.088,470.144,425.345,403.941,303.889,256.849
336,62,326.537,463.673,1105.05,1490.82,619.973,491.548,852.183,894.493,461.931,212.797,217.028
337,62,417.878,568.454,1758.37,393.736,338.484,839.241,552.276,878.067,285.222,181.188,158.54
340,62,178.7,530.872,757.109,219.766,233.952,520.17,591.351,866.867,380.794,245.65,381.79
342,62,694.141,1346.72,1809.15,1347.96,787.722,190.646,180.193,256.849,369.594,372.581,220.014
343,62,566.96,1424.37,2735.75,902.458,557.005,113.243,159.286,453.718,291.445,163.766,136.14
344,62,428.829,692.398,1005.5,495.281,365.363,135.642,124.194,344.706,209.064,181.188,229.223
335,63,446.251,356.652,272.28,1608.05,1751.4,468.153,391.994,497.77,614.249,406.429,244.654
336,63,315.835,725.749,778.015,2173.76,1705.86,420.118,1038.6,1186.19,941.284,259.836,148.336
339,63,272.28,696.381,1001.26,413.398,278.502,392.492,643.617,781.25,977.87,265.063,149.331
340,63,198.361,304.138,657.555,269.294,226.734,334.502,546.303,939.293,665.021,217.028,303.889
341,63,353.666,374.572,467.406,1134.42,800.166,350.679,247.392,386.519,229.472,331.515,381.79
342,63,432.065,799.17,1815.37,2133.19,1430.59,211.055,164.264,256.849,400.954,338.733,210.806
343,63,627.688,1681.22,3723.32,1134.42,884.04,294.68,149.331,338.484,427.336,196.37,159.535
335,64,719.029,592.596,727.989,963.683,1675.74,577.165,322.804,474.126,725.998,616.24,364.368
336,64,329.773,1620.49,1569.22,1155.32,1698.64,391.496,1006.49,1061.74,1329.05,499.512,188.157
339,64,300.404,283.231,401.95,595.831,386.021,277.258,375.817,657.803,1686.69,561.983,169.74
340,64,248.387,263.32,600.311,416.634,326.04,545.556,556.258,860.894,988.074,369.594,236.441
341,64,545.058,461.682,628.435,1968.43,1520.44,728.238,356.901,653.821,281.24,283.48,305.88
342,64,695.136,574.925,1869.38,3560.05,2461.47,421.114,290.698,394.732,614.249,376.563,228.228
343,64,483.086,1675.99,4738.03,1440.05,1053.78,915.897,510.215,414.145,510.712,262.076,217.028
344,64,936.555,2607.32,4218.6,351.177,419.123,1378.82,395.976,365.115,413.149,309.115,343.71
331,65,297.169,161.526,285.72,135.642,105.527,128.425,141.118,204.832,480.099,473.877,392.99
333,65,517.93,377.559,727.989,257.098,240.174,180.442,333.755,570.196,458.944,251.872,311.106
334,65,202.593,867.365,1153.83,380.297,275.267,335.497,505.237,705.838,339.977,437.042,594.587
335,65,504.988,558.001,987.825,681.696,783.49,597.573,364.866,433.309,687.421,778.015,564.969
336,65,400.456,1469.42,2058.53,317.08,635.653,383.532,692.647,792.45,1254.13,699.118,231.214
339,65,327.782,241.419,358.395,792.699,652.079,275.267,615.493,753.624,2105.07,1306.15,400.207
341,65,662.532,573.68,562.978,2756.9,2604.33,1614.52,694.638,1309.63,432.562,307.124,311.106
342,65,1381.31,677.714,1691.92,5470.5,4289.29,876.076,708.825,693.394,884.289,538.339,309.115
343,65,779.011,1154.83,4041.15,2762.13,1604.31,2186.7,1704.37,1367.62,678.212,326.537,252.618
344,65,770.3,2035.63,4777.35,970.901,384.03,3629.74,1224.27,1309.63,743.171,489.308,469.646
345,65,791.953,2349.23,3802.22,545.058,378.803,1055.52,760.842,1154.58,2181.23,1019.43,569.947
346,65,708.327,1747.17,2349.23,359.639,218.521,1702.13,1976.15,3013,2885.82,876.076,473.877
331,66,398.465,155.304,245.152,398.963,268.049,113.243,111.003,143.856,509.717,521.912,385.772
333,66,352.67,263.32,610.764,686.923,324.048,176.46,163.269,383.532,496.526,255.854,336.742
334,66,220.014,749.891,1134.17,831.028,499.015,254.858,294.68,343.71,448.74,433.06,632.417
335,66,180.94,300.155,647.101,1092.11,553.769,412.9,399.958,353.915,905.693,787.224,577.165
336,66,314.591,530.872,1103.06,235.196,183.179,582.391,395.976,603.795,1312.87,719.527,290.698
338,66,606.035,477.362,380.048,279.747,363.372,449.735,419.869,1393.26,1004.25,1597.84,1135.91
339,66,710.318,648.346,602.302,883.791,993.798,641.377,700.612,1299.43,1987.1,2075.95,1085.89
341,66,840.983,1035.11,1358.42,3338.3,3792.51,3630.99,1388.53,2003.28,745.162,454.464,347.941
342,66,1418.15,1522.93,2022.19,6622.58,6314.96,1848.97,1331.54,1334.02,1587.14,857.658,471.637
343,66,1298.68,2308.41,2504.03,4719.36,3164.33,4919.96,4199.19,3704.66,1598.34,469.895,364.368
344,66,1688.93,2003.28,3304.7,2609.81,1292.96,7787.12,3235.76,3990.13,1128.2,952.981,849.445
345,66,1233.47,1918.16,3109.57,1328.3,733.962,2141.66,1005.5,1517.7,3285.04,2206.86,1059.26
346,66,721.269,1776.54,2235.98,718.034,435.798,2254.9,2929.88,4081.97,4948.33,1683.96,619.226
348,66,452.722,524.401,671.99,298.413,226.734,1300.42,741.927,1750.16,1144.37,758.353,580.151
349,66,358.146,456.206,472.633,166.753,127.429,558.747,797.926,1067.97,2185.21,868.111,376.563
332,67,243.907,355.657,400.954,849.694,803.152,136.638,130.167,183.428,450.731,379.799,209.81
333,67,184.175,156.3,319.817,812.361,542.321,221.259,247.392,285.471,389.754,476.864,441.024
334,67,154.807,281.24,628.435,948.004,892.253,351.675,201.348,248.885,483.335,655.066,537.343
335,67,230.965,163.766,255.605,1145.87,768.06,303.889,467.157,333.506,1303.66,903.702,490.055
336,67,396.225,263.32,378.057,245.65,203.837,821.072,389.754,460.935,1661.31,730.727,325.293
338,67,748.398,542.321,484.082,302.644,308.369,1357.42,584.382,1018.94,1004.25,1783.01,1830.8
339,67,974.634,1127.45,1159.06,439.282,819.828,1660.31,691.652,1270.81,2423.89,1998.05,1474.64
341,67,690.905,659.795,2065.75,2858.45,4034.68,6487.69,3197.68,3181.25,1295.7,947.755,674.479
342,67,697.376,1912.93,3038.89,5164.86,6776.64,2948.54,2487.61,2331.56,3554.08,1457.72,726.496
343,67,1484.6,2809.66,3841.79,4625.03,4556.34,7533.01,8510.13,8123.11,4580.73,786.228,629.431
345,67,1236.71,2991.1,1979.63,2166.55,1546.32,3714.61,1724.53,3138.44,3605.85,3876.39,2297.71
346,67,1337.76,1672.76,1849.71,1128.2,781.499,3028.19,3942.59,4682.77,7013.83,3409.73,1082.65
348,67,398.465,840.236,527.637,410.412,306.378,1567.48,1026.65,2747.69,2237.98,1357.42,1015.2
349,67,349.435,409.167,558.747,227.979,182.184,704.594,1026.65,1661.56,3717.6,1902.98,743.918
350,67,223.25,219.268,319.817,163.766,124.194,1255.38,1176.98,2388.8,2586.41,898.724,500.508
351,67,123.198,290.698,176.708,135.642,84.8698,485.326,321.56,944.519,1116,655.066,634.408
352,67,111.252,156.3,288.707,159.535,80.8877,186.664,203.339,429.327,1155.57,753.375,542.321
332,68,155.802,154.309,284.725,671.492,876.822,165.26,135.145,139.625,491.299,400.207,322.306
333,68,286.467,135.394,176.708,601.058,481.344,261.081,378.803,329.275,536.099,520.917,840.236
334,68,506.979,179.446,198.361,504.49,803.152,489.557,226.485,261.081,498.517,1103.56,849.445
335,68,200.353,266.556,215.037,405.185,514.446,291.693,532.365,436.545,1445.03,1500.53,541.325
336,68,307.124,266.556,333.506,246.645,179.197,746.407,473.131,437.54,1676.49,1063.49,386.768
337,68,308.12,743.669,1026.15,373.079,347.693,493.539,787.97,750.638,1341.24,727.74,915.897
338,68,346.199,370.341,503.744,645.608,337.488,1917.41,1760.61,1145.37,1414.41,1915.17,1916.91
339,68,397.221,701.607,1311.87,475.62,411.905,1997.05,1085.89,1207.59,3970.46,2122.99,1193.4
340,68,485.326,553.769,604.542,1942.55,1074.44,2563.02,4551.36,3270.1,3725.81,992.803,602.8
342,68,754.869,1080.41,2255.9,2884.33,4319.4,3052.58,3386.08,4172.81,6515.32,3125,1502.27
343,68,1412.92,1224.02,3291.26,2988.12,3671.55,7234.34,12332.5,15239.7,10692.9,2004.27,939.541
345,68,1486.84,2127.97,2220.55,1757.13,1900.49,3657.37,2762.38,7828.43,3957.27,5225.59,4342.55
346,68,1235.47,909.426,1715.81,1106.54,1038.1,3416.7,4788.8,5790.31,8596.99,5854.03,2288.5
347,68,621.217,1072.94,527.637,578.16,527.885,4985.42,4638.47,8886.2,6499.88,2514.98,1118.49
348,68,414.643,816.094,742.673,448.74,384.03,1384.05,1352.44,3883.11,4335.08,2671.53,2094.87
349,68,243.907,270.787,672.985,327.533,257.845,834.263,1346.47,2942.57,5648.95,3734.27,1854.44
350,68,163.518,302.147,192.139,172.975,166.753,1171.75,1172,3039.39,3800.73,2080.93,963.932
351,68,127.678,258.094,276.263,188.655,112.745,402.696,340.724,1046.31,1897.75,1248.91,993.798
352,68,81.8832,113.492,286.716,218.521,155.304,312.102,347.693,688.416,2000.29,1248.91,833.019
353,68,77.6522,129.171,125.687,102.541,103.536,368.101,344.706,778.264,1112.77,776.771,660.043
354,68,65.7057,86.1143,109.012,134.647,94.3275,204.832,181.188,351.924,630.426,649.839,558.747
355,68,58.9858,90.3453,132.905,167.997,149.082,128.425,92.0875,233.454,554.267,494.286,440.029
330,69,142.86,90.3453,78.8966,202.095,345.701,91.8386,99.0563,120.212,198.859,330.519,525.894
333,69,183.179,163.766,140.371,290.2,268.049,269.294,434.056,395.727,761.589,483.086,1316.1
334,69,695.136,301.151,137.136,217.526,375.817,485.326,260.583,301.898,651.83,1301.92,1708.1
335,69,308.12,463.673,464.171,258.094,202.841,223.25,403.941,470.144,1445.03,2304.18,1100.07
336,69,241.667,249.632,333.506,422.856,250.627,419.123,364.866,399.71,1624.72,1514.96,699.865
337,69,322.306,518.179,1007.49,649.59,545.556,412.9,1051.79,804.646,1920.15,1218.04,1599.58
338,69,229.721,437.54,532.863,1125.21,672.737,1367.62,2428.37,2200.14,2450.27,2692.19,2817.38
339,69,485.326,374.572,841.232,678.71,654.07,1475.64,1189.17,1755.39,6102.91,3377.87,1672.26
340,69,319.071,452.224,1095.84,2546.59,2626.98,2076.45,5595.19,4856,5724.11,1690.93,1362.15
341,69,545.058,1425.37,1607.8,3310.17,3094.89,6425.47,7652.72,12290.9,2474.67,2810.91,3415.2
342,69,970.154,1294.2,1724.03,3357.96,2611.55,3655.38,3079.21,7538.73,8940.2,6738.57,3231.03
343,69,1363.89,1545.83,1069.71,2350.97,2391.04,4301.98,11674.7,15666.1,15178.3,5820.43,1377.58
344,69,1555.28,1557.52,1173.74,1349.95,1904.47,5797.28,10590.8,15754.7,12672,2371.63,3370.15
345,69,1570.47,917.64,1453.99,1312.62,1317.6,1495.05,2713.35,12408.2,6860.52,5532.72,6216.4
346,69,1132.18,981.603,663.777,846.458,961.692,2913.95,4815.93,7694.78,11158,7971.04,4425.43
347,69,709.323,748.895,553.521,438.287,477.113,3531.93,4056.83,9438.97,8789.88,4671.82,2405.97
348,69,387.514,414.394,1015.7,515.939,422.358,885.284,1239.2,4255.44,7226.13,4750.72,4033.43
349,69,232.957,288.458,505.735,346.199,356.155,532.365,1259.36,3752.44,7949.14,5934.92,3810.18
350,69,183.179,312.6,234.699,179.197,181.188,682.194,919.382,3040.63,4722.84,3441.33,2121.5
351,69,124.443,181.437,436.296,220.761,168.744,318.075,376.812,1133.17,2844.26,2373.87,1716.31
352,69,90.5942,161.526,235.694,211.303,221.508,273.276,361.879,1000.52,3008.77,2089.14,1452.24
353,69,87.3587,159.535,126.683,82.8788,121.207,247.641,286.467,869.854,1663.3,1201.62,1144.13
354,69,66.7012,76.6566,127.678,132.656,99.3052,267.054,252.37,433.309,893.498,1019.43,929.337
355,69,53.7592,92.3364,85.1187,136.887,175.962,183.428,156.3,320.315,710.816,681.696,585.378
330,70,243.907,97.563,123.696,150.327,235.943,106.025,131.162,231.463,308.618,193.384,539.334
331,70,190.646,223.499,149.58,221.757,175.962,177.455,235.445,262.076,456.953,562.978,721.518
333,70,364.617,345.204,157.793,136.887,161.526,201.846,456.953,508.97,886.529,677.714,1448.01
334,70,360.386,183.677,157.793,211.303,189.402,366.11,269.543,371.088,1039.84,1465.68,2571.98
335,70,216.779,367.106,638.888,401.95,365.363,196.868,355.657,514.943,1608.3,2739.23,2104.08
336,70,229.721,314.84,408.172,677.714,404.687,318.075,434.056,606.782,1952.75,1950.02,1274.04
337,70,198.361,359.888,929.586,607.28,858.156,981.105,1025.66,1255.63,3497.33,1939.81,2893.29
338,70,299.409,470.891,1053.28,1368.62,1125.21,900.466,1792.72,3134.46,3603.86,4082.21,4305.71
339,70,503.744,713.305,520.419,874.582,762.833,2147.88,1453.74,2684.48,5860.25,6068.07,2408.21
340,70,290.698,600.062,593.093,1101.32,2337.28,2713.84,4204.42,5681.3,8718.94,2931.62,1649.86
341,70,544.063,723.758,1852.95,2175.75,2934.36,3340.29,5922.97,14082.9,5756.71,3104.59,5126.29
342,70,827.792,733.216,1538.11,2551.82,3022.46,4089.93,2738.23,6852.31,9168.68,10329.5,6663.65
343,70,875.578,889.516,941.035,1157.32,1847.72,2132.7,5636.25,15523.2,15460.5,11530.4,3363.93
344,70,1051.79,669.252,906.689,1176.98,923.364,1026.9,4424.93,15615.1,15586.4,5272.63,2873.88
345,70,1006.24,646.106,429.078,1300.18,1141.64,759.846,1458.72,11540.1,13262.1,6501.13,6948.13
346,70,738.691,591.6,483.086,431.069,764.824,1555.28,3090.16,8165.92,14553.8,9588.3,6692.27
347,70,471.14,333.506,699.118,461.184,281.489,1379.82,2254.9,7642.77,10592.3,7155.2,4731.31
348,70,258.094,306.378,661.537,718.034,474.126,435.549,760.842,3493.35,9575.86,7653.72,6648.22
349,70,186.415,326.288,283.48,251.872,361.381,186.664,637.644,3296.48,9129.11,8064.13,6159.16
350,70,154.807,227.73,397.718,188.655,113.989,269.294,531.37,2260.13,5283.33,4771.13,3755.93
351,70,101.545,219.268,387.514,316.084,221.508,290.698,369.843,1350.45,3688.23,3767.87,3242.23
352,70,83.1276,205.579,155.802,172.975,223.499,162.024,217.277,1192.41,3400.77,3382.1,2410.2
353,70,79.6432,123.945,233.703,94.3275,93.083,169.242,230.468,656.808,1857.18,1730,1725.52
354,70,63.4657,90.3453,169.242,117.225,96.3186,267.054,315.586,503.744,1094.6,1299.93,1430.84
355,70,64.4613,97.563,87.3587,95.323,130.416,202.841,193.384,519.174,908.68,869.107,759.349
356,70,53.7592,67.199,122.7,70.4345,80.8877,71.43,86.1143,239.676,420.367,372.581,480.846
330,71,138.38,112.247,184.922,127.429,174.966,87.6076,146.096,395.727,490.304,424.847,574.178
331,71,332.013,418.625,255.605,124.443,120.212,176.46,303.64,354.91,880.307,626.444,1150.35
332,71,263.569,246.645,142.362,133.651,151.073,326.288,213.295,308.866,769.553,1204.85,1049.05
333,71,344.955,345.204,179.695,164.762,137.633,210.059,415.887,664.026,999.025,1298.93,1555.53
334,71,266.805,146.842,172.477,386.519,217.277,300.902,215.286,459.94,1925.13,1788.24,3058.05
335,71,173.224,194.13,485.077,383.283,461.682,288.458,403.941,857.658,2182.23,2702.39,2943.32
336,71,148.336,274.769,567.209,980.11,571.44,412.9,895.24,1480.87,2826.09,2612.3,2077.44
337,71,150.327,170.984,423.851,584.382,674.977,1727.76,1337.51,1873.61,5587.97,3179.26,4132.74
338,71,287.462,315.835,647.101,885.782,1344.48,1030.14,1444.78,3156.86,5227.58,5109.86,5660.64
339,71,455.958,590.604,881.8,1228.75,926.351,2747.69,3172.54,5041.67,4518.76,8039.74,3908.49
340,71,382.039,779.259,1021.92,1595.6,976.128,3875.64,2732.26,4798.01,11672,4937.88,1897.5
341,71,672.239,561.236,813.357,1568.72,1763.85,1738.96,3055.07,9631.61,10304.1,3261.39,6132.53
342,71,608.275,686.923,418.625,758.353,1793.72,2200.89,2593.88,5610.87,6395.35,10564.9,10403.4
343,71,909.426,458.446,334.502,538.836,701.856,1501.28,1603.32,8453.63,15415.9,14743.5,7033
344,71,900.715,264.316,250.378,943.772,956.466,936.306,977.372,10404.9,15459.5,9198.3,3900.28
345,71,641.875,267.552,201.597,685.927,1186.19,1665.54,719.776,5043.66,15362.2,9873.03,7384.17
346,71,540.827,217.277,432.065,305.631,372.581,1618.5,1053.78,5526.25,15431.1,11868.1,8407.59
347,71,260.334,176.211,500.757,842.227,433.807,822.068,938.297,3999.34,10440,9494.22,7472.03
348,71,189.65,262.325,282.485,653.821,746.407,509.966,451.975,2682.48,9728.17,10426.8,9328.71
349,71,152.567,206.824,393.736,200.104,256.849,250.876,207.321,2524.44,7923.76,9687.61,8147.5
350,71,101.545,175.215,410.163,386.519,183.179,434.305,423.851,1557.52,5144.21,5714.9,5358.75
351,71,79.6432,231.961,245.152,299.409,324.048,669.999,367.852,1676.74,4307.46,4872.42,5089.45
352,71,76.4077,196.121,307.373,107.767,169.74,254.858,117.225,1284.99,3108.33,4153.89,3730.29
353,71,61.2257,104.034,313.595,137.882,75.6611,203.837,221.508,520.17,1687.69,2080.93,2227.02
354,71,55.7503,115.483,132.905,83.8743,99.3052,302.893,356.901,742.424,1324.07,1481.12,1746.92
355,71,63.4657,81.8832,128.923,50.7726,70.4345,200.85,210.308,750.638,1135.17,1030.63,880.058
356,71,49.2793,59.9813,119.465,90.0964,58.9858,54.0081,87.1098,340.724,589.858,467.655,559.743
357,71,42.8082,68.1945,62.4702,90.0964,74.6655,133.651,180.193,251.872,584.88,625.448,595.582
329,72,128.674,174.22,264.814,138.878,111.749,82.6299,112.994,238.681,757.358,453.469,677.465
330,72,138.38,254.858,202.593,123.447,126.185,106.025,158.291,387.514,561.485,892.502,872.84
331,72,239.676,335.746,339.728,106.772,94.3275,139.625,268.547,370.092,1109.78,945.764,1556.53
332,72,230.965,303.142,165.26,180.193,170.735,257.845,206.326,319.071,992.056,1450.5,2072.47
333,72,250.378,228.725,168.246,192.637,196.619,189.65,403.941,731.225,1042.83,2046.08,2184.96
334,72,177.704,194.13,229.472,611.262,358.146,293.684,241.419,519.174,2950.78,2513.99,3259.65
335,72,148.336,122.7,234.699,374.074,391.247,320.066,404.936,1116.75,3356.96,2683.98,3267.86
336,72,170.984,159.535,498.517,1020.68,959.452,388.51,1122.97,2290.74,3387.58,4070.02,3121.52
337,72,187.411,281.24,435.3,915.897,558.996,1567.48,1690.43,2672.28,5927.2,5058.84,4740.52
338,72,310.36,564.223,394.732,445.504,676.968,1362.65,1192.16,2533.65,7111.4,4922.7,6551.15
339,72,518.926,398.714,545.307,739.687,1101.32,1412.42,4031.94,8076.32,4096.4,7104.92,6131.53
340,72,352.67,361.879,1007.49,1694.91,1632.44,3087.17,3318.88,6601.43,8759.51,8391.66,3040.63
341,72,366.857,390.252,579.654,1184.2,1335.27,2125.48,1263.34,4132.99,10165,4357.48,5704.7
342,72,509.219,501.504,311.604,433.06,466.909,825.054,1889.04,5623.06,2949.79,7795.08,10556.7
343,72,537.592,243.41,206.824,549.041,422.358,696.63,1470.91,5177.31,8043.47,13972.7,8875.24
344,72,512.455,253.863,128.923,390.75,778.513,1429.85,1005.5,3611.82,8267.96,10557.7,6438.41
345,72,473.38,212.05,174.468,361.63,601.307,4007.3,1537.11,2391.79,14333.5,14112.8,9404.37
346,72,300.404,145.847,286.716,519.174,250.627,3390.06,1168.02,1953.25,11878,13884.6,9756.55
347,72,210.308,164.762,219.268,735.705,762.833,1130.93,762.833,1906.21,7547.94,10748.1,9586.56
348,72,157.047,165.758,263.818,397.967,701.856,1072.94,532.365,2619.27,8357.31,11328.5,11228.2
349,72,115.732,138.629,411.407,315.089,189.402,462.926,311.604,2148.13,5441.87,9457.39,9210.99
350,72,118.967,160.531,260.832,448.74,388.261,1169.76,837.996,1811.39,4646.69,6377.18,6355.53
351,72,85.1187,158.54,282.485,185.419,338.484,1675.74,788.966,2546.84,4417.21,5359.74,6392.37
352,72,73.1722,121.705,377.061,191.642,110.754,525.148,239.428,1588.14,2553.81,4138.46,4425.43
353,72,60.2302,121.705,226.485,198.859,149.082,269.294,280.494,715.047,1750.66,2136.18,2509.51
354,72,56.9947,104.034,131.909,70.4345,109.758,367.106,410.909,1204.6,1887.79,1665.29,1965.94
355,72,64.4613,73.4211,184.922,100.55,56.9947,216.032,223.499,1095.34,1520.19,1200.62,1054.03
356,72,43.8038,69.439,89.3498,89.1009,104.532,101.794,93.083,443.513,796.93,619.226,659.048
357,72,67.6968,68.1945,68.6923,80.8877,99.3052,108.016,148.087,306.875,710.816,715.545,754.122
358,72,43.8038,43.0571,81.1366,51.7681,50.7726,169.242,176.211,483.335,634.657,521.912,450.233
326,73,89.5987,54.7547,71.6789,80.8877,60.9769,106.025,85.1187,96.8163,498.517,361.381,591.6
327,73,88.3542,59.9813,95.5719,65.2079,77.6522,80.3899,87.1098,135.642,374.572,636.648,522.908
328,73,134.149,120.709,137.136,136.887,106.523,72.4256,131.162,284.476,508.721,762.584,546.552
329,73,131.909,142.86,354.164,149.331,98.3096,70.1856,116.229,210.059,713.803,562.978,1112.52
330,73,163.518,314.84,277.258,107.767,81.8832,147.838,147.091,302.893,597.075,1218.04,1317.1
331,73,209.064,296.92,244.156,111.998,103.536,150.824,202.344,320.315,1103.81,1157.56,1726.52
332,73,209.064,231.961,148.584,180.193,186.415,268.049,199.357,301.898,1286.49,1381.81,2931.12
333,73,170.984,143.856,128.923,185.419,217.277,164.015,358.892,747.651,1160.55,2453.51,2858.45
334,73,148.336,130.167,224.494,554.267,519.672,328.28,283.48,659.795,3341.78,3386.08,3254.42
335,73,145.1,143.856,183.926,537.841,346.697,263.072,402.945,1214.81,4321.89,2822.11,3599.38
336,73,139.625,221.508,240.921,408.172,855.916,552.774,835.01,2189.94,3494.1,5359.74,4626.03
337,73,309.115,264.316,361.381,585.378,740.184,824.059,1631.19,3311.91,4822.4,6358.77,4657.64
338,73,339.728,327.284,659.546,832.023,451.229,1638.91,1074.69,2459.23,7939.93,4148.67,5505.09
339,73,285.222,305.382,387.514,995.789,766.068,980.11,2246.94,7708.97,6789.34,4330.85,6634.03
340,73,238.432,335.746,324.048,670.248,1312.62,1481.86,3615.8,10131.6,3380.36,9217.71,4693.48
341,73,352.67,210.806,239.925,308.866,757.606,2017.46,1535.12,3572,6680.82,4948.33,3576.98
342,73,276.511,213.046,234.699,207.321,315.835,742.424,1104.8,5139.73,4696.46,4457.78,6859.03
343,73,384.279,213.046,234.699,240.423,444.011,1646.13,1241.19,6474.75,3593.65,8365.03,6730.1
344,73,398.465,220.263,150.576,189.65,339.479,3708.39,2582.93,2711.11,6056.12,8665.19,8219.18
345,73,250.378,260.085,172.477,366.857,286.716,6209.19,3977.68,1070.95,8934.23,15195.9,12324.3
346,73,266.805,199.357,176.708,561.485,544.561,3280.06,1893.02,1078.17,5166.61,12658.3,11125.9
347,73,153.811,189.899,170.486,380.297,717.287,1641.9,1243.18,2288.75,6190.27,10163.7,10584.3
348,73,129.669,149.082,219.268,306.627,386.021,2365.16,1063.74,3115.05,6835.13,10125.9,11341.7
349,73,136.389,131.162,192.139,411.407,276.511,683.19,634.657,2076.7,3849.51,7581.04,9150.51
350,73,91.8386,129.171,191.144,279.747,424.349,1886.8,1800.68,3018.98,4842.81,6302.52,6847.83
351,73,73.1722,130.167,272.28,244.654,216.281,2064.25,1472.9,4164.6,4777.85,5223.6,6485.45
352,73,55.7503,123.945,257.596,342.964,180.193,791.455,531.37,2357.19,2664.56,3452.78,4380.38
353,73,52.5148,107.021,153.811,193.882,234.948,451.727,443.016,1296.44,2461.47,2244.7,2554.56
354,73,47.0393,74.6655,194.379,133.651,102.541,426.34,475.122,1850.21,2766.11,2108.56,2242.21
355,73,60.2302,56.7458,135.145,146.096,84.8698,349.684,333.755,1459.46,1972.91,1604.06,1222.03
356,73,55.7503,66.2035,67.4479,80.8877,104.532,159.038,150.327,625.2,1015.45,761.589,753.126
357,73,58.9858,46.2926,75.91,75.6611,79.6432,104.034,171.233,405.932,880.307,819.828,844.218
358,73,46.0438,54.7547,65.4568,92.3364,66.2035,200.85,256.601,565.965,928.093,580.4,467.655
326,74,89.5987,53.5103,56.248,58.9858,88.1053,88.6031,109.012,104.034,444.758,444.26,726.496
327,74,102.541,79.8921,107.021,150.327,96.3186,88.6031,111.003,146.842,398.963,573.183,742.922
328,74,74.4167,155.304,259.587,185.419,102.541,124.443,129.171,280.494,379.799,843.472,636.648
329,74,126.434,225.49,294.929,154.309,101.545,80.3899,110.007,191.642,669.003,654.07,1226.01
330,74,179.695,294.929,343.71,143.109,114.985,189.65,163.269,258.094,617.235,1241.69,1458.47
331,74,215.783,254.858,180.691,145.1,86.8609,149.829,228.477,273.276,1131.18,1385.05,1504.51
332,74,167.749,166.753,125.687,176.211,203.837,366.11,237.436,332.511,1798.2,1297.94,2987.37
333,74,147.091,117.474,99.8029,261.081,209.064,215.037,317.577,754.62,1885.55,2549.83,3187.97
334,74,129.669,109.261,137.136,296.422,516.437,511.957,356.901,956.715,3728.8,4059.81,3053.82
335,74,191.642,165.758,191.144,516.934,480.348,278.254,522.161,1399.23,5308.72,2881.59,3665.83
336,74,190.646,198.361,299.16,390.75,326.04,858.654,843.223,2356.2,4119.8,4985.17,5606.39
337,74,228.725,212.05,209.81,320.066,455.46,706.834,1166.03,3435.36,5185.02,5837.85,3795
338,74,279.747,251.872,268.049,552.276,791.953,1040.34,1600.08,3972.7,7143.75,4448.57,2758.15
339,74,280.991,156.3,272.28,882.796,974.136,930.084,1205.1,5592.45,10840.2,2142.4,4295.26
340,74,210.308,152.069,217.028,380.297,442.02,930.084,2515.73,10354.9,4337.07,5027.98,4566.54
341,74,163.518,101.794,118.469,129.42,152.069,922.866,1193.16,4656.14,4338.07,5097.67,2053.05
342,74,185.171,144.851,235.694,111.998,173.971,2489.6,1599.09,3991.12,9010.39,4338.07,4376.15
343,74,193.882,169.989,270.04,165.758,226.734,4703.93,2936.84,4921.45,8715.71,2858.94,3421.42
344,74,212.299,280.245,174.468,179.197,172.975,3584.94,4452.06,1729.75,5804.5,6245.28,7848.84
345,74,207.072,284.227,326.04,338.733,367.603,3823.62,3928.65,1597.34,3189.46,11317.3,12470.6
346,74,162.522,245.401,278.502,298.413,561.983,1703.12,1675.49,1764.6,3580.46,7188.05,10311.1
347,74,170.984,249.632,180.691,219.766,332.262,3265.62,2928.88,4216.61,6462.3,8585.29,10214
348,74,145.1,175.215,146.593,406.181,281.489,3282.05,1822.83,3850.5,5459.05,7757,9786.16
349,74,112.496,155.304,147.589,335.746,394.483,733.216,847.205,2259.13,3838.31,5562.33,8356.32
350,74,90.5942,156.3,168.246,221.757,265.063,1152.34,2136.68,4267.63,6113.12,6128.55,7023.79
351,74,80.8877,129.171,161.029,395.727,220.512,1343.23,1835.78,5369.2,5789.07,4946.09,5873.44
352,74,60.2302,116.478,151.571,326.288,339.479,1085.14,1026.65,3260.89,3701.42,3225.55,3963.74
353,74,60.2302,71.43,191.144,158.54,230.965,469.149,588.364,1975.65,3545.87,2770.84,2828.83
354,74,53.7592,84.1232,164.264,178.202,124.194,419.123,579.405,2187.7,3642.43,2957.25,2685.47
355,74,55.7503,74.6655,75.91,132.656,143.856,561.983,554.267,1766.59,2658.34,2046.08,1571.96
356,74,47.0393,61.9724,85.1187,60.2302,103.536,209.064,224.494,899.471,1400.23,1063.49,997.781
357,74,54.7547,32.604,81.1366,60.2302,57.9902,110.007,195.375,514.943,1193.16,1049.3,989.567
358,74,45.0482,44.0527,40.5683,60.2302,76.6566,195.624,267.552,582.391,1152.59,878.316,600.809
359,74,33.1017,57.7414,77.9011,45.546,71.43,145.847,212.299,548.792,790.957,590.604,473.877
360,74,41.8127,48.2837,64.4613,45.546,62.2213,69.1901,83.1276,243.659,486.322,605.04,551.529
324,75,58.9858,67.199,62.4702,82.8788,80.8877,76.4077,102.043,162.024,257.845,313.098,616.986
326,75,66.7012,88.1053,99.8029,100.55,91.092,98.8074,96.0697,118.22,390.75,499.512,681.448
327,75,81.8832,111.252,188.157,207.321,167.749,88.6031,114.238,139.625,372.581,552.774,903.702
328,75,77.6522,177.455,286.716,255.854,118.967,149.829,165.26,277.258,360.386,837.25,845.214
329,75,117.723,257.098,283.48,126.434,104.532,125.438,115.234,176.46,759.349,802.406,1252.64
330,75,139.625,277.009,274.271,121.207,140.869,203.837,189.402,243.659,735.207,1369.61,1628.21
331,75,180.94,186.913,170.486,124.443,115.98,169.242,244.405,317.08,1379.82,1811.88,1332.53
332,75,143.856,119.714,93.5808,138.878,211.303,446.749,367.852,503.744,2537.63,1638.91,2792.99
333,75,118.967,94.5764,101.794,269.294,261.827,313.098,406.927,783.242,3476.93,2700.4,3416.2
334,75,117.723,113.492,135.145,266.307,314.591,663.777,558.249,1323.82,4604.13,4783.32,2969.95
335,75,170.984,148.087,136.14,226.983,374.821,429.327,505.237,1570.71,7899.37,3585.69,3259.65
336,75,222.254,165.758,154.807,333.755,349.933,541.574,1205.1,3414.95,5249.98,4692.23,5292.29
337,75,191.642,124.94,165.26,472.384,286.716,554.765,707.829,3222.07,7851.58,5388.36,3242.23
338,75,179.695,161.526,156.798,284.973,447.247,369.097,1159.06,5379.4,7360.03,5433.41,1410.18
339,75,140.62,124.94,105.03,263.072,644.861,487.566,965.426,5026.48,10765,4116.06,1248.66
340,75,139.625,108.265,162.024,177.206,250.627,1217.8,1438.81,7637.54,6778.14,1997.05,2707.87
341,75,146.096,78.8966,129.918,178.202,118.967,842.476,1022.67,3276.08,2310.15,6138.75,4619.81
342,75,116.727,146.842,130.914,193.882,104.532,6439.65,4407.76,2980.4,6075.54,8588.28,6527.51
343,75,153.811,197.366,188.157,143.109,162.522,7229.12,4002.82,3273.09,5675.33,5620.82,2149.12
344,75,196.121,199.357,300.155,153.313,169.74,1514.47,2135.68,1627.71,3774.34,4930.91,5648.45
345,75,135.145,317.826,310.609,169.989,303.391,923.862,1418.65,1284,3724.57,4047.37,7701.5
346,75,162.522,283.231,201.597,156.549,272.28,1198.38,2165.8,2615.29,4528.96,4351.51,6620.59
347,75,131.909,206.824,206.824,261.081,174.966,3083.19,3941.59,5767.91,5310.96,7694.53,8493.45
348,75,125.438,176.211,174.468,304.635,384.03,2494.58,1887.05,3981.91,4337.07,5689.27,7301.29
349,75,123.198,148.087,149.58,187.659,328.031,1044.32,701.607,2375.36,4732.05,4809.95,7052.41
350,75,96.0697,163.766,122.7,281.738,200.85,401.701,1136.91,3804.46,7778.41,6268.67,6849.82
351,75,66.7012,126.931,121.456,330.519,390.252,919.88,1699.39,4843.8,7447.39,5115.09,5510.07
352,75,50.5237,105.03,156.798,203.09,364.368,1013.71,1159.06,3393.55,5033.7,3757.67,3899.28
353,75,49.2793,101.794,137.136,201.099,171.731,306.875,492.046,1860.42,4378.64,3701.42,3477.67
354,75,60.2302,75.6611,127.678,208.317,175.962,672.985,798.921,2140.91,4141.95,3787.53,3355.72
355,75,52.5148,56.7458,113.243,83.8743,156.3,677.216,669.75,1842.99,3010.76,2586.66,1963.95
356,75,42.8082,37.8305,80.141,50.7726,67.199,149.829,250.378,944.519,1822.59,1453.49,1344.73
357,75,39.5727,55.7503,62.4702,63.2168,66.2035,145.847,162.273,560.987,1373.85,1407.45,1302.91
358,75,36.3372,56.7458,51.0215,51.7681,79.6432,213.046,243.41,543.565,1224.51,1205.85,913.906
359,75,45.0482,48.2837,68.6923,58.9858,52.7637,155.055,183.428,520.17,866.12,844.467,742.922
360,75,46.0438,47.2882,46.7904,38.3283,41.3149,62.2213,75.91,239.676,509.717,622.213,698.87
324,76,77.6522,75.6611,77.9011,86.1143,78.6477,90.5942,107.021,132.407,289.205,278.502,692.896
325,76,66.7012,41.0661,94.5764,103.536,101.545,125.438,110.007,133.651,187.659,549.538,589.36
326,76,56.9947,78.8966,166.255,173.971,131.411,122.203,94.0786,118.22,364.368,479.104,720.523
327,76,49.2793,143.856,232.708,202.095,176.957,118.22,128.176,131.411,374.572,548.543,1044.82
328,76,62.4702,201.597,297.169,219.766,152.069,202.841,205.33,340.724,342.217,925.355,1095.09
329,76,102.541,216.281,247.143,151.322,102.541,208.068,128.176,173.224,935.062,1062.49,1634.43
330,76,146.096,225.49,173.473,102.541,95.323,170.237,182.184,226.237,926.102,1622.48,2208.61
331,76,126.434,135.394,127.678,103.536,103.536,173.224,254.61,319.071,1686.69,2643.91,1774.55
332,76,97.0652,108.265,75.91,119.216,139.873,386.519,484.082,757.855,2958,2957.25,2942.32
333,76,141.865,88.1053,78.8966,167.997,259.836,321.311,438.038,805.641,5192.99,3730.04,4060.06
334,76,131.909,90.3453,106.025,218.521,270.289,416.136,780.006,1707.35,4730.06,6438.66,3987.39
335,76,101.545,99.8029,140.371,219.766,167.749,343.71,330.768,1277.03,9766.75,5551.13,3343.52
336,76,110.256,101.794,109.012,153.313,303.391,242.663,777.019,3647.41,6723.38,5162.13,5884.89
337,76,131.909,126.931,92.5853,274.52,415.14,215.037,389.754,2666.06,8938.21,7243.3,4062.05
338,76,134.149,135.394,155.802,236.192,224.743,320.066,419.869,4355.24,8509.63,5985.19,2459.23
339,76,146.096,133.402,109.012,125.438,170.735,947.506,1165.03,4265.64,7084.02,7097.96,1551.55
340,76,157.047,97.563,102.79,115.98,148.087,2569.24,1559.02,5379.4,5076.26,2565.26,2238.22
341,76,134.149,80.8877,114.238,278.751,190.397,1659.32,2198.9,1811.39,940.288,4364.7,7816.98
342,76,83.1276,109.261,172.477,258.094,227.73,7239.32,7174.36,3224.06,1536.37,7799.07,9156.73
343,76,79.6432,119.714,227.481,138.878,137.633,6971.02,4370.67,2897.77,3008.77,6066.08,3426.4
344,76,105.776,199.357,178.7,203.09,134.647,1140.14,575.422,802.655,5165.61,3414.7,2693.68
345,76,126.434,249.632,265.809,246.645,154.309,255.854,407.923,619.973,3731.78,3388.32,2435.84
346,76,128.674,193.135,250.378,182.433,151.073,676.221,1551.05,2579.45,2547.84,5956.57,5152.92
347,76,123.198,167.997,232.708,187.659,266.058,1473.65,2494.58,4177.79,3354.97,6432.44,7073.07
348,76,102.541,172.229,184.922,155.553,309.613,2653.86,2128.71,3677.03,3704.41,4149.91,5444.61
349,76,102.541,151.073,144.353,160.531,182.184,2247.93,970.403,2345,5087.46,4712.89,6210.18
350,76,79.6432,139.625,143.358,227.979,249.383,765.82,602.551,2114.28,8088.27,6677.09,6623.58
351,76,73.1722,118.718,136.14,163.766,335.497,859.649,1333.53,3517.99,8042.47,6001.62,5369.95
352,76,61.2257,96.5674,117.474,170.984,191.393,733.216,724.754,2245.94,5492.65,4763.91,4379.38
353,76,69.9367,81.8832,119.465,201.099,167.749,373.328,454.962,1215.8,4534.94,4522.49,4299.49
354,76,46.0438,60.9769,111.252,128.425,221.508,842.476,918.386,1977.64,4176.54,4321.64,3906.5
355,76,51.5192,40.0705,116.478,80.8877,129.42,553.769,577.414,1553.29,3233.27,3066.76,2462.47
356,76,24.3907,56.7458,62.4702,76.6566,53.7592,127.429,160.282,755.615,2031.9,1979.63,1793.96
357,76,48.2837,43.0571,42.5594,47.7859,62.2213,200.85,176.211,472.135,1289.47,1706.36,1708.1
358,76,34.0973,55.7503,47.7859,46.5415,46.5415,212.05,253.614,495.53,1144.37,1331.78,1257.87
359,76,31.8573,53.5103,56.248,69.439,56.9947,147.838,192.388,543.565,843.721,921.124,963.932
360,76,50.5237,42.0616,56.248,58.9858,53.7592,65.2079,69.9367,298.662,503.495,566.96,707.083
324,77,71.1812,59.9813,92.5853,91.092,75.6611,81.6343,116.229,137.633,267.054,278.502,669.252
325,77,67.6968,75.6611,105.03,125.438,120.212,138.629,128.176,143.856,205.081,492.295,636.648
326,77,65.7057,90.3453,236.939,222.752,179.197,138.629,114.238,133.651,303.64,478.108,728.736
327,77,50.5237,132.158,300.155,204.086,141.865,234.45,112.994,122.203,421.363,522.908,1223.02
328,77,66.7012,182.682,261.827,167.997,126.185,184.424,246.396,340.724,346.199,1059.5,1293.71
329,77,77.6522,185.668,219.268,139.873,88.1053,236.441,149.331,228.477,989.07,1353.19,1882.07
330,77,87.3587,163.766,152.815,65.2079,92.0875,121.207,157.295,226.237,1061,1784.26,3133.71
331,77,96.0697,118.718,102.79,80.8877,109.758,140.62,207.321,283.48,1927.37,3405.5,3159.35
332,77,76.4077,71.43,80.141,135.642,157.295,230.468,457.949,754.62,2636.19,4387.35,3909.49
333,77,98.3096,70.4345,93.5808,139.873,192.637,218.272,280.494,668.008,6016.55,5245.01,5403.79
334,77,73.1722,60.9769,87.3587,101.545,203.837,183.428,535.352,1680.97,4343.05,7399.85,5807.98
335,77,81.8832,62.9679,116.478,139.873,171.731,236.441,239.428,1057.76,8861.06,8307.79,4181.77
336,77,87.3587,88.1053,92.5853,113.989,128.425,382.288,275.516,2251.17,7709.47,5274.87,6737.32
337,77,83.1276,115.483,99.8029,127.429,221.508,416.136,393.985,2107.31,7117.37,8888.19,5486.67
338,77,78.6477,124.94,170.486,128.425,184.175,910.671,533.361,3326.1,8014.1,5638.24,3427.4
339,77,137.385,109.261,174.468,140.869,105.527,1205.6,2068.48,3199.67,4568.54,5318.68,3320.13
340,77,173.224,88.1053,140.371,147.091,112.745,3686.98,2897.77,4645.94,3011.76,2421.9,1608.79
341,77,140.62,115.483,117.474,128.425,245.401,3005.54,2671.04,1822.59,785.979,1111.52,4741.51
342,77,95.0741,129.171,91.3409,152.318,214.29,5105.63,7020.05,4175.8,1257.12,2288.75,5938.9
343,77,128.674,114.487,108.016,216.53,134.647,3984.9,4363.7,4279.83,3879.12,3940.85,3212.61
344,77,109.012,123.945,171.482,240.423,195.624,601.555,579.405,1300.42,3985.65,5706.69,1929.11
345,77,101.545,164.762,278.502,166.753,221.508,343.71,385.772,636.399,1621.74,5486.67,3352.73
346,77,85.1187,140.62,299.16,134.647,155.304,703.598,854.174,1563.5,1416.41,4415.97,6232.83
347,77,101.545,132.158,205.579,135.642,212.299,2120.25,2412.44,3834.08,2807.67,3559.06,5810.97
348,77,101.545,134.398,206.824,140.869,150.078,3776.83,3416.2,4892.83,3771.36,3019.72,4292.27
349,77,93.8297,135.394,209.81,109.758,158.291,2232.5,1485.84,2154.1,4337.07,4710.65,5579.76
350,77,75.4122,146.842,148.584,126.434,221.508,788.219,769.802,1676.74,7031.01,7316.97,6472.26
351,77,68.9412,135.394,125.687,122.203,173.971,1005.5,1022.67,2762.13,6590.48,7174.61,5710.67
352,77,76.4077,109.261,126.683,165.758,132.407,572.187,396.972,1140.39,4583.72,5660.64,4912.5
353,77,54.7547,53.5103,121.456,132.656,193.633,428.331,577.414,984.092,4207.15,5100.65,4934.89
354,77,60.2302,51.5192,113.243,97.3141,135.642,627.191,724.754,1727.76,3653.63,4730.31,4499.1
355,77,25.3863,50.5237,63.4657,107.767,83.8743,288.458,301.649,1042.33,2816.88,3503.81,3021.22
356,77,41.8127,41.0661,63.4657,66.4523,67.199,116.229,149.331,526.143,1898.74,2308.16,2321.1
357,77,38.3283,51.5192,62.4702,44.5504,36.3372,178.451,176.211,399.71,1091.61,1720.79,1973.16
358,77,52.5148,51.5192,43.5549,67.4479,58.9858,164.015,223.499,498.766,1022.42,1376.83,1494.06
359,77,56.9947,34.8439,57.2436,55.0036,79.6432,137.633,222.503,626.195,966.67,975.381,1103.31
360,77,45.0482,51.5192,56.248,41.5638,53.7592,74.4167,107.021,377.31,588.862,582.391,705.092
324,78,71.1812,58.7369,95.5719,150.327,95.323,86.612,137.136,174.22,212.05,280.494,555.761
325,78,58.9858,74.6655,151.571,195.873,139.873,152.815,121.207,163.02,215.286,409.416,645.857
326,78,45.0482,87.1098,233.703,216.53,177.953,147.838,183.428,176.46,256.849,449.238,684.683
327,78,53.7592,116.478,286.716,189.65,121.207,324.297,138.131,130.416,399.958,483.086,1371.36
328,78,67.6968,155.304,230.717,118.22,99.3052,147.838,225.49,271.285,395.976,1016.45,1655.83
329,78,90.5942,148.087,164.264,103.536,81.8832,201.846,175.215,239.676,963.683,1743.19,2098.1
330,78,84.1232,128.176,150.576,79.8921,68.4434,117.225,117.225,182.433,1178.97,1908.95,3589.17
331,78,89.5987,95.5719,71.6789,66.4523,99.3052,95.8208,143.109,232.459,2144.64,3693.21,4459.03
332,78,69.9367,47.2882,56.248,90.0964,154.309,132.407,259.587,519.174,2395.52,4865.21,5138.73
333,78,78.6477,72.4256,94.5764,130.665,139.873,139.625,159.286,456.953,5504.84,6309.74,6195
334,78,60.2302,55.7503,93.5808,111.003,129.42,303.889,200.353,975.132,4741.26,6361.75,7203.98
335,78,54.7547,53.5103,110.256,97.3141,115.98,448.74,434.056,1368.87,6444.13,9798.36,4757.94
336,78,45.0482,64.2124,130.914,134.647,123.198,758.851,396.972,1807.4,7626.09,5097.67,5524.5
337,78,62.4702,115.483,150.576,147.091,110.754,537.343,994.545,1870.62,5856.27,7646.5,5998.38
338,78,86.3631,118.718,138.131,104.781,122.203,1751.16,1357.42,3972.7,6656.43,5753.73,2365.16
339,78,112.496,104.034,135.145,115.98,127.429,1953,2402.49,3173.04,4101.38,2667.55,2190.19
342,78,93.8297,99.8029,107.021,167.997,129.42,3320.87,4116.06,3762.65,1702.87,2322.6,2264.85
343,78,95.0741,71.43,97.563,141.865,188.406,1820.59,2192.93,3289.52,2213.58,6431.44,4304.47
344,78,80.8877,90.3453,120.46,143.109,203.837,474.126,674.728,1280.02,2243.2,6611.63,4990.4
345,78,73.1722,116.478,225.49,175.215,167.749,450.731,826.05,1848.22,3188.47,3287.77,5025.99
346,78,53.7592,109.261,192.139,178.202,122.203,1125.96,1598.09,3421.92,2763.12,1800.44,4679.04
347,78,71.1812,121.705,219.268,138.878,133.651,2410.95,3460.25,6199.48,4064.79,1891.53,3552.34
348,78,87.3587,111.252,220.263,129.42,125.189,2581.44,3138.44,5084.47,3534.67,2456.75,3051.83
349,78,77.6522,120.709,160.033,102.541,133.651,1511.48,1178.97,1951.26,3512.52,4529.46,4902.29
350,78,53.7592,141.616,154.807,94.3275,121.207,1118.74,1056.77,2703.89,5835.86,7379.44,6501.88
351,78,66.7012,122.7,143.358,104.781,104.532,1115.75,925.355,2540.62,4715.88,7233.1,6100.67
352,78,66.7012,96.5674,131.909,111.003,136.638,455.709,314.591,798.672,3735.77,5656.66,5314.69
353,78,79.6432,84.1232,110.256,98.5585,127.429,295.676,473.131,1062.74,3773.35,5100.65,5222.61
354,78,55.7503,69.439,89.3498,111.003,88.1053,317.08,422.856,1185.19,2933.61,4577.74,4906.27
355,78,55.7503,57.7414,77.9011,96.3186,108.763,186.664,178.202,716.043,2374.12,3636.96,3705.9
356,78,38.3283,47.2882,66.4523,62.2213,81.8832,144.851,166.255,546.552,1485.6,2288.75,2592.39
357,78,43.8038,46.2926,51.0215,51.7681,50.7726,115.234,140.122,392.741,926.102,1444.28,1892.27
358,78,41.8127,49.5281,45.7949,50.7726,63.2168,140.62,212.299,475.122,1085.39,1270.31,1496.3
359,78,37.3328,49.5281,55.0036,46.5415,68.4434,169.242,182.184,594.587,983.843,1066.47,1213.81
360,78,40.5683,56.7458,46.7904,43.5549,49.777,88.6031,114.238,308.866,532.116,655.066,696.878
324,79,40.5683,54.7547,113.243,176.211,163.518,78.3988,134.149,207.072,169.491,301.898,447.247
325,79,47.0393,67.199,153.811,225.988,176.957,185.668,124.194,136.638,195.873,391.994,643.617
326,79,63.4657,86.1143,218.272,186.415,149.082,148.833,194.379,160.033,264.814,439.033,698.87
327,79,71.1812,100.798,210.806,152.318,121.207,238.681,181.188,152.815,307.622,605.04,1408.19
328,79,57.9902,91.3409,193.135,105.776,78.6477,155.055,148.087,176.46,415.14,960.199,2102.08
329,79,78.6477,114.487,140.371,72.6745,77.6522,128.425,164.264,196.868,838.743,2009.25,2472.67
330,79,77.6522,98.8074,119.465,67.4479,69.439,120.212,68.9412,151.82,1225.51,2147.63,3917.7
331,79,54.7547,78.8966,69.6878,77.6522,91.092,77.4033,104.034,202.841,1863.4,4086.45,5065.06
332,79,76.4077,59.9813,63.4657,83.8743,112.745,109.012,114.238,277.258,2691.94,4555.1,5910.28
333,79,61.2257,73.4211,85.1187,111.998,130.416,177.455,164.264,454.962,4447.83,6935.18,6226.61
334,79,51.5192,66.2035,91.3409,137.882,112.745,493.539,240.423,590.604,5239.78,5122.31,6992.18
335,79,42.8082,64.2124,101.794,75.6611,101.545,459.94,813.108,1544.08,5228.58,9440.96,6299.28
336,79,61.2257,69.439,101.794,117.225,143.856,1033.12,779.011,2565.26,6205.45,6409.04,3674.04
337,79,51.5192,101.794,202.593,206.326,151.073,830.032,1376.58,2122.49,5644.96,5919.73,5934.92
338,79,66.7012,68.1945,203.588,168.993,104.532,1703.12,2737.24,5193.74,5121.06,6812.24,3085.68
340,79,187.411,82.8788,91.3409,122.203,123.198,4074.5,3668.82,4501.09,2236.98,2052.31,2545.35
341,79,155.802,143.856,91.3409,122.203,140.869,2737.49,2729.27,2890.55,712.807,1022.67,2776.56
342,79,84.1232,126.931,98.8074,103.536,158.291,1912.18,2376.36,2691.69,1648.12,2229.51,4244.24
343,79,91.8386,52.5148,77.9011,114.985,112.745,1263.59,1490.82,2427.63,1631.69,3970.71,6829.41
344,79,89.5987,120.709,90.3453,188.655,125.189,732.22,963.434,2822.36,3846.52,3478.17,5345.31
345,79,68.9412,86.1143,167.251,267.303,142.86,578.16,700.612,2943.56,4922.95,3877.38,3733.53
346,79,54.7547,88.1053,184.922,191.642,156.3,896.484,1422.63,3427.15,4632.5,2715.59,2869.65
347,79,63.4657,95.5719,160.033,139.873,126.185,1294.2,2272.07,4631.75,4658.88,1783.01,1842.25
348,79,60.2302,98.8074,142.362,140.869,124.194,2061.27,2037.37,3465.97,2870.64,1990.83,1896.5
349,79,76.4077,98.8074,134.149,94.3275,108.763,2090.88,1513.97,2982.39,4285.3,3897.04,4019.99
350,79,55.7503,121.705,156.798,92.3364,86.8609,1145.37,1408.69,3641.19,5441.87,6502.12,6150.95
351,79,63.4657,114.487,138.131,80.8877,111.749,884.289,840.983,2333.55,3866.93,5961.55,6050.65
352,79,71.1812,102.79,135.145,103.536,106.523,481.344,296.671,1017.94,3419.93,5172.33,5342.32
353,79,72.1767,68.1945,122.7,111.003,96.3186,190.646,338.733,1011.72,2986.37,4684.02,5025.99
354,79,62.4702,61.9724,74.9144,82.8788,116.976,276.263,326.786,962.688,2498.06,4137.47,4789.79
355,79,56.9947,55.7503,67.4479,52.7637,94.3275,275.267,260.583,908.68,2175.01,3412.71,3960.76
356,79,55.7503,52.5148,75.91,41.5638,69.439,115.234,167.251,660.79,1300.67,1923.38,2533.9
357,79,31.8573,47.2882,53.0125,48.7815,55.9992,103.038,139.127,342.715,876.325,1247.66,1639.41
358,79,42.8082,41.0661,54.0081,39.3239,52.7637,143.856,213.295,436.545,1077.42,1305.15,1454.24
359,79,34.0973,44.0527,48.7815,37.3328,52.7637,182.433,178.202,472.135,821.321,1105.55,1236.21
360,79,37.3328,46.2926,54.0081,56.9947,63.2168,119.216,105.03,232.459,412.154,619.226,729.731
324,80,52.5148,54.7547,125.687,187.659,173.971,99.8029,132.158,189.65,132.905,244.654,419.62
325,80,37.3328,85.1187,135.145,228.974,188.406,200.85,158.291,146.842,145.1,376.563,599.564
326,80,51.5192,64.2124,176.708,205.081,127.429,174.22,136.14,134.647,257.845,355.159,808.379
327,80,54.7547,86.1143,166.255,138.878,106.523,142.611,181.188,170.237,208.068,687.919,1380.57
328,80,56.9947,71.43,140.371,120.212,72.4256,149.829,91.092,114.238,376.563,952.981,2242.21
329,80,62.4702,84.1232,106.025,67.4479,52.7637,108.016,125.189,166.255,659.048,1960.22,3005.79
330,80,80.8877,86.1143,102.79,67.4479,63.2168,134.647,74.9144,114.238,1309.88,2156.84,4357.73
331,80,71.1812,82.8788,82.1321,69.439,88.1053,91.8386,98.0607,203.837,1361.65,4372.91,5631.03
332,80,74.4167,66.2035,81.1366,100.55,88.1053,186.664,119.216,224.246,2551.82,4462.01,6034.22
333,80,77.6522,79.8921,91.3409,101.545,120.212,244.654,288.707,511.957,3528.69,6979.24,6804.77
334,80,74.4167,99.8029,88.3542,121.207,123.198,660.79,444.011,893.498,4259.92,5389.36,6046.42
335,80,51.5192,56.7458,94.5764,128.425,115.98,548.543,753.873,1308.64,5295.53,7394.63,8235.61
336,80,49.2793,66.2035,94.5764,140.869,173.971,892.253,1493.81,3220.08,4719.86,7204.23,4078.48
337,80,46.0438,62.9679,130.914,128.425,185.419,1715.32,1412.67,2621.26,4902.54,4989.15,5704.7
338,80,81.8832,70.4345,119.465,143.109,175.962,1546.07,2808.42,5020.26,4755.45,5073.03,5740.54
339,80,143.856,82.8788,80.141,140.869,132.407,2620.01,4087.94,5584.49,1604.31,2698.16,2418.42
340,80,211.303,106.025,84.1232,97.3141,109.758,4059.32,3580.71,4605.12,1396.25,1373.6,1838.02
341,80,137.385,161.526,101.794,78.8966,122.203,2080.68,1667.28,2141.91,469.149,957.959,1708.1
342,80,105.776,137.385,115.234,77.6522,94.3275,901.462,1553.04,2328.57,694.39,1964.2,2987.37
343,80,68.9412,79.8921,92.5853,121.207,110.754,970.901,1426.61,3841.29,2410.7,1833.29,3550.35
344,80,56.9947,71.43,137.136,224.743,158.291,1146.37,805.89,3439.34,4428.41,4879.64,4231.79
345,80,63.4657,84.1232,144.353,219.766,236.939,871.845,443.016,1590.13,3250.44,6220.64,5714.9
346,80,56.9947,95.5719,110.256,160.531,173.971,792.45,734.709,1399.23,2973.18,3264.38,3557.56
347,80,60.2302,76.6566,122.7,173.971,122.203,1524.67,1761.61,2671.28,3059.55,1965.45,1250.65
348,80,65.7057,78.8966,126.683,154.309,127.429,2372.37,2391.29,3987.14,3511.52,1743.19,1265.83
349,80,60.2302,72.4256,111.252,95.323,118.967,1381.81,1571.21,3925.91,5270.14,3972.7,3231.03
350,80,65.7057,126.931,119.465,79.8921,90.0964,727.242,1113.76,3040.63,4908.76,5625.8,5275.87
351,80,56.9947,121.705,138.131,103.536,74.6655,1085.14,901.213,2209.1,3856.72,5265.66,5609.37
352,80,69.9367,94.5764,157.793,99.5541,85.8654,498.766,353.666,1392.26,3066.76,4964.51,5312.7
353,80,65.7057,72.4256,129.918,75.6611,102.541,184.424,312.6,938.297,2296.96,4063.8,4703.68
354,80,63.4657,53.5103,77.9011,62.2213,96.3186,358.892,402.945,1022.92,2410.7,3754.68,4631.01
355,80,48.2837,64.2124,59.2347,62.2213,63.2168,223.25,284.476,1036.36,2121.25,3129.23,3817.4
356,80,38.3283,55.7503,48.7815,74.6655,53.7592,103.038,140.122,595.582,1135.17,1734.98,2179.99
357,80,24.3907,68.1945,44.7993,58.9858,52.7637,123.447,158.291,313.098,882.298,1265.08,1514.72
358,80,31.8573,50.5237,51.0215,24.8885,36.3372,132.407,209.312,473.131,976.874,1400.23,1486.09
359,80,41.8127,53.5103,44.7993,43.5549,63.2168,183.428,212.299,511.957,667.012,1048.06,1194.4
360,80,30.8618,40.0705,60.2302,36.3372,55.0036,125.438,114.238,300.902,427.336,524.152,663.03
324,81,39.5727,46.2926,118.469,185.419,181.188,126.434,125.189,160.033,130.914,187.162,445.256
325,81,42.8082,65.2079,123.696,184.424,199.855,152.815,213.295,135.642,97.3141,362.377,548.543
326,81,54.7547,60.9769,126.683,180.193,139.873,231.463,111.003,90.5942,222.254,341.968,856.663
327,81,61.2257,67.199,136.14,112.994,101.545,114.238,160.282,186.664,204.086,662.283,1574.95
328,81,60.2302,75.6611,110.256,97.3141,91.092,203.837,118.22,109.012,336.99,978.616,2151.11
329,81,66.7012,82.8788,74.9144,86.1143,62.2213,152.815,110.007,139.625,484.331,1843.49,3099.86
330,81,92.8342,62.9679,88.3542,42.5594,67.199,133.651,128.176,157.047,1242.93,1998.05,4558.33
331,81,66.7012,101.794,101.794,36.3372,83.8743,157.047,125.189,211.055,1440.8,3828.35,6301.27
332,81,83.1276,61.9724,61.2257,93.3319,102.541,264.067,224.494,360.883,2092.88,4584.71,5623.81
333,81,58.9858,58.7369,92.5853,80.8877,102.541,378.305,334.751,504.739,3649.65,5533.71,7497.67
334,81,47.0393,81.8832,94.5764,80.8877,124.194,521.166,872.094,1544.08,3182.49,5738.54,5522.51
335,81,64.4613,50.5237,82.1321,136.887,136.638,876.076,629.431,1369.86,4649.67,5916.5,7731.12
336,81,79.6432,53.5103,88.3542,217.526,135.642,707.829,1996.31,3239.49,4298.5,5703.7,5213.4
337,81,72.1767,82.8788,99.8029,203.09,152.069,1995.81,2217.82,3821.88,3418.94,4260.42,4036.42
338,81,86.3631,79.8921,86.3631,134.647,147.091,1979.63,1836.77,3456.77,4683.27,2799.71,4079.48
339,81,109.012,65.2079,62.4702,84.8698,127.429,1667.53,3110.32,4683.77,2153.85,1035.86,1657.82
341,81,151.571,169.989,146.593,88.1053,84.8698,1880.58,1595.1,3306.69,461.931,1162.79,1540.35
342,81,112.496,124.94,148.584,91.092,83.8743,1110.53,1060.75,2295.97,986.83,1897.75,1815.62
343,81,69.9367,76.6566,96.5674,96.3186,109.758,1147.36,1124.96,3229.28,2648.39,2595.87,2267.84
344,81,79.6432,109.261,113.243,138.878,202.841,1525.67,864.129,2691.69,3117.54,5383.39,6963.56
345,81,60.2302,97.563,118.469,154.309,191.393,1364.64,847.205,1943.05,2041.11,4034.18,7242.81
346,81,60.2302,72.4256,117.474,170.984,139.873,1303.41,1443.78,2356.2,1815.62,2156.84,2772.58
347,81,74.4167,69.439,129.918,146.096,157.295,1672.51,2274.06,3729.05,3062.53,1702.37,816.592
348,81,69.9367,65.2079,135.145,91.092,129.42,1331.04,1729.5,3632.23,4144.19,2339.02,1308.89
349,81,45.0482,74.6655,88.3542,78.8966,80.8877,677.216,866.12,2303.18,4427.42,4565.3,3093.89
350,81,61.2257,90.3453,130.914,101.545,80.8877,1141.14,1239.2,2521.46,4304.47,5317.68,4730.31
351,81,48.2837,101.794,164.264,95.323,76.6566,977.123,977.372,2477.4,3711.38,5497.87,5879.66
352,81,34.0973,101.794,159.038,90.0964,81.8832,288.458,324.795,1342.24,2451.27,4502.83,5448.84
353,81,52.5148,91.3409,146.593,84.8698,82.8788,215.037,331.764,902.706,1988.09,3507.04,4622.79
354,81,63.4657,59.9813,101.794,54.0081,69.439,199.855,320.564,992.305,2237.98,3576.48,4706.67
355,81,56.9947,54.7547,72.6745,69.439,60.9769,130.416,201.348,840.485,1753.64,2832.31,3638.2
356,81,48.2837,66.2035,67.4479,46.5415,68.4434,151.82,144.105,474.126,971.648,1571.21,2040.61
357,81,48.2837,59.9813,47.7859,47.7859,74.6655,95.8208,125.189,294.68,781.748,1320.34,1639.41
358,81,37.3328,49.5281,50.0259,43.5549,47.5371,119.216,222.503,462.926,811.366,1279.52,1521.93
359,81,49.2793,47.2882,46.7904,38.3283,53.7592,158.042,214.29,539.583,683.19,915.151,1041.83
360,81,37.3328,49.5281,50.0259,35.3417,50.7726,77.4033,100.052,328.28,528.881,526.143,552.525
325,82,52.5148,36.835,122.7,147.091,154.309,132.407,175.215,152.815,123.696,267.054,586.373
326,82,49.2793,50.5237,106.025,131.66,124.194,220.263,160.282,110.007,158.291,397.221,821.819
327,82,45.0482,61.9724,96.5674,118.22,83.8743,176.46,134.149,137.633,205.081,529.13,1763.35
328,82,66.7012,58.7369,73.67,98.5585,80.8877,182.433,182.184,181.437,276.014,1028.64,2087.9
329,82,58.9858,81.8832,65.4568,94.3275,63.2168,229.472,116.229,151.82,511.708,1676.74,2966.96
330,82,80.8877,58.7369,61.2257,60.2302,47.5371,118.22,203.339,252.867,827.543,2211.1,3912.47
331,82,52.5148,57.7414,72.6745,56.9947,57.9902,144.851,142.113,196.868,1760.86,2727.03,6476.24
332,82,56.9947,49.5281,58.2391,56.9947,70.4345,218.272,387.763,514.943,1616.51,4617.57,5228.83
333,82,47.0393,57.7414,65.4568,82.8788,74.6655,419.123,274.52,496.775,3451.54,4496.86,6356.53
334,82,38.3283,47.2882,108.016,79.8921,108.763,295.676,998.527,1712.58,3453.53,4559.33,5709.67
335,82,58.9858,51.5192,84.1232,96.3186,157.295,814.85,859.152,1992.08,3373.39,5326.89,5590.96
336,82,74.4167,56.7458,78.8966,112.994,184.175,694.39,1350.45,2534.65,4449.82,3801.72,4468.24
337,82,74.4167,81.8832,120.46,131.66,144.851,1089.12,2377.35,4310.44,2907.23,3192.7,2552.32
338,82,63.4657,64.2124,131.909,93.3319,101.545,1436.07,1812.88,3891.07,3113.3,2667.55,1456.23
339,82,86.3631,94.5764,83.1276,66.4523,89.1009,1237.21,1859.92,3423.91,2899.01,805.641,468.651
340,82,119.963,163.766,87.3587,65.2079,85.8654,1824.58,2663.07,4708.16,2163.81,520.917,683.688
341,82,113.492,186.913,163.02,62.2213,91.092,1766.34,2063.51,4437.87,1132.18,419.62,2577.95
342,82,98.3096,138.629,143.358,75.6611,100.55,1327.8,1350.45,3231.28,904.698,725.749,2740.72
343,82,85.1187,102.79,91.3409,106.772,89.1009,1306.4,1096.84,3178.26,2429.87,1934.58,3002.8
344,82,98.3096,94.5764,108.016,165.758,122.203,1375.84,1023.66,2783.53,5006.32,2810.91,5435.4
345,82,100.55,76.6566,111.252,120.212,128.425,1314.61,1267.32,2467.2,5211.41,1670.52,3502.06
346,82,67.6968,59.9813,107.021,108.763,140.869,1314.61,1611.28,2909.97,3790.77,1076.93,1059.26
347,82,68.9412,66.2035,85.1187,108.763,125.189,1078.92,1346.47,2668.3,3203.65,1529.15,748.149
348,82,67.6968,79.8921,92.5853,89.1009,94.3275,809.623,851.187,1916.42,2869.65,3110.82,1690.68
349,82,67.6968,81.8832,90.3453,87.1098,82.8788,876.076,1200.12,2390.79,3449.55,4377.14,3339.54
350,82,53.7592,78.8966,115.234,91.092,80.8877,935.31,1348.46,2963.97,4224.33,4937.88,5277.86
351,82,67.6968,84.1232,137.136,122.203,73.4211,409.914,646.604,1997.05,3408.98,4904.28,6591.97
352,82,47.0393,78.8966,151.571,127.429,72.4256,165.26,248.387,949.497,2200.39,3389.32,5209.42
353,82,54.7547,79.8921,151.571,94.3275,78.6477,147.838,232.459,771.046,1951.76,2775.07,4530.71
354,82,45.0482,50.5237,109.012,66.4523,82.8788,111.003,195.375,755.615,2084.66,3004.29,4529.71
355,82,51.5192,61.9724,75.91,60.2302,69.439,181.437,227.481,681.199,1526.16,2235.49,3229.04
356,82,48.2837,66.2035,52.017,38.3283,57.9902,145.847,131.162,435.549,823.561,1293.95,1966.94
357,82,30.8618,68.1945,54.0081,47.7859,57.9902,73.4211,110.007,267.054,685.43,1069.71,1651.85
358,82,39.5727,28.3729,54.0081,54.0081,56.9947,163.02,223.499,449.735,821.321,992.803,1350.95
359,82,42.8082,23.1463,52.017,38.3283,31.1106,138.629,158.291,434.553,731.971,815.846,951.737
360,82,33.1017,50.5237,58.2391,41.5638,40.3194,53.0125,59.9813,191.642,481.344,616.24,593.591
325,83,56.9947,55.7503,103.785,109.758,121.207,125.438,96.0697,123.447,155.304,188.406,615.991
326,83,52.5148,62.9679,82.1321,97.3141,75.6611,176.46,209.312,159.038,111.501,444.26,668.257
327,83,62.4702,65.2079,81.1366,73.67,80.8877,226.237,122.203,113.243,189.899,392.99,1693.66
328,83,60.2302,60.9769,68.6923,63.2168,70.4345,141.616,251.374,236.441,226.237,887.524,2145.14
329,83,58.9858,79.8921,58.2391,66.4523,67.199,218.272,168.246,215.037,666.017,1293.95,2896.28
330,83,76.4077,69.439,68.6923,68.4434,57.9902,128.425,215.286,352.919,639.635,2278.54,3337.3
331,83,40.5683,57.7414,55.0036,62.2213,57.9902,150.824,171.233,261.081,1623.73,2463.96,5388.36
332,83,57.9902,50.5237,58.2391,62.2213,62.2213,178.451,375.817,539.583,1929.36,3682.01,5652.43
333,83,58.9858,48.2837,61.2257,74.6655,85.8654,379.301,337.737,680.203,2289.74,4777.35,4677.05
334,83,57.9902,54.7547,73.67,70.4345,60.9769,248.885,640.63,1262.59,3726.81,3275.58,5082.48
335,83,55.7503,40.0705,74.9144,92.3364,96.3186,505.735,940.288,2079.68,2861.43,4451.81,4750.72
336,83,77.6522,38.8261,74.9144,104.781,121.207,680.203,856.165,2024.68,3772.35,3520.23,2839.03
337,83,76.4077,65.2079,102.79,104.781,101.545,740.433,1349.46,3017.98,3855.73,2003.28,1874.85
338,83,88.3542,89.3498,113.243,73.67,78.6477,931.079,1537.11,3852.49,2898.02,2398.26,1342.74
339,83,109.012,102.79,150.576,77.6522,86.8609,974.883,1667.28,3985.15,2451.27,1173,692.896
340,83,123.198,142.86,135.145,103.536,81.8832,1334.02,2108.56,4722.6,2968.2,590.604,465.664
341,83,124.443,167.997,175.464,82.8788,71.43,1372.85,1709.59,4246.23,2726.54,516.934,774.779
342,83,109.012,151.073,123.696,83.8743,62.2213,986.083,1105.8,3005.79,1983.12,570.196,1082.65
343,83,75.4122,106.025,91.3409,101.545,104.532,1001.51,990.563,2796.72,3263.63,1609.04,1481.86
344,83,95.0741,79.8921,93.5808,105.776,148.087,1343.23,1159.06,2517.22,5140.23,3944.08,2269.83
345,83,104.781,85.1187,94.5764,100.55,135.642,1755.14,1483.85,2128.71,4254.69,3839.55,1726.52
346,83,60.2302,82.8788,87.3587,109.758,83.8743,1443.04,1315.36,2141.91,2621.76,2009.25,932.324
347,83,53.7592,72.4256,90.3453,111.998,77.6522,932.075,952.483,2208.11,2097.85,1849.71,767.562
348,83,68.9412,61.9724,78.8966,89.1009,77.6522,667.012,955.47,2423.39,2873.63,2522.2,1853.45
349,83,71.1812,95.5719,90.3453,74.6655,80.8877,440.527,984.59,2510.01,4199.94,3491.61,3368.16
350,83,63.4657,82.8788,95.5719,130.665,68.4434,269.294,589.36,1791.97,4346.28,4386.35,5364.97
351,83,53.7592,81.8832,128.923,138.878,99.3052,162.024,254.61,913.906,3379.36,3703.41,5693.5
352,83,37.3328,75.6611,124.691,130.665,123.198,166.255,194.379,612.009,2191.18,2583.68,4197.2
353,83,60.2302,53.5103,124.691,102.541,96.3186,122.203,142.113,515.939,1916.17,2447.54,3997.59
354,83,55.7503,69.439,85.1187,64.2124,75.6611,135.642,234.45,660.79,1964.95,2530.42,3766.13
355,83,41.8127,49.5281,65.4568,55.9992,50.7726,198.859,258.592,637.395,1423.62,1851.71,2572.97
356,83,50.5237,66.2035,55.0036,56.9947,52.7637,67.199,91.092,289.702,771.544,1073.69,1655.83
357,83,48.2837,54.7547,63.4657,50.7726,53.7592,119.216,139.127,268.298,766.566,854.672,1333.53
358,83,34.0973,50.5237,51.0215,55.9992,55.0036,167.251,187.411,431.318,872.094,877.32,1109.28
359,83,34.0973,49.5281,51.0215,39.3239,47.5371,88.6031,99.0563,328.28,605.04,796.432,882.049
360,83,43.8038,52.5148,54.0081,33.1017,49.777,75.4122,87.1098,164.264,362.377,592.596,638.639
325,84,48.2837,40.0705,94.5764,86.1143,64.2124,149.829,102.043,129.42,214.041,151.571,614.995
326,84,64.4613,66.2035,74.9144,70.4345,62.2213,94.8252,157.295,167.251,171.482,363.372,747.153
327,84,45.0482,70.4345,84.1232,52.7637,50.7726,147.838,125.189,109.012,159.286,460.686,1228.99
328,84,61.2257,73.4211,93.5808,41.5638,40.3194,113.243,176.211,225.241,218.272,735.953,2099.1
329,84,61.2257,59.9813,52.017,39.3239,44.5504,118.22,195.375,276.263,603.049,1128.94,2584.17
330,84,69.9367,57.7414,52.017,62.2213,49.777,103.038,168.246,308.866,893.498,1772.81,3253.43
331,84,65.7057,54.7547,47.7859,45.546,43.5549,116.229,197.366,451.727,1031.63,2851.73,3755.93
332,84,52.5148,54.7547,58.2391,56.9947,69.439,113.243,298.662,452.722,2391.29,2426.88,5159.14
333,84,65.7057,47.2882,65.4568,73.67,74.6655,254.858,340.724,743.42,1948.52,4256.18,4158.12
334,84,54.7547,51.5192,56.248,77.6522,77.6522,172.229,446.002,1152.59,2906.23,3508.04,3409.98
335,84,55.7503,53.5103,67.4479,68.4434,88.1053,282.485,733.713,1719.55,3304.2,2835.55,4282.07
336,84,64.4613,48.2837,75.91,106.772,91.092,485.326,753.873,1915.42,3382.35,3442.33,2263.86
337,84,78.6477,88.1053,76.9055,151.322,104.532,465.913,935.31,2436.59,3870.91,1981.62,1079.66
338,84,88.3542,104.034,141.367,120.212,100.55,753.624,1133.92,2885.57,3978.43,1552.79,1060.25
339,84,86.3631,125.936,194.379,122.203,103.536,893.498,1193.16,3209.87,3608.83,1160.8,744.913
340,84,98.3096,115.483,213.046,164.762,104.532,876.076,1485.84,3794.25,3618.04,990.812,730.727
341,84,114.487,151.073,200.601,120.212,92.0875,1064.73,1275.29,3615.8,3638.45,984.59,709.074
342,84,108.016,160.531,151.571,80.8877,102.541,1203.36,956.466,2537.63,2959,917.142,787.97
343,84,79.6432,131.162,122.7,103.536,104.532,1186.19,1117.74,2478.4,3297.23,2741.22,1876.84
344,84,98.3096,78.8966,117.474,113.989,121.207,1107.54,1625.22,2754.91,3848.51,6000.62,3927.91
345,84,114.487,74.6655,109.012,115.98,84.8698,1034.12,1766.59,2732.51,2921.41,5121.31,3452.04
346,84,79.6432,89.3498,115.234,122.203,98.3096,864.876,1324.32,2809.91,2151.61,2362.42,1289.47
347,84,33.1017,71.43,105.03,108.763,84.8698,725.002,835.01,2575.46,2522.45,1516.95,689.661
348,84,66.7012,68.1945,76.9055,63.2168,79.6432,625.2,534.356,1802.18,3301.21,2274.56,1497.29
349,84,68.9412,73.4211,94.5764,69.439,66.2035,340.475,358.892,1088.37,3727.8,3744.48,3026.19
350,84,68.9412,89.3498,124.691,92.3364,81.8832,202.841,254.61,838.245,3477.92,4313.68,4380.38
351,84,65.7057,80.8877,87.3587,106.772,129.42,175.464,185.419,597.573,2589.4,3499.82,3992.37
352,84,37.3328,72.4256,112.247,140.869,127.429,118.22,122.203,351.924,1663.3,2456.75,3297.48
353,84,51.5192,55.7503,112.247,133.651,101.545,55.9992,118.22,332.511,1621.74,2389.05,3425.41
354,84,61.2257,51.5192,85.1187,79.8921,89.1009,109.012,224.494,515.939,1674.5,2469.94,3109.07
355,84,49.2793,42.0616,61.2257,54.0081,55.9992,92.8342,160.282,417.132,1032.62,1727.76,2074.46
356,84,50.5237,59.9813,71.6789,40.3194,60.9769,76.4077,71.9278,175.464,659.048,976.625,1326.31
357,84,51.5192,57.7414,61.2257,41.5638,56.9947,115.234,163.269,282.485,807.135,901.711,1112.52
358,84,39.5727,47.2882,63.4657,43.5549,40.3194,114.238,139.127,315.089,706.585,936.555,1035.61
359,84,42.8082,44.0527,46.7904,43.5549,41.3149,56.9947,73.9189,201.846,442.518,755.366,827.792
360,84,43.8038,38.8261,60.2302,42.5594,47.5371,96.8163,134.149,202.841,412.154,509.717,615.991
326,85,42.8082,53.5103,85.1187,58.9858,57.9902,91.8386,95.0741,140.62,277.009,225.241,885.284
327,85,68.9412,65.2079,81.1366,48.7815,63.2168,72.4256,117.225,158.042,144.105,515.939,918.884
328,85,52.5148,68.1945,63.4657,44.5504,37.3328,82.6299,110.007,140.62,264.814,574.178,1743.94
329,85,83.1276,60.9769,55.0036,36.3372,51.7681,88.6031,168.246,287.462,377.559,1131.18,2167.54
330,85,86.3631,65.2079,63.4657,57.9902,51.7681,90.5942,140.122,201.846,1060,1192.41,3142.92
331,85,64.4613,47.2882,63.4657,45.546,63.2168,103.038,160.282,405.932,821.321,2742.22,3210.62
332,85,61.2257,46.2926,60.2302,65.2079,79.6432,79.3944,220.512,516.934,1884.56,2527.43,3624.02
333,85,58.9858,54.7547,57.2436,80.8877,66.2035,201.846,247.392,536.348,2652.37,2784.28,4409
334,85,54.7547,55.7503,41.5638,83.8743,55.0036,175.464,265.56,881.302,2449.28,3973.7,2403.98
335,85,62.4702,57.7414,69.6878,67.4479,84.8698,146.842,548.294,1595.1,2850.23,2824.1,2573.97
336,85,66.7012,55.7503,63.4657,104.781,111.749,372.083,546.303,1607.55,3740.99,2829.33,2325.33
337,85,80.8877,79.8921,96.5674,154.309,154.309,300.902,560.24,1832.79,4207.15,2701.4,916.893
338,85,86.3631,89.3498,144.353,195.873,158.291,347.693,951.488,2560.03,3607.84,2288.75,682.692
339,85,85.1187,114.487,168.246,160.531,143.856,587.369,1160.05,2914.94,3359.2,1811.88,501.504
340,85,114.487,140.62,185.917,115.98,154.309,576.169,1221.03,3253.68,3901.27,1673.5,603.795
341,85,114.487,125.936,168.246,87.1098,113.989,708.825,1446.77,3516.75,4296.5,1721.79,807.383
342,85,108.016,155.304,159.038,62.2213,74.6655,1020.93,1376.58,2857.95,4118.8,1467.92,1096.09
343,85,75.4122,135.394,160.033,78.8966,79.6432,968.91,1122.97,2176.5,4804.23,2159.83,2771.34
344,85,78.6477,76.6566,135.145,92.3364,116.976,531.37,943.275,1890.03,5602.4,3517.24,5117.08
345,85,103.785,86.1143,132.905,122.203,129.42,543.565,963.434,1944.04,4386.85,2719.82,3837.81
346,85,78.6477,109.261,142.362,108.763,114.985,771.046,1003.5,2219.31,2780.3,1543.59,1358.17
347,85,48.2837,72.4256,112.247,75.6611,107.767,879.062,894.244,2126.72,2320.36,1716.56,760.344
348,85,48.2837,53.5103,65.4568,69.439,65.2079,707.829,637.644,1635.92,2340.52,2974.68,1598.59
349,85,65.7057,64.2124,102.79,71.43,76.6566,358.892,434.056,1343.23,2578.2,4192.72,3077.46
350,85,64.4613,82.8788,117.474,109.758,86.8609,211.055,289.702,943.524,2373.12,4419.95,4025.22
351,85,62.4702,92.3364,121.456,102.541,105.527,156.051,129.171,386.519,1530.15,3355.47,3573.74
352,85,47.0393,75.6611,127.678,138.878,107.767,109.012,71.9278,202.841,1147.36,2295.97,3031.42
353,85,50.5237,60.9769,103.785,100.55,110.754,96.8163,112.994,294.68,1265.08,2267.34,3052.83
354,85,42.8082,48.2837,74.9144,60.2302,84.8698,90.5942,120.212,297.667,994.047,2247.93,2683.48
355,85,41.8127,52.5148,50.0259,40.3194,55.9992,68.1945,96.0697,160.033,617.235,1468.92,1809.4
356,85,33.1017,53.5103,39.5727,32.1062,42.5594,65.2079,122.203,184.424,604.044,999.025,1225.01
357,85,39.5727,55.7503,62.4702,35.3417,56.9947,73.4211,117.225,256.849,578.658,946.759,1169.76
358,85,36.3372,45.2971,63.4657,45.546,56.9947,62.2213,89.1009,206.077,475.122,892.502,1033.62
359,85,35.0928,42.0616,45.7949,41.5638,41.3149,89.5987,111.998,232.459,419.371,584.382,762.335
360,85,51.5192,47.2882,46.7904,43.5549,37.3328,84.621,149.331,258.094,415.14,502.499,585.378
326,86,69.9367,62.9679,68.6923,64.2124,55.0036,133.651,84.1232,141.616,310.609,201.597,777.766
327,86,55.7503,54.7547,81.1366,44.5504,50.7726,90.5942,72.9233,135.642,198.859,431.816,912.911
328,86,87.3587,55.7503,57.2436,38.3283,52.7637,82.6299,78.8966,100.798,236.441,576.169,1258.86
329,86,88.3542,59.9813,71.6789,60.2302,51.7681,92.8342,94.0786,170.237,319.817,952.981,1799.19
330,86,86.3631,58.7369,67.4479,65.2079,65.2079,69.1901,83.1276,161.029,757.358,1187.43,2281.28
331,86,62.4702,47.2882,58.2391,69.439,48.7815,80.3899,96.0697,261.081,1104.8,1809.64,3332.32
332,86,58.9858,55.7503,70.6834,80.8877,63.2168,86.612,176.211,509.966,1145.37,3219.33,2466.45
333,86,69.9367,51.5192,59.2347,52.7637,80.8877,139.625,254.61,619.973,2484.87,2246.94,3835.82
334,86,56.9947,41.0661,57.2436,65.2079,72.4256,203.837,175.215,533.361,3197.68,3124.01,3496.09
335,86,65.7057,55.7503,75.91,67.4479,59.9813,123.447,313.595,1082.15,2688.96,3635.96,1817.61
336,86,80.8877,49.5281,84.1232,72.6745,113.989,231.463,554.267,1533.88,2593.38,3304.2,2022.19
337,86,85.1187,72.4256,77.9011,183.428,185.419,346.697,402.945,1304.41,4179.53,2752.42,1529.9
338,86,124.443,96.5674,107.021,290.2,244.405,246.645,445.007,1446.27,5192.99,2401.49,1167.77
339,86,105.776,157.544,186.913,276.76,199.855,312.102,712.807,2270.33,4823.39,2516.98,1035.61
340,86,164.513,149.082,261.827,217.526,130.416,396.723,805.89,2711.11,4708.66,2840.53,935.31
341,86,225.49,126.931,182.931,115.98,101.545,390.501,912.413,2745.7,4554.35,3283.79,952.732
342,86,114.487,251.872,142.362,102.541,76.6566,415.14,925.355,2291.73,3648.41,3197.93,1003.01
343,86,83.1276,209.81,197.366,104.781,67.199,412.9,694.638,1485.1,3261.64,3432.13,1694.66
344,86,108.016,125.936,194.379,86.1143,102.541,505.735,590.356,1148.36,3624.27,4037.17,2800.21
345,86,103.785,97.563,121.456,148.087,142.86,631.173,846.21,1414.66,3198.67,3348.25,2328.32
346,86,73.1722,123.945,98.8074,153.313,148.087,572.187,989.567,2073.46,2430.86,2021.69,1228.99
347,86,68.9412,98.8074,108.016,89.1009,83.8743,365.115,737.944,2200.14,2484.87,1839.51,1116.5
348,86,52.5148,57.7414,60.2302,79.8921,70.4345,241.667,475.122,1417.65,2971.19,2582.68,2209.6
349,86,48.2837,52.5148,71.6789,118.22,94.3275,196.868,315.586,880.058,2556.8,3598.13,3817.4
350,86,50.5237,69.439,98.8074,104.781,89.1009,160.033,169.242,456.953,1691.67,3522.22,4425.43
351,86,48.2837,75.6611,121.456,108.763,95.323,170.237,112.994,215.037,1168.76,2365.65,3465.23
352,86,38.3283,75.6611,123.696,105.776,117.972,187.659,121.207,207.072,1042.83,1828.06,2668.05
353,86,42.8082,59.9813,76.9055,91.092,121.207,118.22,122.203,253.863,804.148,1927.37,2584.17
354,86,38.3283,60.9769,51.0215,77.6522,79.6432,83.6254,103.038,200.85,542.072,1620.49,2258.63
355,86,42.8082,54.7547,66.4523,61.2257,72.4256,55.9992,73.9189,169.242,484.331,1117.74,1594.36
356,86,51.5192,57.7414,53.0125,52.7637,41.3149,64.2124,94.0786,204.832,469.149,946.759,1289.47
357,86,48.2837,48.2837,44.7993,49.777,40.3194,64.2124,60.9769,148.833,327.782,850.689,1153.33
358,86,42.8082,38.8261,61.2257,41.5638,42.5594,56.9947,94.0786,192.637,393.985,649.839,895.489
359,86,34.0973,53.5103,56.248,50.7726,50.7726,105.03,141.118,297.667,461.931,496.526,680.452
360,86,38.3283,53.5103,57.2436,42.5594,41.3149,69.1901,98.0607,213.046,353.168,511.708,599.564
326,87,50.5237,47.2882,85.1187,60.2302,69.439,144.851,151.322,235.445,259.836,320.315,512.703
327,87,69.9367,61.9724,94.5764,55.0036,49.777,183.428,69.9367,105.03,343.213,299.907,1043.82
328,87,89.5987,64.2124,60.2302,48.7815,39.3239,87.6076,88.1053,134.647,194.877,703.101,939.541
329,87,96.0697,53.5103,56.248,36.3372,36.3372,98.8074,58.9858,88.6031,375.568,726.745,1584.15
330,87,102.541,55.7503,66.4523,37.3328,42.5594,62.2213,63.9635,103.038,515.69,1290.72,1756.13
331,87,81.8832,52.5148,89.3498,52.7637,69.439,58.9858,64.959,136.638,1005.25,1296.94,3031.42
332,87,97.0652,44.0527,62.4702,67.4479,85.8654,72.4256,96.0697,256.849,1108.78,2877.36,2797.97
333,87,68.9412,81.8832,100.798,45.546,72.4256,85.6165,206.326,486.57,1397.24,3304.2,2281.28
334,87,77.6522,57.7414,86.3631,76.6566,98.3096,174.22,185.419,454.962,2558.79,2412.69,3807.2
335,87,81.8832,64.2124,75.91,74.6655,88.1053,130.416,155.304,479.353,3521.48,2845.75,2885.08
336,87,77.6522,56.7458,57.2436,68.4434,70.4345,90.5942,352.67,955.719,2864.67,3858.96,1748.92
337,87,93.8297,68.1945,111.252,103.536,158.291,174.22,450.98,1347.22,2809.66,4049.36,1354.93
338,87,152.567,85.1187,122.7,183.428,268.049,172.229,340.724,1174.99,4517.76,3130.23,1417.4
339,87,162.522,204.584,236.939,249.632,257.845,173.224,508.223,1335.02,5672.34,2528.42,1809.4
340,87,203.837,205.579,399.958,222.752,205.081,254.858,542.321,1419.64,5458.05,3071.99,2176.75
341,87,431.069,208.815,243.161,140.869,116.976,325.293,461.184,1147.36,4688.5,3857.97,2546.34
342,87,240.672,468.9,273.276,141.865,104.532,234.45,390.75,996.536,3599.87,3959.51,2442.81
343,87,129.669,264.316,375.07,151.322,127.429,218.272,534.356,1101.57,2869.65,4211.14,2375.36
344,87,164.513,116.478,239.925,114.985,80.8877,303.889,830.032,1553.29,2801.7,4636.98,2698.66
345,87,134.149,123.945,145.349,150.327,116.976,295.676,744.913,1725.77,2824.85,3636.96,2445.05
346,87,99.3052,109.261,114.238,139.873,154.309,176.46,420.865,1376.83,2633.95,2078.94,1431.84
347,87,58.9858,95.5719,117.474,79.8921,104.532,115.234,202.344,923.115,2733.51,1705.36,1305.9
348,87,47.0393,69.439,80.141,66.4523,71.43,128.425,160.282,530.374,2806.68,2437.33,2426.63
349,87,40.5683,57.7414,66.4523,93.3319,124.194,190.646,210.308,396.723,2140.41,2893.79,3927.91
350,87,46.0438,69.439,84.1232,94.3275,104.532,198.859,170.237,294.68,1311.87,2287.75,3800.97
351,87,35.0928,79.8921,122.7,84.8698,101.545,158.042,152.318,278.502,861.143,1605.06,2548.34
352,87,49.2793,71.43,99.8029,105.776,127.429,163.02,167.251,253.863,645.857,1609.04,2095.86
353,87,34.0973,60.9769,95.5719,89.1009,102.541,90.5942,125.189,233.454,441.522,1439.3,2090.88
354,87,42.8082,51.5192,64.4613,72.6745,78.6477,87.6076,67.9456,186.664,386.768,1057.26,1781.77
355,87,34.0973,45.2971,53.0125,46.5415,55.0036,55.0036,61.9724,135.642,365.363,880.307,1418.4
356,87,39.5727,41.0661,51.0215,36.3372,40.3194,67.199,51.0215,97.8119,261.827,776.771,1251.64
357,87,51.5192,61.9724,48.7815,46.5415,46.5415,74.4167,78.8966,128.425,295.427,527.139,954.723
358,87,53.7592,52.5148,59.2347,37.3328,41.3149,68.1945,109.012,210.059,440.527,452.473,697.874
359,87,39.5727,40.0705,54.0081,41.5638,49.777,79.3944,78.8966,217.277,428.331,527.139,598.569
360,87,46.0438,34.8439,46.7904,47.7859,45.546,70.1856,76.9055,106.025,242.663,457.451,591.6
327,88,65.7057,73.4211,81.1366,39.3239,56.9947,201.846,108.016,136.638,380.794,286.467,989.567
328,88,91.8386,64.2124,59.2347,55.9992,51.7681,155.055,106.025,174.22,282.236,628.435,1096.09
329,88,88.3542,60.9769,45.7949,62.2213,41.3149,103.038,116.229,158.042,253.863,840.236,1226.01
330,88,76.4077,67.199,95.5719,54.0081,50.7726,107.021,69.9367,73.4211,526.89,1049.3,1767.33
331,88,81.8832,55.7503,115.234,57.9902,72.4256,65.2079,68.9412,106.025,668.008,1356.18,2222.79
332,88,79.6432,94.5764,88.3542,81.8832,86.8609,84.621,73.9189,117.225,968.661,1799.44,3386.58
333,88,76.4077,115.483,121.456,75.6611,56.9947,73.4211,112.994,219.268,1212.32,3092.4,2344.75
334,88,88.3542,74.6655,61.2257,75.6611,79.6432,98.8074,162.273,365.115,1332.28,3337.05,2277.05
335,88,90.5942,74.6655,68.6923,101.545,102.541,116.229,106.025,303.889,2376.11,2550.82,3210.62
336,88,112.496,76.6566,70.6834,90.0964,67.199,84.621,110.007,306.875,3563.29,2605.08,3180.75
337,88,115.732,68.1945,109.012,121.207,98.3096,105.03,211.303,692.398,3407.74,4396.56,2447.04
338,88,173.224,105.03,181.686,173.971,165.758,105.03,222.503,942.279,3269.85,5540.93,1755.14
339,88,243.907,268.547,345.95,274.52,252.618,111.003,270.538,909.675,3708.39,4900.05,1764.35
340,88,147.091,314.84,639.884,291.196,241.17,115.234,316.582,942.279,3477.92,4214.37,2539.13
341,88,550.534,289.453,380.048,114.985,102.541,138.629,312.6,699.616,2872.63,3928.65,3175.77
342,88,381.043,792.948,592.098,168.993,144.851,109.012,270.538,636.399,2791.5,3323.61,3206.39
343,88,175.464,433.309,576.418,207.321,165.758,126.434,299.658,866.867,2976.17,2842.52,3202.41
344,88,227.73,114.487,177.704,124.443,100.55,99.8029,383.781,1102.56,2679.75,3112.81,3324.11
345,88,204.832,158.54,150.576,129.42,127.429,118.22,288.707,978.119,2145.64,3155.86,2759.14
346,88,114.487,118.718,148.584,133.651,156.3,115.234,162.273,718.034,1841,2596.87,1647.62
347,88,77.6522,71.43,90.3453,99.5541,101.545,128.425,149.331,564.969,2127.22,2503.78,1425.61
348,88,54.7547,72.4256,86.3631,76.6566,76.6566,111.003,160.282,418.127,2195.42,2742.22,2231.01
349,88,38.3283,74.6655,66.4523,93.3319,97.3141,140.62,191.393,296.671,1513.97,2636.94,2870.64
350,88,52.5148,74.6655,62.4702,133.651,105.527,118.22,141.118,250.876,786.975,1977.64,2399
351,88,49.2793,64.2124,88.3542,117.225,103.536,95.8208,132.158,297.667,539.085,1547.82,1853.45
352,88,41.8127,74.6655,93.5808,104.781,129.42,83.6254,119.216,293.684,499.512,1272.3,1814.62
353,88,50.5237,62.9679,83.1276,69.439,107.767,89.5987,76.9055,193.633,436.545,985.834,1701.88
354,88,37.3328,50.5237,45.7949,44.5504,64.2124,80.3899,89.1009,126.434,285.222,765.571,1504.51
355,88,45.0482,45.2971,51.0215,49.777,55.9992,94.8252,62.9679,126.434,204.086,564.969,1179.96
356,88,39.5727,41.0661,47.7859,24.8885,39.3239,65.2079,70.9323,123.447,203.09,386.768,868.858
357,88,42.8082,53.5103,51.0215,44.5504,38.3283,49.777,81.1366,129.42,282.236,361.381,646.853
358,88,37.3328,42.0616,47.7859,44.5504,55.9992,44.7993,64.959,131.411,334.999,501.504,609.022
359,88,55.7503,49.5281,51.0215,43.5549,46.5415,70.1856,75.91,82.6299,230.468,504.49,580.151
327,89,77.6522,59.9813,54.0081,37.3328,55.0036,123.447,148.087,181.437,226.237,427.834,633.413
328,89,87.3587,54.7547,71.6789,50.7726,49.777,189.65,98.0607,151.82,340.973,390.003,1343.73
329,89,100.55,64.2124,82.1321,67.4479,65.2079,120.212,135.145,238.681,224.246,926.351,1135.91
330,89,78.6477,89.3498,112.247,76.6566,62.2213,105.03,93.083,150.824,334.004,960.199,1609.79
331,89,88.3542,78.8966,100.798,79.8921,65.2079,115.234,67.9456,95.8208,570.694,1167.02,1905.71
332,89,85.1187,94.5764,94.5764,117.225,101.545,89.5987,101.047,125.438,576.667,1504.76,2556.55
333,89,115.732,97.563,120.46,82.8788,41.3149,98.8074,64.959,96.8163,891.507,1888.54,3122.51
334,89,125.438,67.199,93.5808,61.2257,77.6522,103.038,118.22,164.264,1462.2,2787.26,2332.3
335,89,112.496,95.5719,111.252,82.8788,102.541,98.8074,93.083,211.055,1625.72,3603.11,2047.83
336,89,151.571,82.8788,86.3631,69.439,91.092,85.6165,86.1143,195.873,2314.13,3256.16,3029.43
337,89,241.667,112.247,84.1232,117.225,115.98,91.8386,123.198,266.058,2855.46,3222.32,4242.25
338,89,148.336,163.766,140.371,241.419,211.303,160.033,171.233,376.314,2741.72,4515.27,4003.57
339,89,321.062,283.231,411.407,458.944,367.603,157.047,140.122,340.724,2780.3,4805.97,2940.33
340,89,164.513,335.746,671.99,405.185,319.817,125.438,112.994,313.098,2872.63,4313.68,2725.29
341,89,446.251,356.652,513.201,198.859,156.3,114.238,142.113,355.906,2489.85,4107.85,2977.16
342,89,404.936,990.065,1027.15,298.413,186.415,128.425,152.318,427.336,1948.52,4224.58,2894.29
343,89,189.65,480.348,764.326,240.423,191.393,151.82,215.286,569.2,1804.42,3890.82,2659.84
344,89,261.329,157.544,139.127,103.536,123.198,143.856,163.269,634.408,1948.52,3230.53,2844.01
345,89,250.378,233.952,218.272,119.216,120.212,119.216,148.087,634.408,2108.06,2656.35,2704.88
346,89,117.723,157.544,168.246,118.22,137.633,119.216,133.154,598.569,2079.68,2389.05,2295.47
347,89,69.9367,77.6522,93.5808,77.6522,111.749,71.43,133.154,372.332,1823.58,2635.94,2050.81
348,89,51.5192,81.8832,62.4702,75.6611,72.4256,81.6343,110.007,173.224,1211.32,2945.06,2199.4
349,89,46.0438,74.6655,77.9011,103.536,80.8877,114.238,94.0786,132.407,689.412,2566.25,2506.27
350,89,28.6218,54.7547,83.1276,100.55,126.185,148.833,77.9011,171.233,584.88,1682.71,2303.68
351,89,47.0393,56.7458,76.9055,93.3319,121.207,143.856,117.225,295.676,625.448,1010.22,1851.46
352,89,54.7547,70.4345,88.3542,113.989,110.754,91.8386,98.0607,239.676,553.272,752.38,1506.5
353,89,26.3818,48.2837,93.5808,82.8788,80.8877,71.43,73.9189,139.625,380.794,682.692,1342.74
354,89,42.8082,51.5192,59.2347,57.9902,57.9902,57.9902,68.9412,148.833,231.463,504.49,1142.13
355,89,35.0928,48.2837,53.0125,52.7637,45.546,59.9813,72.9233,169.242,189.899,314.093,813.606
356,89,30.8618,49.5281,56.248,38.3283,36.3372,63.2168,66.9501,123.447,199.855,252.867,536.348
357,89,48.2837,41.0661,64.4613,50.7726,30.1151,44.7993,57.9902,85.6165,200.85,418.625,524.899
358,89,30.8618,33.5995,46.7904,47.7859,36.3372,66.2035,57.9902,89.5987,148.087,483.086,584.382
328,90,88.3542,74.6655,89.3498,62.2213,52.7637,119.216,135.145,139.625,230.468,344.955,1059.26
329,90,92.8342,92.3364,129.918,86.1143,68.4434,129.42,103.038,188.655,252.867,558.747,1347.71
330,90,86.3631,91.3409,117.474,72.6745,51.7681,85.6165,153.313,237.685,218.272,1043.08,1159.56
331,90,109.012,111.252,91.3409,69.439,82.8788,148.833,105.03,151.82,377.559,953.977,1778.78
332,90,80.8877,90.3453,95.5719,143.109,135.642,111.998,96.0697,151.82,682.194,1186.44,2178.99
333,90,134.149,87.1098,106.025,111.998,83.8743,75.4122,110.007,144.851,583.885,1968.43,2377.35
334,90,124.443,92.3364,120.46,76.6566,79.6432,119.216,97.0652,122.203,826.548,2228.52,2940.33
335,90,127.678,95.5719,166.255,72.6745,67.199,115.234,93.083,123.447,1357.67,2866.16,3218.58
336,90,148.336,108.265,92.5853,86.1143,75.6611,94.8252,74.9144,132.407,1594.11,3770.11,2787.76
337,90,297.169,133.402,161.029,131.66,93.083,81.6343,116.229,192.637,1745.43,3798.73,3235.01
338,90,220.014,227.73,204.584,233.205,269.045,97.8119,167.251,283.48,1501.77,3922.43,4140.7
339,90,222.254,178.451,277.258,490.055,516.437,138.629,180.193,316.084,1204.36,4305.46,3795
340,90,189.65,163.766,303.391,454.962,426.589,123.447,143.109,240.672,1325.06,4048.37,3577.97
341,90,385.274,532.863,605.538,500.508,253.614,104.034,119.216,181.437,1556.53,3382.1,4178.78
342,90,342.964,925.106,1438.56,571.938,329.275,97.8119,125.189,276.263,1563.75,2853.97,4626.03
343,90,246.147,300.155,811.117,255.854,224.743,119.216,109.012,335.497,1663.3,2516.98,3887.09
344,90,288.458,212.05,139.127,95.323,90.0964,141.616,121.207,366.11,1935.33,2231.5,2910.71
345,90,193.882,289.453,368.848,137.882,125.189,138.629,115.234,345.701,1969.93,2256.14,2428.62
346,90,127.678,190.895,234.699,121.207,117.972,115.234,109.012,231.463,1496.8,2421.9,2424.39
347,90,92.8342,101.794,81.1366,73.67,80.8877,83.6254,97.0652,132.407,876.325,2528.42,2671.04
348,90,61.2257,85.1187,76.9055,86.1143,73.4211,73.4211,108.016,158.042,641.626,2198.65,2826.59
349,90,51.5192,46.2926,72.6745,72.6745,113.989,124.443,177.206,269.294,700.612,1531.39,2717.08
350,90,42.8082,58.7369,61.2257,83.8743,113.989,167.251,189.402,356.901,599.067,1116.75,2131.7
351,90,54.7547,58.7369,65.4568,95.323,104.532,129.42,125.189,236.441,489.308,863.88,1420.39
352,90,57.9902,60.9769,89.3498,101.545,107.767,88.6031,73.9189,134.647,309.613,718.531,977.372
353,90,51.5192,49.5281,83.1276,74.6655,85.8654,85.6165,63.9635,138.629,255.854,601.804,847.454
354,90,41.8127,51.5192,76.9055,39.3239,71.43,67.199,74.9144,228.477,246.645,370.59,676.47
328,91,99.3052,84.1232,139.127,69.439,84.8698,76.4077,115.234,165.26,124.691,332.511,560.738
329,91,91.8386,129.171,142.362,66.4523,65.2079,98.8074,97.0652,161.029,189.899,282.485,1235.22
330,91,102.541,116.478,105.03,50.7726,56.9947,74.4167,140.122,244.654,220.263,629.431,1269.07
331,91,128.674,109.261,76.9055,69.439,88.1053,104.034,170.237,279.498,224.246,1157.56,1214.81
332,91,98.3096,87.1098,91.3409,141.865,173.971,118.22,96.0697,164.264,421.363,1029.64,2117.51
333,91,134.149,110.256,129.918,162.771,143.856,83.6254,119.216,191.642,668.008,1367.62,2689.45
334,91,158.042,122.7,181.686,195.873,156.3,82.6299,142.113,225.241,525.894,2466.95,2539.13
335,91,131.909,202.593,246.147,145.1,141.865,96.8163,131.162,231.463,620.471,2735,3129.73
336,91,400.456,178.451,118.469,139.873,140.869,128.425,112.994,162.024,767.562,2806.68,3876.88
337,91,228.725,202.593,178.7,211.303,161.526,148.833,86.1143,125.438,1029.64,2849.73,3923.92
338,91,361.381,199.357,244.156,273.525,275.267,64.2124,87.1098,166.255,1226.51,2664.56,4331.1
339,91,277.756,159.535,244.156,359.639,393.239,86.612,118.22,255.854,1020.43,3018.73,4664.85
340,91,175.464,208.815,294.929,474.624,366.359,113.243,119.216,276.263,808.13,3477.17,4146.92
341,91,493.041,782.495,1031.38,879.56,585.876,134.647,97.0652,217.277,707.58,3150.64,3453.03
342,91,466.909,854.92,1417.65,832.023,692.398,190.646,76.9055,203.837,890.511,2425.88,3040.63
343,91,405.932,214.041,470.642,228.974,273.276,179.446,72.9233,183.428,1165.78,2216.07,2448.03
344,91,467.904,258.094,163.02,144.105,113.989,161.029,104.034,183.428,1229.74,2570.24,2176.75
345,91,265.809,290.698,362.626,220.761,158.291,140.62,118.22,161.029,890.511,2903.99,2530.91
346,91,201.597,183.677,188.157,104.781,127.429,104.034,109.012,128.425,612.257,2347.24,2740.72
347,91,121.207,115.483,71.6789,64.2124,53.7592,72.4256,82.1321,146.842,637.644,1572.21,2589.15
348,91,56.9947,100.798,66.4523,67.4479,65.2079,58.9858,102.043,250.876,737.198,1164.78,2185.96
349,91,60.2302,68.1945,70.6834,71.43,74.6655,72.4256,153.313,308.866,538.09,1240.69,1854.44
350,91,39.5727,51.5192,53.0125,66.4523,75.6611,57.9902,122.203,210.059,300.404,1141.39,1461.45
351,91,37.3328,67.199,66.4523,92.3364,72.4256,83.6254,63.9635,105.03,219.268,813.854,1136.91
352,91,56.9947,56.7458,69.6878,79.8921,84.8698,106.025,71.9278,194.628,241.667,567.956,883.293
353,91,45.0482,54.7547,61.2257,57.9902,91.092,133.651,110.007,247.89,340.973,425.842,724.505
354,91,46.0438,57.7414,74.9144,43.5549,49.777,120.212,88.1053,222.254,266.058,298.911,546.552
328,92,88.3542,117.474,221.259,77.6522,70.4345,76.4077,77.9011,132.407,129.918,173.971,434.802
329,92,102.541,149.082,153.811,71.43,59.9813,61.2257,121.207,174.22,112.496,313.098,640.63
330,92,99.3052,162.771,125.687,56.9947,58.9858,86.612,82.1321,163.02,200.85,335.746,1302.91
331,92,146.096,117.474,102.79,106.772,111.749,62.2213,153.313,298.662,223.25,730.727,1440.05
332,92,108.016,152.069,234.699,204.086,202.841,77.4033,132.158,285.471,202.095,1394.25,1404.21
333,92,157.047,334.751,227.481,263.072,223.499,104.034,95.0741,215.037,346.199,1162.79,2699.91
334,92,422.358,337.737,280.494,323.302,250.627,89.5987,91.092,178.451,405.185,1412.67,3550.35
335,92,251.623,413.398,383.283,126.434,140.869,62.2213,138.131,240.672,393.985,2252.91,3027.19
336,92,1010.47,428.082,217.028,189.65,218.521,79.3944,136.14,264.067,392.99,2624.49,2860.44
337,92,509.219,658.799,235.694,250.876,273.276,94.8252,111.998,196.868,334.999,2705.38,3103.1
338,92,663.528,257.098,235.694,185.419,226.734,103.038,81.1366,160.033,373.577,2253.9,3525.71
339,92,747.402,385.025,193.135,208.317,234.948,64.2124,103.038,132.407,446.749,1694.16,4250.21
340,92,250.378,683.936,648.097,588.613,425.345,105.03,136.14,164.264,479.104,1651.1,4327.12
341,92,396.225,678.71,1294.2,1199.88,926.351,191.642,162.273,181.437,503.495,1881.32,3349.75
342,92,420.118,520.17,1129.94,972.892,884.04,273.276,166.255,156.051,578.658,2125.98,2579.94
343,92,414.643,176.211,270.04,224.743,257.845,253.863,157.295,142.611,696.63,2236.48,2467.45
344,92,487.566,206.824,159.038,221.757,149.082,209.064,147.091,136.638,758.353,2155.84,2852.22
345,92,336.493,318.822,269.045,273.525,242.165,127.429,108.016,141.616,592.844,1760.61,3028.43
346,92,291.693,182.682,171.482,120.212,125.189,62.2213,91.092,150.824,543.067,1183.2,2366.15
347,92,127.678,129.171,110.256,66.4523,53.7592,75.4122,89.1009,202.841,529.876,1044.07,1673.25
348,92,90.5942,125.936,101.794,86.1143,56.9947,85.6165,87.1098,224.246,346.199,1262.1,1499.28
349,92,63.4657,75.6611,80.141,56.9947,76.6566,64.2124,70.9323,150.824,162.273,1161.8,1685.45
350,92,49.2793,41.0661,62.4702,62.2213,66.2035,63.2168,65.9546,116.229,147.091,662.283,1539.11
351,92,39.5727,78.8966,55.0036,77.6522,76.6566,99.8029,104.034,185.668,299.409,290.698,1120.73
352,92,43.8038,50.5237,77.9011,89.1009,80.8877,121.207,127.18,215.037,481.344,283.48,794.193
353,92,47.0393,44.0527,77.9011,57.9902,48.7815,98.8074,117.225,194.628,403.941,342.964,607.778
329,93,116.727,220.263,251.374,84.8698,67.199,51.0215,84.1232,171.233,150.078,180.193,555.761
330,93,131.909,229.721,210.806,129.42,105.527,59.9813,96.0697,191.642,156.3,337.737,788.966
331,93,189.65,281.24,223.25,237.188,171.731,87.6076,87.1098,160.033,215.286,367.354,1545.33
332,93,158.042,312.6,405.185,245.65,226.734,85.6165,89.1009,231.463,154.309,722.762,1767.33
333,93,350.43,760.344,519.423,388.51,376.812,62.2213,120.212,269.294,154.309,1209.83,1595.6
334,93,784.237,764.575,318.822,408.172,331.266,73.4211,111.998,248.885,211.055,1049.3,2758.15
335,93,605.04,614.746,251.374,124.443,103.536,92.8342,75.91,179.446,242.663,1038.85,3720.09
336,93,971.399,462.677,310.609,129.42,210.059,81.6343,101.047,154.06,394.981,1102.31,3663.84
337,93,842.974,971.15,659.546,189.65,240.174,73.4211,112.994,200.85,434.553,1341.99,3353.73
338,93,765.82,584.382,558.747,219.766,185.419,105.03,124.194,261.081,350.181,1662.3,2783.78
339,93,1569.47,1426.36,816.343,372.083,244.405,114.238,99.0563,291.693,283.231,1504.76,2338.52
340,93,1112.77,2363.91,2137.43,896.235,727.74,144.851,133.154,294.68,239.428,1224.27,2639.43
341,93,355.906,891.507,1341.99,1349.95,1235.96,129.42,188.406,290.698,260.832,1207.84,2883.09
342,93,381.043,206.824,419.62,673.483,807.383,136.638,226.485,253.863,326.786,1343.98,2902.5
343,93,257.098,308.369,260.832,160.531,203.837,108.016,181.188,208.068,370.59,1447.27,2786.77
344,93,259.089,117.474,127.678,268.298,221.508,97.8119,124.194,185.668,372.581,1329.54,2451.02
345,93,223.25,246.645,201.597,211.303,297.169,105.03,85.1187,184.424,326.786,1037.85,1927.12
346,93,276.511,159.535,169.242,87.1098,125.189,89.5987,97.0652,178.451,294.431,931.577,1588.39
347,93,139.625,157.544,124.691,72.6745,64.2124,68.1945,94.0786,220.263,283.231,980.607,1648.62
348,93,108.016,131.162,142.362,69.439,79.6432,70.1856,80.141,210.059,207.072,735.953,1781.77
349,93,67.6968,66.2035,100.798,50.7726,59.9813,48.7815,72.9233,177.455,179.695,366.359,1550.55
350,93,51.5192,59.9813,68.6923,62.2213,65.2079,74.4167,71.9278,168.246,249.632,200.601,981.354
351,93,56.9947,49.5281,71.6789,71.43,58.9858,69.1901,98.0607,118.22,364.368,254.858,579.156
327,94,78.6477,143.856,347.941,208.317,143.856,56.9947,67.9456,157.047,241.667,237.436,293.684
329,94,107.021,276.014,424.847,143.109,97.3141,71.43,57.9902,111.003,278.254,140.122,443.016
330,94,163.518,344.208,414.394,203.09,179.197,46.7904,93.083,185.668,202.095,173.971,717.287
331,94,282.982,532.863,551.529,335.746,219.517,63.2168,95.0741,188.655,184.673,284.476,913.906
332,94,373.328,530.872,520.419,242.414,223.499,70.1856,86.1143,163.02,230.468,276.263,1643.64
333,94,458.198,865.374,944.021,299.409,434.802,71.43,68.9412,156.051,206.077,461.682,1848.22
334,94,782.246,1145.37,774.779,310.858,340.475,80.3899,133.154,291.693,175.464,685.679,1547.32
335,94,846.21,941.781,446.749,189.65,118.967,86.612,115.234,288.458,178.7,780.006,1886.05
336,94,635.404,610.515,359.39,177.206,111.749,88.6031,117.225,203.837,281.24,905.942,2181.98
337,94,735.456,837.996,797.677,205.081,180.193,86.612,104.034,182.433,424.349,711.314,2484.87
338,94,362.377,848.449,974.136,289.205,210.059,105.03,150.327,212.05,461.931,538.339,2683.48
339,94,1419.39,1562.75,1558.02,799.917,430.571,133.651,180.193,210.059,388.759,552.774,2303.68
340,94,2549.08,4082.71,4081.72,1171.75,952.235,183.428,168.246,200.85,282.236,651.084,1981.37
341,94,1271.55,3014.25,2343,1056.77,1217.3,218.272,164.264,193.633,199.855,789.215,2007.01
342,94,1134.42,909.426,433.06,448.74,580.649,180.442,145.1,215.037,165.509,944.768,2059.03
343,94,710.318,1183.2,765.571,128.425,149.082,136.638,117.225,204.832,149.082,999.025,1842.25
344,94,470.144,391.247,290.947,264.316,267.054,96.8163,121.207,179.446,140.122,1049.3,1526.91
345,94,170.984,252.867,136.14,166.753,223.499,76.4077,111.003,159.038,147.091,980.607,1369.37
346,94,217.775,133.402,189.153,66.4523,83.8743,69.1901,76.9055,167.251,166.504,795.437,1346.72
347,94,153.811,224.494,123.696,70.4345,81.8832,59.9813,60.9769,156.051,205.081,599.813,1248.66
348,94,116.727,176.211,166.255,73.67,71.43,67.199,65.9546,143.856,239.428,393.985,947.755
349,94,73.1722,64.2124,113.243,51.7681,57.9902,68.1945,70.9323,100.798,218.272,277.258,577.165
327,95,90.5942,181.437,332.511,246.645,155.304,56.9947,54.0081,98.8074,313.595,187.162,260.832
328,95,126.434,213.046,335.497,218.521,123.198,58.9858,83.1276,120.212,256.849,231.214,343.71
330,95,226.485,324.297,539.085,228.974,231.961,54.0081,78.8966,119.216,302.395,114.487,501.504
331,95,337.488,586.373,825.801,402.945,298.164,39.8216,80.141,132.407,246.645,152.567,679.456
333,95,428.829,565.467,841.232,185.419,193.633,64.2124,62.9679,134.647,253.863,177.953,1137.9
334,95,560.24,956.466,1255.63,111.998,194.628,61.2257,89.1009,147.838,344.208,211.801,1392.76
335,95,529.876,976.376,1270.31,166.753,156.3,70.1856,99.0563,197.864,364.368,267.054,1468.67
336,95,645.11,1278.52,1534.13,427.834,246.396,69.1901,83.1276,207.072,233.454,502.499,1392.76
337,95,904.946,1197.64,1310.63,501.504,253.614,71.43,95.0741,254.858,221.259,794.193,1011.22
338,95,1134.42,1350.95,1445.77,850.689,498.019,78.3988,136.14,315.089,224.246,741.18,943.524
339,95,491.797,874.831,1323.07,2159.08,1258.61,87.6076,184.424,342.715,245.65,558.747,1153.33
340,95,1715.07,2966.96,3563.29,1497.04,1150.1,87.6076,229.472,338.484,208.068,430.82,1380.57
341,95,1597.59,3729.3,3627.75,421.611,719.527,123.447,250.378,321.311,170.486,418.625,1616.01
342,95,1566.23,1637.17,1219.29,374.074,407.923,141.616,204.335,246.645,149.082,442.269,1636.42
343,95,1106.29,1968.68,1573.45,152.318,143.856,113.243,168.246,238.681,143.109,469.895,1569.97
344,95,954.972,843.223,785.233,164.762,248.387,80.3899,105.03,230.468,152.318,475.868,1471.66
345,95,292.938,675.474,284.725,136.887,181.188,47.7859,77.9011,193.633,168.495,443.264,1352.94
346,95,221.01,186.913,265.809,84.8698,59.9813,65.2079,70.9323,169.242,174.468,421.611,1100.07
347,95,151.571,266.556,155.802,112.994,71.43,69.1901,70.9323,135.642,185.668,374.572,776.771
348,95,110.256,189.899,258.592,88.1053,72.4256,84.621,76.9055,116.229,171.482,317.329,555.761
331,96,550.534,395.479,594.089,320.066,316.831,47.7859,60.9769,99.8029,274.023,110.505,379.55
333,96,297.169,376.563,309.613,723.26,296.173,53.0125,71.9278,97.8119,144.105,162.771,424.598
334,96,494.037,403.941,846.458,576.169,212.299,68.1945,68.9412,129.42,191.89,255.854,502.499
335,96,215.783,346.199,1146.61,624.702,316.831,55.9992,67.9456,150.824,347.195,246.645,672.239
336,96,447.247,948.252,2296.21,696.381,542.321,70.1856,86.1143,144.851,410.163,202.593,1053.03
337,96,406.927,1061.5,1917.16,763.58,539.334,73.4211,93.083,161.029,348.19,274.271,1325.31
338,96,1296.44,1107.54,1664.79,1192.66,1132.43,78.3988,101.047,218.272,267.054,325.542,1122.72
339,96,640.879,950.244,1352.19,3109.32,2514.24,94.8252,109.012,228.477,268.049,314.093,877.071
340,96,529.876,970.154,1718.8,2228.52,1426.36,111.003,111.998,255.854,260.832,276.263,799.17
341,96,1040.84,1669.77,2775.07,541.823,310.609,111.998,131.162,249.881,212.05,250.627,878.067
342,96,783.242,1224.02,1015.7,717.038,513.45,130.416,131.162,187.659,163.269,223.001,947.755
343,96,1119.24,1385.54,1713.57,328.528,196.619,114.238,107.021,142.611,133.9,230.219,942.528
344,96,977.87,784.486,788.219,117.225,136.638,89.5987,75.91,119.216,167.5,245.65,888.271
346,96,239.676,240.174,393.736,100.55,74.6655,74.4167,61.9724,149.829,256.849,209.81,761.34
347,96,170.984,271.783,202.593,136.887,96.3186,61.2257,78.8966,122.203,238.432,171.98,610.018
348,96,129.669,168.993,372.83,119.216,95.323,49.777,75.91,107.021,199.855,152.567,463.673
332,97,319.071,340.973,564.969,557.503,658.301,45.7949,55.9992,95.8208,185.668,135.145,198.61
333,97,391.745,329.524,305.382,1063.98,884.04,55.0036,66.9501,93.8297,184.673,128.923,332.511
334,97,321.062,238.183,457.949,1275.54,855.916,61.2257,62.9679,104.034,167.5,231.214,377.559
336,97,573.431,537.094,1237.95,1288.98,951.239,63.2168,84.1232,182.433,239.428,279.498,259.836
337,97,926.848,523.405,1197.64,1096.09,774.282,55.0036,119.216,236.441,260.832,168.744,395.976
338,97,443.016,420.616,609.769,1021.67,1173.74,82.6299,151.322,270.289,290.2,149.331,575.174
339,97,352.67,449.984,895.24,2351.96,2828.83,109.012,140.122,203.837,344.208,141.118,607.778
340,97,595.084,380.794,664.772,2433.85,2006.01,121.207,135.145,137.633,348.19,152.567,537.343
341,97,749.642,557.005,1204.85,933.568,623.208,119.216,124.194,148.833,293.436,151.571,459.442
342,97,624.453,618.977,479.851,1200.87,878.813,104.034,136.14,142.611,206.077,146.344,473.877
343,97,984.341,436.296,834.014,692.15,400.705,105.03,118.22,147.838,152.318,197.615,463.673
345,97,456.953,696.381,866.12,229.97,177.953,98.8074,94.0786,185.668,196.868,282.485,409.416
346,97,232.957,182.682,449.735,122.203,103.536,63.2168,66.9501,144.851,184.673,247.641,332.511
334,98,266.805,321.062,450.731,878.565,1217.3,61.2257,59.9813,121.207,215.286,150.327,223.001
335,98,624.453,1210.33,1237.95,1989.34,1792.72,70.1856,73.9189,113.243,377.559,213.792,343.71
336,98,468.9,1022.67,790.459,1622.48,1398.49,73.4211,70.9323,134.647,483.335,315.337,286.467
337,98,1157.32,414.394,487.068,1011.22,996.785,118.22,89.1009,232.459,378.554,318.324,227.232
339,98,266.805,251.872,254.61,1011.22,1832.04,92.8342,96.0697,219.268,188.655,286.467,214.788
340,98,328.777,617.733,532.863,1522.93,1750.41,88.6031,88.1053,136.638,195.873,239.428,212.797
345,98,328.777,292.689,635.653,362.626,272.28,119.216,78.8966,108.016,236.441,227.232,466.66
325,99,114.487,243.41,444.509,184.424,152.069,46.7904,58.9858,111.998,206.077,135.145,269.045
335,99,329.773,657.555,1325.31,997.781,1524.67,74.4167,70.9323,145.847,193.882,285.471,200.601
336,99,372.332,877.818,1276.53,900.466,1229.74,67.199,87.1098,127.429,367.603,256.849,252.618
340,99,178.7,615.742,983.594,605.04,800.166,98.8074,95.0741,114.238,155.304,318.324,153.562
345,99,261.329,130.167,303.391,429.078,361.381,107.021,110.007,115.234,244.654,145.349,279.249
336,100,431.069,309.613,895.24,357.399,539.334,88.6031,87.1098,155.055,130.914,468.9,159.535
340,100,219.019,360.883,675.225,318.075,306.378,74.4167,100.052,116.229,136.887,200.601,200.601
334,101,258.094,615.742,1472.65,1103.56,1154.08,70.1856,97.0652,120.212,127.927,188.406,273.276
335,101,422.358,982.847,1439.55,994.545,649.092,72.4256,96.0697,147.838,147.091,206.824,302.893
339,101,388.51,672.239,908.68,675.474,404.687,70.1856,75.91,129.42,126.931,213.792,171.98
332,102,298.413,348.19,706.336,545.058,472.135,39.8216,54.0081,92.8342,162.273,188.406,178.948
333,102,309.115,659.795,967.914,1154.33,569.2,61.2257,55.0036,111.003,176.708,169.989,196.37
334,102,450.482,348.19,584.88,707.58,851.934,80.3899,77.9011,121.207,158.291,206.824,190.397
335,102,362.377,336.742,959.701,707.58,803.152,70.1856,87.1098,183.428,130.914,230.219,234.201
338,102,392.99,308.369,676.221,418.625,377.808,44.7993,75.91,152.815,151.073,150.327,236.441
339,102,381.043,441.522,795.686,430.074,461.682,55.0036,64.959,94.8252,171.482,134.149,209.81
331,103,225.49,361.879,559.743,609.271,260.832,35.5906,58.9858,93.8297,92.3364,189.402,230.219
333,103,327.782,236.192,712.558,1446.27,1234.97,56.9947,86.1143,157.047,151.073,160.78,204.584
336,103,250.378,320.066,528.632,422.856,467.904,84.621,72.9233,142.611,186.664,196.37,290.698
337,103,261.329,404.936,720.771,643.368,369.594,61.2257,69.9367,151.82,144.105,224.246,198.61
331,104,369.097,196.121,366.608,687.919,587.867,47.7859,48.0348,81.6343,127.927,124.94,304.884
332,104,313.595,243.41,347.941,643.368,528.881,65.2079,63.9635,88.6031,147.091,180.193,274.271
334,104,445.007,284.227,517.183,710.816,731.722,75.4122,77.9011,176.46,179.695,141.118,163.766
337,104,278.751,166.753,410.163,519.174,522.659,61.2257,52.017,97.8119,178.7,144.353,277.258
