327,183,632.168,359.888,496.526,1293.95,826.05,72.4256,62.9679,66.2035,93.3319,101.296,60.2302
328,180,1532.39,1425.37,1794.71,2322.85,1765.84,67.199,75.91,77.4033,83.1276,94.0786,97.0652
328,181,1024.66,873.587,1646.13,2544.6,2330.06,92.8342,67.9456,72.4256,96.3186,91.092,76.6566
328,182,1173.49,791.953,765.571,1802.68,2496.57,62.2213,74.9144,77.4033,83.1276,77.6522,99.3052
328,184,506.979,328.28,560.987,953.23,560.987,68.1945,64.959,65.2079,96.3186,117.723,93.083
329,179,957.212,1133.67,2174.76,925.355,654.07,42.8082,50.0259,92.8342,67.9456,91.092,94.0786
329,180,1600.83,1280.51,1550.55,1324.07,1259.61,81.6343,70.9323,84.621,69.9367,93.083,94.0786
329,182,712.558,872.591,1408.44,2500.05,1289.72,57.9902,74.9144,73.4211,89.3498,94.0786,97.0652
329,183,788.717,615.742,606.533,1902.23,2065,82.6299,71.9278,72.4256,73.9189,115.732,86.8609
330,180,1966.19,2781.29,3727.55,5191.74,3447.81,55.0036,81.1366,75.4122,98.3096,99.3052,129.918
330,181,790.957,1002.76,2411.7,4273.86,5184.78,56.9947,75.91,92.8342,82.1321,99.3052,86.8609
330,183,533.112,588.364,803.899,1315.86,795.935,74.4167,84.1232,74.4167,104.532,126.931,95.0741
331,178,2143.4,4310.44,5291.55,1334.52,1904.47,59.9813,71.9278,58.9858,100.301,103.287,109.509
331,179,1127.95,2047.33,5233.31,1460.96,1772.06,56.9947,62.9679,79.3944,95.323,98.3096,119.714
331,181,701.607,1879.33,2088.64,3745.47,2055.79,47.7859,58.9858,81.6343,93.3319,112.496,105.278
331,182,506.979,607.28,1568.23,2475.16,2964.47,46.7904,57.9902,73.4211,105.527,101.296,83.8743
332,175,602.8,330.519,798.672,781.25,364.368,53.0125,65.9546,61.2257,83.1276,97.3141,84.8698
332,176,1490.08,571.689,817.339,1814.12,1241.19,57.9902,69.9367,73.4211,91.3409,100.301,76.6566
332,179,2027.17,4040.9,5671.59,5363.72,4228.31,73.4211,72.9233,72.4256,109.509,93.083,103.287
332,180,663.528,1098.08,3317.14,4799,5590.46,79.3944,73.9189,74.4167,102.541,99.3052,103.287
332,182,684.185,877.818,1281.76,1599.83,1185.19,62.2213,69.9367,69.1901,114.736,82.8788,93.083
332,183,707.083,691.154,739.438,1566.48,1517.45,42.8082,67.9456,61.2257,91.3409,97.3141,87.8565
333,174,482.091,577.911,1126.95,190.646,132.407,37.5817,52.017,51.0215,83.1276,90.0964,78.6477
333,175,301.649,943.026,2042.85,484.828,236.939,52.017,48.0348,58.9858,96.3186,115.732,80.8877
333,176,1502.02,2562.02,3105.34,1426.61,851.934,54.0081,52.017,72.4256,93.3319,99.3052,86.8609
333,177,2767.6,4442.6,4943.61,2633.7,2250.17,36.5861,64.959,77.4033,93.3319,85.8654,90.0964
333,178,1788.99,2907.23,5351.78,2105.32,2902.25,61.2257,58.9858,65.2079,97.3141,94.0786,87.8565
333,179,772.291,803.401,1918.41,2525.94,1941.8,51.0215,61.9724,91.8386,81.1366,97.3141,87.8565
333,180,532.116,1337.26,1737.47,4297.5,3017.23,55.9992,54.0081,72.4256,106.523,97.3141,76.6566
333,181,438.536,1037.35,2122.99,2482.38,3200.41,51.0215,39.8216,62.2213,104.532,105.278,92.0875
333,182,1115.01,1165.28,1352.19,1379.07,1712.08,48.7815,56.9947,62.2213,85.1187,113.492,86.8609
334,175,1200.87,973.39,1741.7,878.565,494.784,48.7815,55.0036,51.0215,88.3542,92.0875,91.092
334,176,969.159,1179.96,1942.05,3681.26,2229.51,44.7993,57.9902,59.9813,87.1098,110.505,109.509
334,177,1731.49,2649.13,2228.77,8080.31,6248.76,46.7904,70.9323,61.2257,99.3052,111.501,91.092
334,178,3474.44,3338.3,5324.9,9772.23,10093,67.199,70.9323,64.2124,102.541,91.092,91.092
334,179,2197.9,1791.23,3835.57,5861,8839.65,67.199,55.9992,68.1945,112.496,100.301,101.296
334,180,1170.26,1437.81,1730.25,1536.62,3583.45,41.8127,54.0081,80.3899,90.3453,102.292,101.296
334,181,1460.71,1294.2,1781.27,1842.25,1126.21,43.8038,42.8082,66.2035,104.532,102.292,85.8654
334,182,921.373,981.603,1259.86,2034.88,2265.85,52.017,60.9769,73.4211,85.1187,104.283,79.8921
334,184,505.984,555.014,1100.82,1184.2,926.351,67.199,67.9456,82.6299,86.1143,102.292,129.918
335,175,2123.99,4621.8,5794.3,1276.53,864.378,48.7815,76.9055,55.9992,92.3364,76.6566,83.8743
335,176,2006.51,5513.3,9113.43,3073.98,1993.57,49.777,57.9902,56.9947,91.3409,102.292,100.301
335,177,1249.65,2515.98,6829.66,5614.35,4031.69,62.2213,51.0215,72.4256,98.3096,100.301,107.518
335,178,1753.15,1067.72,2043.84,7477.26,6422.73,81.6343,82.1321,68.1945,90.3453,90.0964,91.092
335,179,898.475,2419.41,1473.9,5230.07,6744.54,68.1945,61.9724,77.4033,111.501,83.8743,95.0741
335,180,1985.85,1171.5,2581.93,1488.83,2897.27,39.8216,68.9412,71.43,118.718,93.083,96.0697
335,182,864.876,999.523,1550.55,1486.84,2060.77,55.9992,53.0125,68.1945,98.3096,98.3096,99.3052
336,174,727.74,1757.88,2221.55,757.358,678.959,43.8038,39.8216,54.0081,76.1589,90.0964,72.6745
336,176,4351.76,5301.5,7853.57,577.165,457.451,43.8038,62.9679,76.4077,85.1187,93.083,91.092
336,177,2046.58,2623,6759.97,1492.07,664.523,64.2124,59.9813,70.1856,88.3542,114.487,106.274
336,178,473.38,883.045,2276.55,3530.93,2088.89,54.0081,55.0036,74.4167,87.1098,103.287,118.718
336,179,698.372,1197.64,1392.76,3865.68,3501.57,66.2035,66.9501,77.4033,91.3409,110.505,104.283
336,180,831.028,690.159,1961.96,2698.91,3148.65,55.0036,67.9456,83.6254,87.1098,88.1053,99.3052
336,182,775.526,915.648,1789.48,524.401,921.124,52.017,70.9323,70.1856,104.532,113.492,101.296
337,173,168.993,507.726,849.694,523.157,479.353,36.5861,47.0393,57.9902,80.141,99.3052,79.8921
337,178,1154.08,1786,3258.16,3282.3,2066.99,59.9813,61.9724,97.8119,102.541,110.505,111.501
337,179,871.347,618.977,1803.92,3489.37,3333.07,51.0215,72.9233,102.043,103.536,119.714,96.0697
337,180,453.718,679.705,705.341,1778.04,2603.34,43.8038,58.9858,94.8252,99.3052,106.523,127.927
337,182,887.524,638.888,1064.48,849.694,527.885,53.0125,60.9769,72.4256,142.113,111.501,132.905
338,177,3287.28,3183.99,4646.69,242.414,155.304,54.0081,83.1276,68.1945,95.323,114.487,121.705
338,178,1834.78,1601.58,2517.47,635.155,368.599,53.0125,84.1232,83.6254,120.709,116.727,119.714
338,181,346.199,499.264,1177.72,1221.53,986.332,66.2035,61.9724,71.43,114.736,119.714,112.496
339,179,1171.5,1163.04,1553.79,957.461,748.398,57.9902,63.9635,91.8386,104.532,104.283,128.923
339,180,393.985,622.96,1381.31,1027.9,977.123,66.2035,64.959,68.1945,89.3498,106.523,107.518
339,181,237.436,314.84,654.319,659.048,821.819,69.1901,64.959,82.6299,92.3364,108.514,89.1009
339,183,365.612,420.616,905.693,257.098,242.165,56.9947,55.9992,77.4033,106.523,100.301,106.274
