222,309,73.1722,87.1098,325.044,178.202,161.526,201.846,292.689,285.471,151.073,263.072,373.577
223,309,58.9858,133.402,481.842,122.203,96.3186,225.241,212.299,235.445,192.886,353.168,407.176
230,309,125.438,114.487,138.131,229.97,243.161,198.859,204.335,243.659,314.591,389.007,482.091
222,310,158.042,200.353,740.433,523.157,395.479,189.65,161.278,171.233,185.668,210.806,317.329
223,310,97.0652,454.215,1241.19,280.742,207.072,288.458,187.411,206.077,282.236,242.663,366.359
224,310,89.5987,626.195,1107.04,160.531,133.651,554.765,298.662,222.254,279.249,226.237,193.384
226,310,290.698,229.721,276.263,157.544,155.304,284.476,171.233,184.424,256.849,421.611,591.6
227,310,176.46,248.636,235.694,258.094,271.285,189.65,254.61,219.268,599.067,719.527,703.101
228,310,172.229,161.526,204.584,218.521,243.161,319.071,382.785,441.522,941.284,833.267,436.047
230,310,109.012,115.483,140.371,292.191,282.485,231.463,263.569,351.924,589.858,293.684,341.719
231,310,124.443,205.579,306.378,261.081,293.933,447.744,331.764,325.293,441.522,423.851,618.231
232,310,101.545,145.847,269.045,173.971,164.513,410.909,338.733,365.115,579.654,708.327,646.853
235,310,145.1,89.3498,113.243,117.225,123.198,224.246,213.295,407.923,583.885,479.104,474.873
236,310,80.8877,108.265,160.033,99.5541,98.3096,158.042,210.308,385.523,837.747,513.699,533.112
237,310,61.2257,93.5808,118.469,94.3275,108.763,247.641,303.64,652.826,799.17,578.409,484.082
221,311,276.511,133.402,339.728,946.012,839.49,144.851,175.215,240.672,266.058,198.61,176.957
222,311,202.593,279,822.565,1216.3,954.475,142.611,192.388,418.127,268.049,278.502,264.067
223,311,221.01,974.385,1904.72,894.244,687.421,300.902,188.406,358.892,362.377,407.425,273.276
224,311,321.062,1551.05,2112.54,416.634,379.799,782.246,348.688,370.092,440.527,336.742,271.036
226,311,566.96,224.494,381.292,212.548,179.197,574.178,274.52,219.268,376.563,475.868,699.865
227,311,552.774,364.119,373.825,190.646,230.965,273.276,220.512,263.072,800.166,954.972,1016.2
228,311,270.04,302.147,310.609,201.099,219.517,251.872,303.64,304.884,712.807,1185.44,1004
229,311,148.336,341.968,466.411,157.544,137.633,257.845,265.56,399.71,429.327,911.915,567.956
232,311,203.837,524.401,770.548,173.971,174.966,1113.76,757.855,1159.56,902.706,660.292,766.566
233,311,321.062,179.446,171.482,141.865,149.082,358.892,349.684,706.834,1338.26,847.454,775.775
234,311,167.749,241.419,216.032,124.443,123.198,462.926,587.369,1185.19,1627.71,790.21,650.835
235,311,165.758,104.034,156.798,145.1,146.096,427.336,492.046,1329.05,1217.55,877.32,685.679
236,311,137.385,115.483,112.247,128.425,123.198,186.664,233.454,737.447,1308.89,969.408,850.441
237,311,63.4657,109.261,122.7,99.5541,106.523,229.472,332.759,789.464,1599.34,936.555,989.567
238,311,63.4657,62.9679,71.6789,102.541,92.0875,251.872,288.707,826.05,1006.24,818.832,792.201
239,311,53.7592,87.1098,88.3542,83.8743,88.1053,142.611,137.136,282.485,825.552,709.323,476.864
240,311,50.5237,68.1945,100.798,83.8743,92.0875,161.029,170.237,313.098,781.748,493.29,485.077
241,311,52.5148,65.2079,111.252,99.5541,98.3096,147.838,160.282,353.915,601.058,621.217,565.965
221,312,166.753,234.948,247.143,973.888,1008.23,134.647,286.467,512.952,257.845,281.489,208.815
222,312,173.224,234.948,431.069,1609.04,1516.46,171.233,257.596,725.251,288.209,412.403,403.194
223,312,273.276,489.806,900.466,1647.37,1451.25,659.795,404.936,433.309,507.726,455.46,501.504
226,312,312.351,615.742,1213.07,498.268,341.719,1699.14,896.235,556.756,1487.59,658.052,810.619
227,312,349.435,291.693,897.48,380.297,306.378,648.595,437.042,634.408,2183.22,972.394,1033.62
228,312,248.387,617.733,1410.43,310.858,252.618,536.348,1099.82,1825.82,1675.49,692.896,801.41
229,312,280.991,1106.54,1829.06,265.312,181.188,1196.39,1128.94,1968.43,861.143,360.386,513.699
232,312,541.823,1092.85,1595.35,167.997,163.518,3523.72,2658.09,3842.29,2323.34,934.564,724.505
233,312,636.399,385.025,362.626,181.437,156.3,1259.61,1040.59,2350.97,1874.35,1272.3,888.271
234,312,361.381,463.673,395.727,133.651,148.087,995.292,1136.91,1929.86,2894.04,1326.56,1029.64
235,312,191.642,249.632,302.395,118.22,113.989,1107.54,1087.88,2558.04,3162.09,1314.36,1274.04
236,312,154.807,84.1232,96.5674,100.55,121.207,443.513,556.258,1800.19,2250.17,1820.1,1433.83
237,312,68.9412,115.483,96.5674,92.3364,102.541,305.88,382.785,1116.75,2443.06,1713.57,1448.01
238,312,75.4122,82.8788,91.3409,95.323,101.545,224.246,305.631,1100.57,1845.98,1268.32,1351.94
239,312,54.7547,75.6611,87.3587,80.8877,89.1009,141.616,167.251,566.96,1206.35,1173,972.145
240,312,50.5237,88.1053,102.79,89.1009,84.8698,174.22,181.188,419.123,1179.96,902.706,764.575
241,312,49.2793,66.2035,84.1232,91.092,110.754,177.455,195.375,522.161,804.148,820.823,967.168
242,312,50.5237,68.1945,80.141,89.1009,95.323,126.434,114.238,272.28,511.708,798.424,710.318
222,313,267.8,368.101,263.818,1062.99,1358.17,356.901,329.773,569.2,268.049,306.129,496.277
226,313,202.593,416.385,446.749,1210.08,990.563,1502.27,1528.9,1180.96,1531.14,1593.86,1202.61
227,313,458.198,269.543,667.759,1575.94,1152.09,1577.68,838.992,977.123,1617.5,2052.31,1128.69
228,313,388.51,845.463,2123.99,1592.37,1131.43,3314.65,2752.42,3253.68,2007.51,1378.82,577.165
231,313,1010.47,836.005,777.019,1425.61,1275.29,3034.16,4351.76,3563.79,3066.76,1217.05,981.354
233,313,729.98,636.648,604.542,301.649,249.383,3502.31,2560.78,5021.26,3619.04,1778.04,1454.24
234,313,500.508,549.538,543.316,262.076,277.507,1856.19,2463.47,4020.74,4108.6,2770.84,1674.25
235,313,200.353,355.657,457.949,109.758,118.967,2680.24,2209.85,4237.02,5833.87,2662.32,2077.44
236,313,164.513,130.167,150.576,107.767,130.416,884.289,1007.49,3120.02,4212.13,2615.29,2499.3
237,313,96.0697,121.705,124.691,104.781,106.523,524.152,637.644,1834.78,3293.99,2910.21,2244.45
238,313,67.6968,81.8832,119.465,86.1143,95.323,424.1,442.02,1339.25,2967.21,1995.06,1907.7
239,313,54.7547,69.439,93.5808,67.4479,102.541,189.65,268.547,977.123,1750.66,1704.37,1717.31
240,313,58.9858,97.563,82.1321,83.8743,94.3275,166.255,201.348,536.348,1447.02,1499.53,1256.62
241,313,56.9947,57.7414,66.4523,87.1098,83.8743,147.838,197.366,452.722,979.861,995.043,1219.79
242,313,57.9902,59.9813,69.6878,66.4523,80.8877,120.212,147.091,256.849,434.553,779.011,977.372
225,314,438.536,514.943,551.529,644.364,964.679,1062.74,1965.2,1899.24,452.722,1038.85,1154.33
226,314,277.756,570.694,912.911,1409.19,1571.21,947.506,1324.32,1720.54,421.363,1978.64,1950.76
227,314,564.72,453.22,775.775,3770.36,3544.12,4672.32,2490.59,793.446,515.69,1681.72,1868.88
233,314,489.557,707.083,1072.94,552.276,381.043,7371.98,4991.39,7732.36,5480.45,2558.04,2273.07
234,314,466.909,424.847,506.979,506.73,532.116,2786.27,4224.33,6730.85,5870.45,4445.59,3377.37
235,314,212.299,385.025,480.846,160.531,156.3,4462.01,4116.06,7080.78,7549.93,5482.69,3420.43
236,314,186.415,149.082,209.81,141.865,118.967,1503.27,1487.84,4052.35,5935.41,3920.44,3655.63
237,314,95.0741,144.851,162.024,123.447,125.189,712.807,1013.46,2597.86,3980.67,3898.04,3534.92
238,314,60.2302,96.5674,161.029,94.3275,85.8654,785.233,684.683,1709.34,3790.77,3130.23,2586.17
239,314,63.4657,73.4211,108.016,78.8966,82.8788,316.084,411.905,1210.58,2367.89,2228.52,2416.43
240,314,65.7057,78.8966,77.9011,81.8832,84.8698,226.237,233.454,629.182,1487.59,2073.96,1903.47
241,314,48.2837,64.2124,69.6878,75.6611,68.4434,126.434,162.273,360.883,1010.22,1253.88,1360.16
242,314,63.4657,68.1945,64.4613,81.8832,73.4211,100.798,128.176,237.685,387.763,735.953,1113.51
243,314,54.7547,56.7458,78.8966,65.2079,89.1009,135.642,116.229,184.424,377.559,553.769,577.165
221,315,172.229,439.531,591.102,325.293,294.929,382.288,244.405,319.071,231.463,263.072,383.781
226,315,427.585,467.904,1031.38,995.789,1148.85,3634.97,1931.1,1318.84,1099.57,687.919,1463.44
227,315,759.349,956.466,1841.5,3327.84,4069.02,9676.9,6511.58,3077.22,1934.34,573.183,1049.05
233,315,360.386,734.211,1613.02,579.156,467.904,10102.2,8055.91,12483.6,5661.14,4260.42,2797.97
234,315,329.773,398.714,429.078,577.165,672.737,3742.98,5343.56,8431.23,7922.76,5568.56,5387.37
235,315,217.775,366.11,516.188,221.757,248.387,4890.59,5224.1,9364.55,7743.07,7931.22,5873.44
236,315,187.411,165.758,253.365,162.771,148.087,1692.92,1712.58,4202.18,5873.44,5656.66,4795.77
237,315,110.256,160.531,188.157,164.762,163.518,881.053,1294.45,2888.56,4211.14,4568.54,4732.3
238,315,74.4167,109.261,179.695,101.545,95.323,1066.72,979.363,1969.43,3860.71,4117.06,3485.89
239,315,61.2257,81.8832,105.03,76.6566,89.1009,344.706,422.856,1072.94,2473.67,2670.54,2938.34
240,315,63.4657,90.3453,94.5764,87.1098,77.6522,238.681,238.432,548.792,1404.21,2278.54,2510.5
241,315,53.7592,69.439,89.3498,75.6611,71.43,145.847,143.109,293.684,968.661,1471.91,1455.23
242,315,43.8038,71.43,66.4523,70.4345,69.439,137.633,139.127,246.645,433.558,697.127,1125.71
243,315,43.8038,53.5103,71.6789,71.43,70.4345,150.824,141.118,192.637,403.941,667.261,792.201
220,316,147.091,149.082,268.049,366.857,214.29,381.292,259.587,245.65,349.186,261.081,394.981
223,316,326.537,219.268,203.588,267.303,458.446,289.702,369.843,652.826,1014.46,411.407,488.064
224,316,1139.89,317.826,160.033,640.381,769.055,821.072,899.222,533.361,1747.42,1115.75,983.594
225,316,1736.72,724.754,336.493,1690.93,1584.65,3360.7,2941.82,3048.59,2830.07,610.018,904.698
228,316,1324.82,656.559,657.555,7087.75,8397.63,7261.72,6515.56,11389.2,10499,2495.57,1820.59
230,316,439.78,1671.76,3571.75,2625.49,2674.77,15646.7,15717.8,15766.9,9434.74,2011.49,1156.32
231,316,366.857,1314.11,1838.27,2224.54,2123.99,15326.3,15598.6,16019,10512.2,4715.88,3842.04
232,316,453.718,1301.67,1817.61,1713.57,1834.28,8627.6,13350.4,16050.6,8674.15,5168.35,4991.39
233,316,411.407,772.042,1175.73,508.721,528.881,8771.21,8428,14931.6,5582,4989.15,3516.5
234,316,288.458,613.502,477.859,509.717,526.89,3114.8,4795.02,7930.48,8225.41,6501.13,5971.75
235,316,245.152,350.43,666.763,280.742,306.378,3615.55,4429.91,8356.82,6589.48,7976.27,7735.1
236,316,189.65,208.815,255.605,184.424,162.522,1157.56,1379.57,3149.64,4640.71,6186.79,5809.97
237,316,135.145,179.446,228.477,177.206,198.859,927.097,1306.4,2689.7,3843.53,4804.98,5414.99
238,316,86.3631,121.705,231.712,100.55,108.763,969.905,906.191,1906.21,3126.5,4535.68,4381.37
239,316,73.1722,91.3409,128.923,90.0964,77.6522,257.845,351.675,781.25,2023.69,2784.28,3218.58
240,316,73.1722,71.43,131.909,88.1053,86.8609,295.676,259.587,493.539,1171.75,2084.16,2733.51
241,316,55.7503,70.4345,126.683,76.6566,79.6432,183.428,151.322,299.907,841.73,1370.61,1519.69
242,316,52.5148,55.7503,87.3587,64.2124,71.43,141.616,157.295,242.663,398.963,709.323,1057.26
243,316,40.5683,53.5103,67.4479,63.2168,56.9947,193.633,169.242,192.637,345.204,651.084,897.48
220,317,221.01,159.535,205.579,379.301,285.72,405.932,309.613,236.441,662.035,438.038,441.024
221,317,262.325,183.677,249.383,202.095,122.203,485.326,481.095,339.479,668.008,368.35,488.064
222,317,259.089,475.122,489.308,120.212,107.767,446.749,481.095,890.262,1189.92,712.309,995.789
223,317,726.745,330.519,263.818,152.318,179.197,662.781,651.581,1062.74,2932.61,1678.73,1434.82
224,317,680.95,817.09,491.299,235.196,277.507,1328.8,860.147,1743.19,3402.76,2662.32,2128.71
225,317,629.928,382.785,567.209,820.574,1041.34,3014.75,3592.66,4081.97,6863.51,2665.56,1611.78
226,317,1287.73,658.799,1359.66,1623.48,1939.81,3718.59,3226.55,4502.08,3965.24,4625.78,4972.97
227,317,1370.36,1439.05,864.129,1413.17,1307.39,5216.88,11706.8,12059.2,13806.4,6919.75,6248.01
228,317,720.274,689.163,396.723,4069.77,4869.94,12045.3,9267.24,15356,13985.1,7488.95,3196.18
229,317,874.582,2043.1,3417.94,4872.67,6144.23,12991.8,13552,10856.6,10734.7,1722.78,1226.01
230,317,630.924,2751.92,4930.17,1793.47,2053.55,11953.5,14911.7,15508.8,15244.2,6494.91,3579.96
231,317,844.218,1204.11,1635.67,1884.56,1866.39,3887.83,6367.23,12007.2,11549,8987.49,4878.65
232,317,874.582,1921.39,1628.46,1460.96,1819.6,7025.28,9376.5,11311.6,6928.46,5532.72,4249.22
233,317,449.487,1184.2,1303.41,424.847,477.113,4723.09,5384.63,10226.4,5292.54,4252.2,3802.97
234,317,466.909,568.454,657.555,566.711,509.219,1554.29,2759.39,4817.42,6217.65,6584.01,5529.73
235,317,271.036,354.661,493.29,339.977,403.692,2347.73,2601.85,4946.84,4352.25,6253.49,7191.79
236,317,186.415,311.604,275.267,194.877,188.406,779.259,979.363,1820.59,3479.91,5130.52,5586.97
237,317,154.807,192.139,281.489,213.543,224.743,963.683,1244.18,2498.81,3509.28,4407.76,5407.78
238,317,103.785,159.535,205.579,129.42,121.207,666.017,656.559,1406.45,2187.2,4104.86,4782.58
239,317,80.8877,132.158,160.033,131.66,113.989,280.494,341.719,588.364,1416.41,2390.04,3165.57
240,317,60.2302,96.5674,140.371,124.443,113.989,542.57,449.984,627.191,999.025,1625.47,2490.1
241,317,61.2257,97.563,92.5853,80.8877,100.55,261.081,228.477,373.328,759.349,1106.54,1356.92
242,317,71.1812,76.6566,98.8074,68.4434,77.6522,171.233,176.211,256.849,420.367,591.6,886.28
243,317,66.7012,60.9769,87.3587,62.2213,71.43,202.841,176.211,206.077,359.39,543.565,836.005
218,318,134.149,79.8921,172.477,201.099,154.309,162.024,172.229,317.08,332.013,435.051,579.156
219,318,175.464,177.455,222.254,166.753,155.304,169.242,241.419,455.958,515.69,656.061,512.703
220,318,265.809,160.531,227.481,232.21,188.406,409.914,348.688,303.889,1215.31,795.437,648.844
221,318,168.993,374.572,348.937,211.303,130.416,418.127,565.467,529.379,1670.27,1131.18,1413.42
222,318,358.146,406.927,513.201,130.665,97.3141,572.187,644.613,1577.93,2527.43,1845.48,2091.88
223,318,514.694,316.831,312.6,184.424,149.082,784.237,1386.54,2000.04,4756.44,3774.09,3552.34
224,318,437.54,664.026,658.55,762.584,603.546,1883.81,1239.2,4365.45,3825.12,4198.94,3970.96
225,318,1580.17,411.158,345.95,1245.42,844.716,2316.13,4368.68,3923.92,7465.81,6510.34,5385.38
226,318,1155.08,1013.21,868.36,639.386,798.175,8170.65,4563.31,8395.39,4686.26,4598.15,8188.57
227,318,944.27,2393.28,2207.11,1511.73,1858.92,4361.21,6126.56,6353.54,13162.5,11906.9,8397.39
228,318,436.296,1067.72,1307.64,4410.49,4106.11,9400.64,12836,14996.8,11728.7,10004.9,5234.8
229,318,1015.95,1673.75,3338.05,4400.29,3856.72,15203.9,10509.7,8049.69,12346.2,8392.66,3219.83
230,318,1502.02,1401.22,2977.66,1595.6,1504.01,11296.6,6114.61,4870.43,15331.6,15337,9488.25
231,318,1248.66,2171.03,1018.94,1201.87,1201.87,9733.15,9041.5,9327.72,7315.48,11884.5,8916.31
232,318,907.186,1875.35,2012.73,954.226,1021.67,7494.43,7673.88,13900.5,8507.64,5126.29,4009.79
233,318,901.711,807.632,1171.5,576.169,450.233,1726.77,2144.64,4734.79,3602.86,3790.52,3327.1
234,318,520.17,550.783,438.287,609.271,582.889,3334.07,3354.97,4385.85,4025.22,5336.1,4963.77
235,318,265.809,462.677,459.193,255.854,324.048,2635.44,2097.6,3972.7,2764.12,3977.93,5060.83
236,318,211.303,293.684,403.941,250.876,189.402,755.615,1028.64,1767.58,3694.2,3803.71,4328.11
237,318,162.522,173.224,279.498,237.188,255.605,1302.42,1311.38,2528.42,3368.16,4000.33,4722.1
238,318,79.6432,187.908,171.482,138.878,135.642,493.539,477.113,945.515,1694.66,3341.03,4418.21
239,318,88.3542,131.162,227.481,150.327,154.309,526.143,597.324,981.105,1477.38,1959.22,2804.19
240,318,87.3587,96.5674,124.691,114.985,142.86,860.645,684.683,996.536,1211.32,1370.61,2105.07
241,318,57.9902,118.718,141.367,121.207,109.758,248.885,267.552,440.527,849.943,926.351,1116.5
242,318,63.4657,93.5808,150.576,93.3319,91.092,219.268,197.366,334.502,551.281,573.183,716.291
243,318,72.1767,61.9724,92.5853,81.8832,73.4211,275.267,212.299,297.667,539.085,530.125,650.835
217,319,167.749,80.8877,145.349,157.544,126.185,213.046,252.37,395.727,418.376,280.494,487.068
218,319,183.179,105.03,188.157,168.993,133.651,156.051,164.264,374.323,569.698,543.565,966.172
219,319,176.46,228.725,281.489,182.433,126.185,195.624,243.41,493.539,638.639,1137.16,1041.83
220,319,164.513,150.078,194.379,184.424,147.091,418.127,448.989,596.578,1574.95,1444.28,1103.31
221,319,154.807,397.47,453.967,232.21,142.86,404.936,531.37,659.795,2313.14,2257.14,2511.5
222,319,277.756,238.183,376.065,211.303,187.411,769.055,909.177,2273.57,3438.35,2893.79,3082.69
223,319,162.522,362.875,456.953,329.524,242.165,574.178,1354.43,1774.8,4567.54,4798.75,4690.49
224,319,241.667,335.746,214.041,634.159,761.837,2493.58,2211.84,6379.92,4343.05,3473.19,4453.05
225,319,833.267,422.856,300.155,1550.06,1644.88,1548.07,3492.36,2722.31,4968.74,6844.09,6603.17
226,319,737.696,1208.34,1012.71,1443.28,1004,7111.89,8940.2,11108.7,6560.86,2982.89,4954.56
227,319,692.896,1016.45,1595.35,1172.75,1232.73,9396.41,5075.76,6016.8,4091.17,14128.2,10394.2
228,319,473.38,539.085,1674.25,4352.5,4461.27,4265.14,6538.71,5773.14,4684.27,8558.66,5250.23
229,319,925.604,656.559,1408.44,3741.24,4310.19,8770.21,12416.9,8428,4592.93,15643.2,12667.3
230,319,954.972,1345.72,821.57,929.337,1291.71,11018.1,14736.2,15202.9,11381.5,15783.5,15345.5
231,319,1433.58,1404.46,1264.09,1308.64,936.804,7982.99,11664.7,15459,14884.8,8513.61,10793.2
232,319,1707.35,941.781,969.159,1210.08,1081.65,2669.04,3429.14,10933.3,9614.43,5377.16,3685.49
233,319,829.036,952.235,484.082,567.707,641.875,3916.46,4861.22,5173.33,3369.16,3480.41,3335.31
234,319,548.294,540.33,553.521,407.176,487.566,5891.11,6121.58,10109,5728.34,3632.73,4096.9
235,319,296.173,281.24,483.086,330.519,276.511,1854.19,1782.76,3893.31,3029.18,2364.66,2964.97
236,319,217.775,163.766,300.155,323.302,296.173,1227,1671.26,2670.29,4228.31,3667.57,3273.84
237,319,116.727,184.673,168.246,194.877,241.17,1936.82,1658.32,2826.34,2780.3,3692.21,4113.08
238,319,109.012,163.766,257.596,197.864,183.179,474.126,496.277,883.293,1902.98,2585.67,3640.44
239,319,79.6432,85.1187,256.601,153.313,186.415,846.458,1019.68,1692.17,2110.05,1927.37,2441.81
240,319,65.7057,96.5674,113.243,114.985,86.8609,998.527,872.094,1335.02,1474.4,1572.21,1993.57
241,319,53.7592,116.478,164.264,165.758,133.651,250.876,276.511,443.513,935.062,973.39,1066.47
242,319,66.7012,52.5148,178.7,115.98,121.207,342.715,347.693,492.544,759.349,640.63,752.131
243,319,49.2793,42.0616,93.5808,73.67,72.4256,411.905,359.888,522.161,706.585,637.644,595.582
217,320,111.252,97.563,131.909,153.313,104.532,181.437,281.489,437.54,550.285,439.033,604.791
218,320,220.014,114.487,209.81,161.775,109.758,178.451,176.211,329.275,1035.61,620.222,1231.23
219,320,170.984,192.139,251.374,214.539,161.526,208.068,237.436,532.365,973.639,1387.04,1793.96
220,320,111.252,199.357,188.157,215.535,154.309,371.088,574.427,998.527,1889.78,2100.34,1808.4
221,320,155.802,176.211,285.72,312.849,190.397,493.539,486.073,940.288,2073.46,3085.18,3063.03
222,320,104.781,136.389,188.157,254.858,185.419,850.441,1392.51,2620.26,4106.61,3350.24,3035.4
223,320,180.94,212.05,301.151,213.543,214.29,1029.14,952.483,1661.56,2729.52,4116.06,3848.01
224,320,443.016,464.669,436.296,266.307,286.716,1901.98,3406.24,5996.39,5413.5,2227.27,2545.35
225,320,861.64,524.401,546.303,893,1084.89,3633.97,2652.12,4331.85,1906.96,4650.42,4148.92
226,320,752.878,646.106,870.351,2222.3,2219.31,2732.26,5676.32,5608.88,7467.8,2679.75,2837.04
227,320,807.135,726.994,816.343,2225.53,1806.16,6387.64,7436.19,8959.62,3656.62,8165.42,11994.8
228,320,556.009,950.244,912.911,1859.67,2310.4,6113.37,4202.43,5134.5,854.92,4166.09,5485.68
229,320,329.773,1018.44,1117.49,814.352,1486.34,3517.74,4472.96,4729.56,4358.23,12638.9,15677
230,320,908.182,561.236,787.224,653.821,452.473,2674.27,5342.32,9058.42,12281.2,14945.1,15763.1
231,320,1237.71,816.094,541.076,1200.87,1080.66,1784.76,2934.85,6317.7,11669.7,9124.63,7549.93
232,320,758.353,982.847,557.752,686.923,1081.65,2856.7,4738.77,7232.6,5288.56,8163.43,4355.74
233,320,880.058,663.03,718.78,335.746,450.233,5555.37,7990.71,14362.4,12466.9,2199.65,3299.47
234,320,476.615,367.106,543.316,407.176,328.031,3491.11,4110.09,9291.13,7076.8,3554.08,2794.98
235,320,195.126,314.84,259.587,449.735,431.567,835.259,1118.99,1925.62,3035.15,2857.95,2094.87
236,320,154.807,160.531,166.255,259.089,347.693,2440.57,2726.29,4232.79,3863.69,4281.82,3591.16
237,320,125.438,139.625,147.589,187.659,182.184,1923.38,1572.21,2579.45,2015.72,2925.4,3632.23
238,320,77.6522,100.798,220.263,300.404,256.849,331.515,529.13,894.493,2380.09,2204.87,2761.13
239,320,73.1722,82.8788,165.26,161.775,228.725,1036.11,1283.25,1981.87,2256.39,2393.28,2390.79
240,320,78.6477,68.1945,108.016,149.331,99.3052,934.066,781.997,1120.98,1263.09,1993.07,2239.22
241,320,63.4657,87.1098,141.367,204.086,195.624,205.828,249.383,403.941,835.756,1120.73,1279.27
242,320,53.7592,67.199,103.785,129.42,160.531,434.305,444.011,627.191,894.493,844.467,930.333
243,320,50.5237,55.7503,88.3542,97.3141,80.8877,443.513,431.069,665.021,765.571,853.676,697.874
245,320,35.0928,68.1945,74.9144,89.1009,91.092,123.447,151.322,190.646,288.209,549.538,574.178
215,321,113.492,101.794,116.478,172.975,186.415,127.429,119.216,198.859,487.317,422.607,438.038
216,321,110.256,92.3364,86.3631,176.211,220.512,166.255,131.162,227.481,482.339,603.795,675.474
217,321,154.807,96.5674,99.8029,146.096,124.194,137.633,239.428,423.105,689.412,776.771,782.993
218,321,97.0652,111.252,198.361,164.762,106.523,191.642,184.424,311.106,1249.9,1108.53,1336.51
219,321,134.149,92.3364,164.264,162.771,159.535,240.672,203.339,536.348,1597.34,1353.19,2307.91
220,321,113.492,178.451,192.139,210.308,147.091,265.063,553.272,982.101,2579.2,2373.87,2520.71
221,321,96.0697,104.034,128.923,169.989,158.291,582.391,557.254,1636.92,1829.8,3101.61,3290.26
222,321,136.389,117.474,164.264,236.192,187.411,568.951,1582.16,2128.71,3918.7,3686.98,2487.86
223,321,343.959,173.224,185.917,358.395,286.716,1861.41,1790.73,3529.19,2073.46,2624.49,2557.54
224,321,645.11,316.831,236.939,586.373,517.681,1208.59,2395.27,3023.21,4253.7,2727.03,1053.03
225,321,487.566,447.993,459.193,828.788,709.074,3091.4,4536.18,7241.81,2863.67,2180.23,2470.43
227,321,645.11,466.909,478.855,1228.75,1590.87,2410.95,4017.75,4658.13,5792.3,2558.04,7285.86
228,321,920.377,782.495,1329.3,886.778,807.383,3299.47,4924.19,6833.89,2881.84,1446.27,2687.46
229,321,366.857,911.417,1552.79,687.919,481.344,4027.71,4421.94,6254.48,1473.4,6265.68,14965.7
230,321,552.774,472.135,372.83,652.826,623.208,4074.5,4526.23,6215.66,3903.51,12433.1,13263.8
231,321,763.58,675.474,514.197,476.615,727.74,3094.39,5233.06,10801.6,8847.87,12842.5,6959.33
232,321,1066.97,526.641,737.447,364.617,392.243,2386.56,5240.28,14759.1,15218.8,4273.61,5698.47
233,321,636.399,726.994,637.644,420.616,265.063,2034.64,3441.33,9647.04,13526.2,5761.94,1916.91
234,321,326.537,622.96,445.504,369.843,430.571,1450.25,1466.93,2813.15,3228.04,5384.38,2249.42
235,321,219.019,434.305,492.295,264.316,404.687,2335.54,2653.12,4422.69,4714.88,3838.56,3237
236,321,150.327,161.526,256.601,129.42,196.619,2631.21,2746.45,5132.51,3193.69,3842.79,4110.09
237,321,85.1187,136.389,122.7,246.645,161.526,1050.54,861.143,1265.83,1853.2,2101.59,2847.25
238,321,91.8386,120.709,162.024,296.422,343.71,553.769,612.506,942.279,2470.68,2465.95,2310.9
239,321,73.1722,91.3409,107.021,135.642,181.188,962.688,1067.72,1491.07,1603.32,2572.48,2690.7
240,321,65.7057,73.4211,119.465,180.193,134.647,482.339,442.02,552.774,906.689,1912.18,2446.04
241,321,49.2793,89.3498,97.563,168.993,218.521,208.068,240.423,364.119,750.389,1077.92,1434.82
242,321,56.9947,74.6655,102.79,94.3275,147.091,370.092,415.887,521.166,820.325,905.942,1150.35
243,321,52.5148,45.2971,92.5853,70.4345,77.6522,240.672,286.467,450.731,626.444,783.988,802.406
244,321,53.7592,77.6522,80.141,91.092,89.1009,128.425,161.278,284.476,296.422,462.677,552.525
245,321,54.7547,54.7547,72.6745,79.8921,81.8832,124.443,141.118,168.246,295.427,447.247,627.439
215,322,76.4077,75.6611,80.141,134.647,160.531,100.798,118.22,181.437,505.486,492.295,565.965
216,322,103.785,97.563,101.794,160.531,165.758,131.411,160.282,267.054,507.726,743.171,993.798
217,322,90.5942,59.9813,105.03,163.766,138.629,121.207,176.211,306.875,882.298,992.803,1129.94
218,322,126.434,84.1232,165.26,133.651,95.323,176.46,175.215,333.506,1062.99,1759.62,1469.67
219,322,101.545,98.8074,155.802,123.447,126.185,226.237,272.529,629.182,1852.2,1657.33,2114.28
220,322,147.091,89.3498,126.683,143.109,137.633,238.681,331.764,614,2518.22,2452.51,2729.52
221,322,143.856,134.398,162.024,157.544,127.429,501.752,666.514,1856.19,2831.07,2210.1,3016.99
222,322,251.623,229.721,147.589,163.766,203.837,474.126,832.023,1252.39,2509.26,3773.1,2298.7
223,322,419.123,201.597,198.361,278.751,322.057,1062.74,2479.64,4281.82,4046.62,1402.22,1589.38
225,322,607.031,478.357,282.485,475.62,532.116,970.901,2408.46,3912.72,4365.45,1078.92,1593.36
226,322,270.04,498.268,650.088,588.613,588.862,1670.52,3329.83,6165.88,2722.31,3164.08,2254.65
227,322,537.592,679.705,755.118,1199.88,933.568,1952.01,2581.93,4060.56,1813.63,3773.1,2272.07
228,322,739.687,652.328,434.056,1246.42,1021.67,1855.19,2429.37,3059.79,3496.09,1244.67,2238.22
229,322,734.211,594.836,292.938,479.851,595.084,1719.55,2869.65,4575.5,5311.96,3096.38,8001.16
230,322,500.508,452.224,210.806,283.978,343.71,1180.96,2658.09,6372.95,8911.83,6501.13,10778
231,322,449.487,202.593,406.181,519.174,322.057,610.764,1609.29,6523.78,11859.6,6864.5,9202.78
232,322,491.797,306.378,372.83,604.044,417.132,796.432,1135.91,3652.39,8486.24,9611.94,3142.92
233,322,388.51,645.11,550.534,322.306,408.918,1609.29,1706.36,2984.38,3899.28,10190.4,3316.89
234,322,297.169,561.236,873.587,173.971,252.618,2791.5,3012.01,6040.19,8120.62,3581.71,3535.91
235,322,198.361,366.11,587.867,149.331,167.749,2292.73,2999.07,6832.89,7168.14,3836.56,3990.38
236,322,119.963,316.831,289.702,124.443,131.411,1149.35,1293.46,2756.9,2593.38,3123.01,3364.93
237,322,92.8342,157.544,206.824,223.748,197.615,680.203,510.215,673.234,2042.1,2402.49,2599.61
238,322,110.256,95.5719,134.149,147.091,214.29,857.658,775.028,1179.96,1747.42,2579.45,2682.48
239,322,98.3096,84.1232,96.5674,118.22,98.3096,460.935,506.232,731.225,1186.93,2051.31,2680.24
240,322,68.9412,87.1098,109.012,139.873,132.407,184.424,202.344,335.497,1076.18,1433.08,2022.19
241,322,63.4657,96.5674,105.03,109.758,159.535,278.254,278.502,480.348,848.947,968.412,1222.03
242,322,43.8038,71.43,141.367,101.545,88.1053,216.032,238.432,324.297,814.352,967.168,1140.14
243,322,54.7547,68.1945,88.3542,86.1143,90.0964,125.438,134.149,246.645,597.075,641.875,670.248
245,322,53.7592,54.7547,82.1321,76.6566,71.43,157.047,171.233,179.446,399.958,390.999,506.481
215,323,84.1232,66.2035,65.4568,115.98,135.642,111.998,126.185,168.246,508.721,615.244,705.092
216,323,86.3631,77.6522,80.141,123.447,134.647,129.42,166.255,273.276,516.686,825.054,1231.23
217,323,98.3096,85.1187,118.469,161.775,143.856,127.429,132.158,225.241,1181.96,1079.91,1469.67
218,323,104.781,65.2079,89.3498,117.225,93.083,166.255,168.246,298.662,960.448,1878.34,2018.21
219,323,124.443,109.261,147.589,120.212,94.3275,205.828,300.653,626.195,1683.46,2174.26,1751.16
220,323,139.625,118.718,141.367,107.767,109.758,287.462,298.662,809.872,1607.3,2512.99,2327.33
221,323,252.618,140.62,131.909,150.327,152.069,243.659,520.17,1061.74,3446.56,1892.77,2081.68
222,323,329.773,167.997,180.691,159.535,127.429,590.356,459.94,1490.08,1870.37,2733.01,2197.41
223,323,555.014,335.746,129.918,150.327,162.522,343.71,978.368,1658.32,4167.33,2003.28,808.379
224,323,314.591,228.725,162.024,268.298,289.951,647.599,1690.43,3648.41,3966.48,1587.64,1753.15
226,323,305.88,543.316,243.161,448.74,325.044,739.438,1337.51,2809.91,4422.44,1081.9,1731.74
227,323,393.985,287.462,491.299,444.509,601.307,922.866,2197.9,4507.31,3976.44,1685.95,1811.39
228,323,547.298,568.454,673.981,358.395,601.307,1351.45,2415.43,4228.81,1928.36,2684.97,1626.22
229,323,360.386,508.721,470.642,176.211,198.859,1505.26,2043.35,3290.51,1527.16,3305.19,3920.69
230,323,463.673,263.32,197.366,461.184,264.067,1394.25,1934.09,3166.07,2167.04,5984.19,5680.06
231,323,504.988,185.668,168.246,618.48,547.547,1448.26,2139.67,4161.61,3670.81,9596.51,5624.8
232,323,273.276,176.211,214.041,361.63,491.797,1790.98,2351.22,5567.06,7825.2,8709.98,6215.41
233,323,204.832,249.632,557.752,353.417,218.521,2046.83,2629.97,6293.31,12312.6,3210.12,5250.23
234,323,196.121,262.325,577.414,387.514,207.072,1471.66,2224.78,5423.21,9946.45,4112.83,2562.77
235,323,113.492,359.888,392.741,181.437,175.962,799.668,1050.79,2842.52,3689.22,5689.27,2879.85
236,323,101.545,271.783,402.945,118.22,126.185,801.659,600.56,827.045,1857.18,3869.42,3162.33
237,323,72.1767,137.385,326.04,133.651,126.185,968.91,810.121,1182.2,1632.69,3006.28,3352.73
238,323,91.8386,126.931,126.683,104.781,98.3096,579.156,525.148,904.698,1369.86,1908.95,2731.51
239,323,74.4167,105.03,108.016,130.665,124.194,173.224,189.402,439.531,1715.07,1527.16,2016.22
240,323,71.1812,104.034,98.8074,102.541,110.754,320.066,293.684,668.008,1398.24,1388.03,1377.58
241,323,64.4613,88.1053,139.127,109.758,91.092,346.697,292.689,506.979,774.779,1243.68,1249.65
242,323,62.4702,72.4256,117.474,125.438,103.536,134.647,142.113,215.037,707.58,1102.31,1236.21
243,323,66.7012,72.4256,87.3587,96.3186,102.541,201.846,161.278,295.676,552.276,613.004,614.995
244,323,53.7592,56.7458,108.016,88.1053,67.199,212.05,191.393,319.071,522.908,479.104,466.66
245,323,53.7592,64.2124,89.3498,74.6655,79.6432,135.642,158.291,238.681,524.899,565.965,487.068
213,324,55.7503,64.2124,88.3542,87.1098,81.8832,117.225,111.003,152.815,257.845,435.051,586.373
214,324,71.1812,81.8832,95.5719,83.8743,90.0964,143.856,128.176,184.424,334.999,505.735,602.8
215,324,74.4167,70.4345,95.5719,92.3364,111.749,135.642,121.207,211.055,369.594,807.632,808.379
216,324,112.496,93.5808,84.1232,93.3319,131.411,128.425,132.158,255.854,507.726,909.924,1241.44
217,324,114.487,106.025,98.8074,121.207,153.313,111.003,126.185,224.246,1016.45,1425.86,1418.4
218,324,137.385,118.718,94.5764,155.553,105.527,179.446,175.215,238.681,1277.28,1441.29,2353.96
219,324,145.1,108.265,114.238,105.776,93.083,198.859,241.419,353.915,1355.68,2370.63,1957.73
220,324,193.882,122.7,196.37,120.212,103.536,228.477,396.972,1053.53,1630.7,2158.83,2055.04
221,324,199.357,162.771,150.576,112.994,131.411,165.26,266.556,531.37,2026.67,2856.95,1471.66
222,324,316.831,176.211,140.371,131.66,121.207,248.885,557.254,1380.07,3107.33,1593.86,1616.01
224,324,369.097,381.79,163.02,160.531,167.749,295.676,639.635,1226.01,4947.34,1682.71,1254.63
225,324,227.73,243.41,166.255,305.631,403.692,451.727,1186.93,2291.73,4330.85,1921.39,2172.77
227,324,455.958,445.753,213.046,399.958,266.058,842.476,910.173,1683.96,2400.5,2235.49,814.601
228,324,649.59,673.483,223.25,209.312,157.295,567.956,1071.7,2160.32,3083.94,950.99,1822.59
229,324,605.04,724.754,240.921,167.997,153.313,386.519,1478.88,3434.12,4843.8,1398.24,2697.67
230,324,393.985,492.046,188.157,327.533,425.345,549.787,1803.67,4767.4,8693.56,2226.28,4190.98
231,324,213.543,266.556,135.145,239.428,383.034,797.428,1650.36,4805.23,11684.2,2566.25,5459.05
232,324,243.907,188.904,167.251,418.625,261.827,997.532,1457.72,3498.58,11004.7,4025.97,3993.36
233,324,186.415,164.762,191.144,606.035,408.918,1084.14,1252.14,2737.49,5976.98,8019.08,1547.32
235,324,79.6432,219.268,330.271,210.308,195.624,1722.53,1256.12,1798.2,1802.43,5768.16,4261.66
236,324,84.1232,148.087,421.611,184.424,112.745,1280.02,1042.58,1686.94,1615.51,3805.95,4795.77
237,324,84.1232,99.8029,206.824,130.665,122.203,734.211,613.502,1032.13,1110.77,2264.36,3513.51
238,324,80.8877,106.025,147.589,99.5541,125.189,270.289,230.468,369.097,1352.44,1792.22,2302.69
239,324,67.6968,93.5808,132.905,96.3186,102.541,269.294,251.374,415.14,1497.79,2052.31,1851.46
240,324,67.6968,86.1143,98.8074,117.225,78.6477,305.88,331.764,575.174,755.366,1777.04,1528.9
241,324,52.5148,74.6655,112.247,161.775,108.763,168.246,189.402,255.854,439.531,1464.69,1771.56
242,324,48.2837,78.8966,75.91,124.443,154.309,200.85,163.269,188.655,380.794,1050.3,1459.46
243,324,52.5148,65.2079,120.46,87.1098,96.3186,252.867,223.499,316.084,382.785,587.618,704.096
244,324,57.9902,68.1945,105.03,109.758,74.6655,173.224,190.397,313.098,501.504,702.105,665.27
245,324,56.9947,71.43,81.1366,73.67,78.6477,111.998,128.176,196.868,390.75,649.839,591.6
213,325,56.9947,84.1232,106.025,79.8921,92.0875,120.212,114.238,139.625,191.89,376.563,659.048
214,325,81.8832,91.3409,92.5853,56.9947,76.6566,128.425,120.212,166.255,352.172,453.469,804.397
215,325,96.0697,101.794,91.3409,67.4479,101.545,147.838,121.207,175.464,266.058,870.102,1036.61
216,325,103.785,108.265,108.016,103.536,103.536,129.42,127.18,220.263,448.74,945.764,1250.65
217,325,117.723,120.709,110.256,95.323,109.758,121.207,119.216,239.676,512.703,1661.31,1544.33
218,325,119.963,135.394,115.234,158.54,172.975,186.664,168.246,197.864,1187.93,1364.39,1951.76
219,325,145.1,132.158,135.145,131.66,108.763,225.241,179.197,255.854,823.561,2180.23,2392.78
220,325,185.171,132.158,141.367,126.434,123.198,204.832,250.378,522.161,1952.75,1869.13,1849.22
221,325,222.254,131.162,226.485,112.994,96.3186,172.229,232.459,741.429,1281.51,2626.73,2241.21
222,325,224.494,149.082,178.7,109.758,112.745,157.047,209.312,491.548,2330.31,2411.7,1233.23
223,325,238.432,170.984,210.806,129.42,137.633,168.246,413.896,1401.47,2737.74,2387.06,1903.47
225,325,278.751,395.479,234.699,117.225,140.869,215.037,549.29,1222.77,2965.22,2326.58,1583.16
226,325,180.94,327.284,188.157,179.197,314.591,283.48,913.409,1595.1,3647.41,1749.41,3038.64
227,325,164.513,229.721,285.72,258.094,316.831,504.739,1066.72,2405.97,3027.94,3074.98,1766.34
228,325,252.618,424.847,403.941,191.642,194.628,445.753,742.922,2383.57,2258.38,3127.24,865.871
229,325,336.493,489.806,475.62,122.203,143.856,255.854,360.883,1715.57,1954.74,4215.37,1672.26
230,325,376.563,479.353,454.962,135.642,171.731,188.655,267.552,1027.15,2343.5,7347.59,2533.9
232,325,223.25,188.904,163.02,327.533,371.586,918.884,1274.29,2749.93,2782.29,11254.8,3721.08
233,325,197.117,194.13,145.349,363.621,477.113,2089.64,2301.19,4484.91,4381.62,7866.51,5215.39
234,325,130.914,210.806,153.811,230.965,297.169,2644.65,2793.49,4549.12,4478.19,4197.95,5723.11
235,325,95.0741,178.451,193.135,289.205,164.513,1757.38,1792.72,3267.86,2447.29,3388.32,5560.34
236,325,81.8832,120.709,191.144,245.65,235.943,803.65,717.785,1303.41,883.293,2668.55,4455.04
237,325,81.8832,92.3364,139.127,132.656,159.535,444.509,298.662,415.14,633.662,1928.61,2939.33
238,325,61.2257,95.5719,142.362,105.776,115.98,481.344,272.529,268.298,729.98,2079.93,2861.43
239,325,81.8832,85.1187,126.683,103.536,93.083,274.271,216.281,252.867,434.553,1899.74,2322.1
240,325,63.4657,79.8921,80.141,126.434,97.3141,153.811,124.194,207.072,284.227,1265.08,1891.28
241,325,72.1767,71.43,82.1321,132.656,133.651,171.233,144.105,202.841,225.241,1012.22,1952.75
242,325,62.4702,77.6522,108.016,95.323,116.976,235.445,202.344,188.655,212.05,592.596,1201.37
243,325,58.9858,73.4211,141.367,124.443,80.8877,162.024,160.282,178.451,275.018,441.024,740.931
244,325,53.7592,73.4211,96.5674,97.3141,108.763,125.438,112.994,179.446,330.022,674.479,794.193
213,326,57.9902,81.8832,123.696,89.1009,84.8698,161.029,117.225,140.62,194.877,306.129,565.965
214,326,67.6968,98.8074,109.012,78.8966,79.6432,129.42,126.185,146.842,294.431,422.607,827.792
215,326,108.016,153.313,113.243,73.67,74.6655,169.242,134.149,152.815,268.049,603.795,1350.95
216,326,103.785,114.487,109.012,79.8921,93.083,128.425,168.246,188.655,300.404,902.706,1322.33
217,326,112.496,122.7,129.918,106.772,100.55,151.82,118.22,211.055,366.359,1271.31,1844.24
218,326,123.198,136.389,152.815,132.656,161.526,143.856,174.22,159.038,667.012,1605.06,1548.31
219,326,107.021,146.842,109.012,227.979,150.078,295.676,208.317,295.676,786.975,1504.76,2358.93
220,326,118.967,96.5674,120.46,134.647,107.767,203.837,198.361,285.471,840.734,2479.14,1708.1
221,326,166.753,91.3409,179.695,169.989,130.416,187.659,172.229,396.723,1788.24,1518.95,2287.25
222,326,134.149,105.03,260.832,167.997,103.536,172.229,225.49,664.026,1152.59,2698.16,2029.41
223,326,103.785,129.171,206.824,124.443,83.8743,162.024,199.357,508.97,2334.54,1794.46,1775.55
224,326,157.047,160.531,303.391,136.887,130.416,166.255,234.45,1074.93,3298.23,2235.49,3034.41
225,326,162.522,203.588,358.395,169.989,123.198,125.438,314.591,1703.37,2129.46,3918.45,1375.34
226,326,148.336,259.089,316.831,163.766,115.98,122.203,314.591,1274.79,1650.11,2565.26,1239.45
227,326,152.567,269.543,238.93,152.318,120.212,139.625,311.604,881.302,3486.13,1315.36,2451.02
228,326,266.805,353.417,345.95,143.109,126.185,168.246,294.68,1121.97,5758.7,1235.47,3048.84
229,326,285.222,434.305,489.308,175.215,117.972,145.847,217.277,1254.63,6636.02,2141.41,4493.87
230,326,222.254,429.078,394.732,189.65,141.865,188.655,224.494,1218.79,6471.51,3584.69,6527.51
231,326,183.179,382.785,244.156,127.429,194.628,375.319,595.333,1732.99,6770.17,3629.74,7321.7
232,326,170.984,345.204,183.926,156.549,235.943,814.85,1446.77,2909.97,6860.52,2310.4,6017.79
233,326,138.38,242.414,180.691,184.424,246.396,1404.46,2275.06,3700.42,4974.72,2606.08,4149.91
234,326,155.802,190.895,185.917,178.202,174.966,1389.03,1797.7,3154.87,2122.24,3946.07,3820.39
235,326,93.8297,194.13,200.601,227.979,226.734,987.327,787.97,1363.64,645.857,3359.45,4003.57
236,326,85.1187,128.176,151.571,154.309,230.965,669.999,408.918,566.96,335.995,2199.65,3379.36
237,326,63.4657,122.7,115.234,95.323,97.3141,757.606,496.277,598.569,298.413,1649.11,3619.79
238,326,51.5192,95.5719,113.243,111.003,101.545,527.139,378.803,426.34,371.586,1178.22,2950.53
239,326,74.4167,68.1945,95.5719,113.989,129.42,182.433,205.33,364.119,603.049,709.323,1748.92
240,326,63.4657,77.6522,82.1321,99.5541,125.189,182.433,201.348,477.362,522.908,567.956,1404.21
241,326,58.9858,88.1053,92.5853,84.8698,103.536,227.481,218.521,329.275,227.481,431.816,1221.03
242,326,61.2257,65.2079,97.563,118.22,95.323,155.055,157.295,150.824,230.468,286.467,648.844
243,326,66.7012,72.4256,115.234,139.873,120.212,119.216,126.185,158.042,326.786,416.634,630.426
244,326,38.3283,52.5148,81.1366,92.3364,101.545,157.047,124.194,183.428,187.659,473.877,643.617
214,327,60.2302,123.945,169.242,99.5541,89.1009,123.447,128.176,163.02,209.064,441.024,616.986
215,327,81.8832,128.176,143.358,80.8877,84.8698,159.038,151.322,166.255,300.404,356.155,1226.01
216,327,100.55,139.625,136.14,89.1009,93.083,151.82,146.096,197.864,208.068,706.336,1360.16
217,327,99.3052,130.167,131.909,124.443,113.989,155.055,158.291,225.241,367.603,762.584,1603.57
218,327,113.492,125.936,179.695,137.882,133.651,152.815,172.229,175.464,331.017,1309.14,1756.13
219,327,84.1232,108.265,148.584,217.526,239.179,272.28,236.441,243.659,820.325,1070.7,1971.17
220,327,79.6432,93.5808,145.349,267.303,151.073,319.071,190.397,365.115,768.557,1896.75,2273.07
221,327,125.438,118.718,130.914,162.771,149.082,195.624,185.419,264.067,800.166,2208.86,1409.19
222,327,147.091,131.162,181.686,237.188,226.734,244.654,198.361,383.532,1610.54,1458.72,2192.18
223,327,97.0652,130.167,255.605,280.742,162.522,328.28,297.667,821.072,1187.93,2444.3,1388.78
224,327,92.8342,119.714,225.49,194.877,106.523,296.671,283.48,634.408,1683.46,1913.18,1759.37
225,327,148.336,159.535,286.716,129.42,146.096,216.032,184.424,523.157,3103.1,1265.08,2705.88
226,327,163.518,204.584,403.941,216.53,174.966,141.616,169.242,841.481,3052.33,2163.81,1703.87
227,327,118.967,200.353,362.626,308.866,205.081,185.668,192.388,964.928,1894.76,3852,979.363
230,327,168.993,438.536,516.188,198.859,177.953,262.076,211.303,844.467,1881.57,5189.75,1637.42
233,327,189.65,204.584,246.147,139.873,148.087,957.71,940.288,1311.62,1066.22,5780.36,3208.38
234,327,135.145,223.499,194.379,131.66,167.749,1169.76,865.125,1044.32,1034.62,3689.22,4117.31
235,327,117.723,249.632,185.917,119.216,139.873,940.288,683.688,968.91,686.425,2085.16,3933.13
236,327,85.1187,197.366,178.7,105.776,107.767,770.051,591.351,974.136,396.972,1250.9,4002.57
237,327,76.4077,118.718,149.58,90.0964,93.083,629.182,538.339,635.404,491.299,590.604,2908.47
238,327,64.4613,84.1232,137.136,90.0964,110.754,291.693,322.804,407.923,978.865,416.634,1256.62
239,327,67.6968,87.1098,125.687,78.8966,97.3141,156.051,232.459,550.783,1038.85,595.831,713.305
240,327,58.9858,76.6566,88.3542,80.8877,86.8609,189.65,253.614,499.761,458.944,588.613,743.918
242,327,39.5727,78.8966,86.3631,131.66,111.749,114.238,148.087,173.224,287.213,364.368,488.064
243,327,51.5192,79.8921,88.3542,107.767,131.411,171.233,200.353,241.667,266.058,419.62,588.364
213,328,56.9947,95.5719,181.686,87.1098,75.6611,134.647,132.158,196.868,160.282,221.01,445.256
214,328,65.7057,111.252,175.464,105.776,91.092,146.842,145.1,180.442,209.064,380.794,554.765
215,328,86.3631,146.842,183.926,121.207,94.3275,132.407,166.255,202.841,211.055,401.203,720.523
216,328,85.1187,149.082,115.234,129.42,102.541,183.428,141.118,168.246,183.677,406.429,1282.26
217,328,68.9412,114.487,122.7,103.536,86.8609,165.26,146.096,260.085,248.636,676.47,1158.56
218,328,67.6968,89.3498,132.905,111.998,114.985,167.251,142.113,193.633,401.95,730.727,1589.38
219,328,79.6432,99.8029,198.361,129.42,165.758,161.029,210.308,210.059,364.368,1123.97,1423.62
220,328,72.1767,101.794,129.918,229.97,278.502,259.089,220.512,260.085,979.861,863.88,2286.26
221,328,72.1767,96.5674,170.486,287.96,191.393,312.102,161.278,259.089,931.079,1869.13,2036.63
222,328,84.1232,182.682,180.691,197.864,225.739,249.881,250.378,219.268,806.139,2021.69,1239.45
223,328,86.3631,146.842,155.802,313.844,361.381,373.328,385.772,349.684,1714.07,1467.92,1814.62
224,328,75.4122,130.167,252.37,399.958,255.605,594.587,421.86,763.829,1783.01,2406.47,1380.57
225,328,83.1276,168.993,265.809,304.635,161.526,511.957,317.577,724.007,1248.91,2918.43,973.141
226,328,114.487,200.353,250.378,244.654,163.518,277.258,193.384,344.706,1454.98,2238.72,1606.8
227,328,111.252,203.588,205.579,241.419,236.939,185.668,247.392,387.514,2393.28,1755.39,2861.43
228,328,105.776,177.455,258.592,233.205,283.729,284.476,391.994,744.415,3023.95,2405.47,4134.73
229,328,104.781,227.73,333.506,213.543,213.295,419.123,480.099,1084.14,3212.86,3530.44,4956.55
230,328,110.256,304.138,387.514,146.096,122.203,513.948,520.17,1135.17,3248.45,3745.47,5167.35
231,328,122.203,326.288,417.629,148.087,95.323,564.969,599.564,1126.95,3478.92,3064.77,5259.44
232,328,123.198,249.632,356.404,166.753,146.096,662.781,774.033,1265.83,3366.17,1981.62,5001.6
233,328,105.776,203.588,248.387,176.211,170.735,769.055,926.351,1390.27,2560.03,1506.75,4053.84
234,328,103.785,282.236,278.502,147.091,132.407,709.82,771.793,1281.01,1360.66,1622.48,3572.75
235,328,86.3631,229.721,323.053,102.541,78.6477,522.161,535.352,983.096,549.29,1171,3606.59
236,328,96.0697,141.616,245.152,96.3186,90.0964,377.31,429.078,565.965,385.772,538.339,2430.61
237,328,79.6432,124.94,166.255,83.8743,82.8788,370.092,292.689,331.515,681.199,559.992,935.31
238,328,73.1722,131.162,132.905,89.1009,99.3052,216.032,171.233,264.067,780.753,981.603,710.318
239,328,68.9412,94.5764,124.691,76.6566,80.8877,136.638,165.26,296.671,395.976,1072.7,738.94
242,328,49.2793,82.8788,95.5719,89.1009,85.8654,122.203,176.211,217.277,250.627,376.563,578.16
214,329,81.8832,99.8029,188.157,104.781,81.8832,166.255,138.131,224.246,207.072,242.663,597.573
215,329,86.3631,113.492,196.37,108.763,94.3275,149.829,188.406,198.859,190.895,422.607,529.13
216,329,77.6522,94.5764,136.14,129.42,141.865,191.642,244.405,231.463,177.704,315.337,899.471
217,329,66.7012,112.247,99.8029,156.549,116.976,219.268,182.184,208.068,159.286,565.965,1091.86
218,329,61.2257,89.3498,85.1187,115.98,121.207,171.233,152.318,241.667,279.249,643.866,1022.42
219,329,69.9367,65.2079,129.918,125.438,113.989,175.464,177.206,200.85,403.941,845.463,1405.21
220,329,66.7012,95.5719,174.468,121.207,150.078,184.424,168.246,237.685,366.359,1204.85,1328.3
221,329,85.1187,81.8832,138.131,206.326,265.063,212.05,180.193,200.85,907.684,917.142,2210.6
222,329,63.4657,90.3453,226.485,271.534,238.183,283.48,157.295,172.229,996.038,1491.32,1958.73
223,329,61.2257,169.989,247.143,235.196,246.396,292.689,253.614,182.433,805.143,1942.8,1276.28
224,329,83.1276,179.446,210.806,238.432,327.035,261.081,374.821,294.68,1520.19,1439.3,1959.97
225,329,72.1767,136.389,231.712,266.307,327.035,357.897,379.799,438.536,2199.4,1581.42,2401.99
226,329,63.4657,169.989,283.48,312.849,286.716,359.888,231.463,316.084,1765.84,2468.94,1985.36
227,329,79.6432,174.22,260.832,358.395,240.174,251.872,171.233,224.246,933.07,3158.85,1579.18
228,329,83.1276,163.766,299.16,359.639,221.508,229.472,244.405,357.897,727.989,3078.96,1731.74
229,329,89.5987,225.49,408.172,325.293,187.411,219.268,315.586,507.975,871.098,2819.12,2226.03
230,329,96.0697,249.632,497.521,267.303,160.531,219.268,384.776,630.177,1033.62,2980.9,2167.54
231,329,100.55,201.597,435.3,244.654,162.522,217.277,398.963,731.225,1117.99,3748.46,1670.27
232,329,103.785,168.993,335.497,182.433,185.419,249.881,380.794,720.025,1054.03,4338.07,1573.95
233,329,126.434,163.766,344.955,148.087,155.304,299.658,354.661,614.995,725.998,3828.35,2333.3
234,329,86.3631,182.682,328.28,161.775,104.532,257.845,299.658,452.722,360.386,2145.39,2864.67
235,329,75.4122,197.366,300.155,165.758,84.8698,297.667,246.396,338.484,247.641,877.32,1949.52
236,329,62.4702,184.673,256.601,125.438,91.092,442.518,274.52,233.454,375.568,677.714,980.359
237,329,64.4613,144.851,179.695,125.438,93.083,425.345,244.405,191.642,393.985,889.516,1192.16
238,329,61.2257,144.851,205.579,82.8788,100.55,262.076,214.29,220.263,268.049,1048.06,1240.44
239,329,50.5237,85.1187,140.371,72.6745,79.6432,190.646,203.339,284.476,337.986,621.217,804.397
242,329,41.8127,52.5148,111.252,92.3364,72.4256,99.8029,141.118,194.628,215.286,237.436,465.664
215,330,65.7057,107.021,143.358,95.323,94.3275,166.255,139.127,183.428,204.086,251.872,612.009
216,330,53.7592,82.8788,108.016,115.98,138.629,145.847,231.463,226.237,173.473,340.724,567.956
217,330,65.7057,84.1232,103.785,147.091,177.953,223.25,266.556,265.063,188.655,337.737,965.177
218,330,69.9367,72.4256,106.025,178.202,118.967,245.65,178.202,213.046,208.068,612.009,861.64
219,330,84.1232,71.43,90.3453,126.434,131.411,187.659,254.61,311.106,293.436,594.587,1063.24
220,330,83.1276,65.2079,128.923,162.771,135.642,236.441,322.804,280.494,432.562,899.72,1307.89
221,330,60.2302,89.3498,171.482,155.553,121.207,280.494,226.485,211.055,343.213,1469.92,1163.54
222,330,67.6968,84.1232,166.255,137.882,216.281,229.472,178.202,191.642,601.058,1234.47,1647.62
223,330,83.1276,75.6611,236.939,241.419,228.725,198.859,179.197,190.646,829.534,1449.51,1808.4
224,330,64.4613,101.794,277.258,226.983,191.393,209.064,171.233,189.65,616.24,2262.12,1350.95
225,330,75.4122,126.931,288.707,198.859,170.735,181.437,184.424,230.468,577.662,2398.26,1559.76
226,330,73.1722,153.313,310.609,157.544,188.406,180.442,178.202,223.25,901.711,1713.57,2470.43
227,330,66.7012,176.211,284.725,170.984,226.734,200.85,169.242,183.428,1162.54,1361.4,3269.85
228,330,67.6968,143.856,260.832,191.642,239.179,254.858,215.286,211.055,1300.67,1727.76,3471.45
229,330,78.6477,123.945,268.049,235.196,218.521,307.871,238.432,372.332,1611.53,2301.19,3445.81
230,330,93.8297,109.261,354.164,272.529,229.721,275.267,217.277,513.948,1875.6,2637.93,3793.76
231,330,138.38,132.158,318.822,255.854,209.064,182.433,206.326,694.638,1916.17,2733.01,4681.28
232,330,87.3587,112.247,287.711,241.419,158.291,199.855,225.49,782.246,1562.75,2113.78,5007.57
233,330,88.3542,169.989,247.143,271.534,133.651,229.472,251.374,790.459,890.511,1109.53,3912.47
234,330,72.1767,212.05,315.835,273.525,177.953,335.497,287.711,624.204,512.703,611.013,2239.22
235,330,52.5148,151.073,310.609,234.201,176.957,396.723,349.684,377.31,376.563,642.87,1470.66
236,330,60.2302,126.931,259.587,147.091,136.638,364.119,344.706,252.867,258.841,623.457,1575.94
237,330,62.4702,116.478,198.361,120.212,81.8832,273.276,293.684,215.037,291.445,559.992,1329.3
238,330,52.5148,125.936,161.029,97.3141,92.0875,184.424,266.556,350.679,537.094,357.15,784.984
239,330,55.7503,95.5719,150.576,89.1009,76.6566,177.455,244.405,474.126,601.058,307.124,383.781
216,331,54.7547,86.1143,103.785,99.5541,101.545,138.629,137.136,183.428,209.064,256.849,565.965
217,331,73.1722,92.3364,95.5719,106.772,141.865,147.838,200.353,238.681,169.491,333.755,586.373
218,331,66.7012,73.4211,85.1187,170.984,195.624,230.468,240.423,224.246,239.428,337.737,878.067
219,331,75.4122,76.6566,107.021,182.433,141.865,312.102,184.424,221.259,207.072,640.63,826.796
220,331,68.9412,86.1143,100.798,172.975,189.402,230.468,283.48,330.519,237.436,672.488,1174.99
221,331,60.2302,72.4256,126.683,263.072,197.615,252.867,416.883,399.71,351.177,809.623,1523.92
222,331,48.2837,78.8966,157.793,240.423,131.411,300.902,284.476,250.876,285.222,1410.43,1413.42
223,331,60.2302,75.6611,177.704,211.303,160.531,228.477,161.278,212.05,314.591,1458.72,1544.33
224,331,71.1812,88.1053,190.148,200.104,206.077,166.255,174.22,318.075,524.899,1311.13,2056.04
225,331,64.4613,99.8029,205.579,219.766,203.837,192.637,252.37,350.679,715.794,1805.66,2115.52
226,331,67.6968,95.5719,249.383,223.748,166.753,214.041,285.471,365.115,638.639,2263.11,1663.05
227,331,63.4657,110.256,324.048,235.196,158.291,250.876,265.56,285.471,444.758,2106.56,1417.4
228,331,63.4657,115.483,287.711,298.413,181.188,201.846,229.472,241.667,408.172,1702.37,1669.27
229,331,74.4167,105.03,203.588,379.301,198.859,156.051,224.494,481.344,610.266,1521.19,2178.99
230,331,89.5987,80.8877,201.597,356.404,224.743,165.26,245.401,715.047,828.539,1423.87,2517.72
231,331,66.7012,102.79,211.801,322.306,222.503,145.847,239.428,838.245,897.48,1418.65,2480.89
232,331,85.1187,106.025,252.37,262.076,242.165,149.829,237.436,711.812,727.989,1334.77,1841.25
233,331,60.2302,108.265,333.506,241.419,245.401,214.041,277.507,525.148,504.49,1027.65,1421.63
234,331,69.9367,99.8029,315.835,252.867,243.161,236.441,276.511,317.08,305.631,682.692,1590.38
235,331,71.1812,130.167,268.049,222.752,207.072,191.642,260.583,204.832,177.704,450.233,1569.97
236,331,60.2302,111.252,204.584,187.659,142.86,181.437,191.393,143.856,251.623,299.907,959.95
237,331,60.2302,145.847,197.366,157.544,113.989,144.851,180.193,196.868,398.963,268.049,436.047
216,332,53.7592,59.9813,88.3542,92.3364,94.3275,128.425,138.131,238.681,164.513,238.432,491.299
217,332,57.9902,71.43,92.5853,86.1143,96.3186,126.434,160.282,222.254,185.668,311.106,542.321
218,332,69.9367,94.5764,95.5719,101.545,168.744,132.407,177.206,186.664,204.086,424.847,595.582
219,332,64.4613,72.4256,93.5808,184.424,242.165,177.455,214.29,248.885,208.068,339.728,1013.21
220,332,73.1722,66.2035,93.5808,215.535,193.633,244.654,182.184,215.037,186.664,666.266,1013.21
221,332,52.5148,86.1143,103.785,213.543,283.729,194.628,195.375,245.65,179.695,751.384,1205.6
222,332,63.4657,57.7414,113.243,277.756,275.267,202.841,260.583,280.494,203.09,659.297,1785.75
223,332,58.9858,77.6522,138.131,281.738,241.17,197.864,230.468,220.263,231.463,787.224,1967.93
224,332,71.1812,77.6522,163.02,277.756,202.841,208.068,205.33,235.445,251.623,923.364,1876.84
225,332,78.6477,78.8966,175.464,302.644,214.29,231.463,182.184,331.515,324.795,768.806,2184.96
226,332,64.4613,78.8966,162.024,268.298,205.081,209.064,240.423,554.765,562.48,702.105,2538.13
227,332,75.4122,87.1098,157.793,202.095,239.179,175.464,286.467,614.995,568.454,781.002,2433.6
228,332,84.1232,91.3409,163.02,185.419,278.502,146.842,195.375,395.727,442.518,1058.51,2039.61
229,332,99.3052,87.1098,183.926,233.205,302.147,128.425,153.313,265.063,401.95,1392.01,1707.1
230,332,89.5987,84.1232,181.686,224.743,280.494,171.233,198.361,386.519,374.572,1514.96,1545.33
231,332,80.8877,86.1143,138.131,221.757,244.405,237.685,209.312,473.131,352.172,1378.82,1524.92
232,332,65.7057,79.8921,162.024,267.303,197.615,183.428,167.251,399.71,330.022,985.834,1690.68
233,332,67.6968,88.1053,147.589,317.08,201.846,139.625,149.331,317.08,298.413,544.561,1646.62
234,332,53.7592,79.8921,157.793,298.413,232.957,172.229,162.273,241.667,294.431,293.684,1199.38
235,332,51.5192,88.1053,164.264,243.41,198.859,196.868,151.322,198.859,317.826,213.792,536.348
217,333,61.2257,78.8966,80.141,84.8698,91.092,118.22,173.224,330.519,153.313,191.393,557.752
218,333,56.9947,56.7458,106.025,97.3141,123.198,159.038,167.251,264.067,197.864,342.964,582.391
219,333,62.4702,90.3453,109.012,115.98,202.841,129.42,125.189,186.664,246.645,395.976,648.844
220,333,53.7592,69.439,80.141,193.882,241.17,153.811,136.14,247.89,199.855,277.258,1120.73
221,333,45.0482,62.9679,108.016,227.979,208.068,179.446,140.122,214.041,256.849,426.838,1173.74
222,333,52.5148,52.5148,111.252,209.312,244.405,141.616,131.162,173.224,283.231,664.274,965.177
223,333,47.0393,79.8921,117.474,212.548,257.845,149.829,127.18,169.242,195.873,664.274,1173.74
224,333,90.5942,74.6655,112.247,220.761,286.716,153.811,175.215,190.646,195.873,628.435,1326.31
225,333,81.8832,60.9769,142.362,252.867,302.147,187.659,189.402,200.85,132.905,677.714,1213.81
226,333,71.1812,71.43,143.358,324.297,283.729,228.477,183.428,220.263,165.509,774.779,1133.92
227,333,56.9947,64.2124,159.038,287.96,214.29,201.846,144.105,286.467,240.672,683.688,1176.98
228,333,77.6522,84.1232,148.584,228.974,155.304,174.22,145.1,287.462,262.823,562.978,1331.54
229,333,91.8386,97.563,157.793,178.202,140.869,141.616,162.273,225.241,214.041,421.611,1417.4
230,333,73.1722,85.1187,150.576,188.655,155.304,191.642,224.494,307.871,254.858,380.794,1441.05
231,333,54.7547,75.6611,136.14,229.97,212.299,242.663,291.693,470.144,349.186,329.524,1284.5
232,333,66.7012,95.5719,129.918,242.414,235.943,226.237,255.605,455.958,411.158,274.271,990.563
233,333,55.7503,94.5764,125.687,276.76,294.929,165.26,211.303,376.314,429.327,238.432,609.022
234,333,60.2302,67.199,118.469,287.96,302.147,150.824,187.411,291.693,360.386,196.37,326.537
238,333,45.0482,75.6611,109.012,133.651,110.754,190.646,200.353,321.311,261.827,276.263,513.699
218,334,60.2302,84.1232,89.3498,88.1053,111.749,183.428,215.286,273.276,161.278,148.336,574.178
219,334,52.5148,57.7414,91.3409,126.434,124.194,197.864,160.282,228.477,188.655,236.441,519.921
220,334,64.4613,56.7458,76.9055,115.98,180.193,131.411,144.105,202.841,242.663,283.48,518.926
221,334,54.7547,67.199,77.9011,155.553,206.077,156.051,165.26,231.463,229.472,263.072,861.64
222,334,71.1812,60.9769,98.8074,177.206,196.619,170.237,141.118,265.063,256.849,244.654,1128.69
223,334,75.4122,52.5148,110.256,201.099,198.859,134.647,127.18,250.876,227.481,438.038,1093.1
224,334,73.1722,88.1053,110.256,226.983,209.064,128.425,128.176,202.841,186.664,590.604,922.119
225,334,64.4613,69.439,136.14,178.202,203.837,148.833,148.087,181.437,160.282,505.735,880.058
226,334,54.7547,69.439,130.914,180.193,244.405,160.033,162.273,222.254,151.073,394.981,972.145
227,334,65.7057,75.6611,105.03,181.437,251.623,155.055,176.211,231.463,177.704,338.733,982.35
228,334,67.6968,71.43,119.465,177.206,234.948,167.251,176.211,233.454,230.468,340.724,908.68
229,334,79.6432,76.6566,122.7,177.206,184.175,148.833,146.096,239.676,239.428,333.755,888.271
230,334,78.6477,93.5808,109.012,139.873,157.295,139.625,146.096,188.655,218.272,337.737,860.645
231,334,67.6968,73.4211,98.8074,130.665,184.175,145.847,187.411,189.65,199.855,323.302,747.153
232,334,51.5192,70.4345,88.3542,120.212,169.74,159.038,185.419,237.685,196.868,293.684,593.591
222,335,57.9902,77.6522,87.3587,141.865,167.749,149.829,161.278,178.451,247.641,288.707,530.125
223,335,71.1812,78.8966,80.141,130.665,186.415,142.611,156.3,172.229,245.65,218.023,864.876
224,335,52.5148,74.6655,101.794,166.753,199.855,111.003,148.087,171.233,202.095,203.588,1043.82
225,335,53.7592,60.9769,111.252,160.531,184.175,121.207,127.18,175.464,197.864,235.445,879.062
226,335,68.9412,66.2035,136.14,191.642,171.731,167.251,144.105,172.229,215.286,203.588,636.648
227,335,71.1812,70.4345,120.46,202.095,156.3,164.015,167.251,216.281,213.046,194.379,553.521
228,335,83.1276,67.199,94.5764,165.758,152.069,157.047,150.327,236.441,257.845,256.849,546.552
229,335,83.1276,65.2079,89.3498,148.087,149.082,114.238,133.154,265.063,264.814,238.432,547.547
230,335,66.7012,93.5808,96.5674,149.331,139.873,106.025,128.176,256.849,263.818,197.615,520.917
224,336,58.9858,82.8788,105.03,165.758,128.425,201.846,151.322,172.229,222.254,169.989,454.464
225,336,56.9947,84.1232,100.798,151.322,147.091,153.811,141.118,149.829,240.672,164.762,453.22
