226,391,80.8877,202.593,368.848,248.636,261.827,268.049,182.184,230.468,342.217,302.893,395.976
229,391,92.8342,113.492,174.468,173.971,241.17,159.038,207.321,280.494,673.234,481.095,375.568
231,391,133.154,248.636,348.937,153.313,132.407,531.37,583.387,765.82,431.567,478.108,605.786
216,392,124.443,228.725,507.975,325.293,288.707,192.637,222.503,168.246,155.304,200.601,199.606
225,392,228.725,163.766,237.934,375.07,330.271,278.254,259.587,524.152,656.808,339.728,293.684
228,392,248.387,243.41,432.065,183.428,176.957,226.237,189.402,223.25,380.794,530.125,552.525
229,392,102.541,192.139,368.848,172.975,180.193,218.272,245.401,262.076,383.781,758.353,639.635
231,392,261.329,243.41,377.061,302.644,262.823,770.051,917.391,1284,842.725,340.724,437.042
232,392,140.62,287.462,396.723,127.429,146.096,571.191,525.148,1105.55,555.263,311.106,577.165
220,393,280.991,927.097,1412.42,254.858,292.938,640.381,373.825,225.241,282.236,244.654,222.006
224,393,607.031,1096.09,1250.4,388.51,402.696,342.715,365.861,471.14,718.78,441.024,362.128
225,393,252.618,534.854,865.125,287.96,296.173,660.79,727.74,748.647,625.448,550.783,426.838
227,393,405.932,143.856,282.485,205.081,169.74,1201.37,524.152,383.532,1161.55,347.941,390.003
228,393,444.011,243.41,334.502,285.969,234.948,727.242,499.264,646.604,1304.9,485.077,547.547
229,393,159.038,543.316,680.203,267.303,254.61,594.587,475.122,917.888,709.82,450.233,599.564
230,393,176.46,354.661,717.785,418.625,286.716,384.528,468.153,554.765,743.171,596.827,431.816
231,393,404.936,140.62,368.848,384.528,345.701,884.289,1102.81,1314.61,2167.04,600.809,293.684
232,393,478.855,200.353,147.589,180.193,169.74,1313.62,1142.88,2079.68,2186.21,367.354,358.146
236,393,108.016,114.487,241.916,96.3186,77.6522,377.31,263.569,525.148,578.658,400.207,417.629
237,393,101.545,70.4345,154.807,79.8921,70.4345,175.464,189.402,242.663,474.126,520.917,473.877
219,394,381.043,616.737,843.472,1103.56,775.277,370.092,272.529,227.481,210.059,227.232,247.641
220,394,537.592,960.697,1424.87,531.619,454.464,669.999,532.365,335.497,460.935,316.333,212.797
222,394,391.745,777.268,1309.63,360.635,424.349,850.441,758.851,415.14,322.804,426.838,529.13
224,394,898.475,378.803,569.2,1368.62,1471.91,623.208,457.949,375.319,603.049,569.2,457.451
227,394,242.912,526.641,1149.85,251.872,196.619,1898,1407.69,899.471,1830.8,1546.57,659.048
228,394,358.146,177.455,562.978,607.28,424.349,2473.17,2328.07,2364.16,2525.44,1254.88,475.868
230,394,547.298,608.275,922.368,352.172,340.475,1104.55,787.97,1609.54,1019.43,1009.23,870.849
231,394,264.565,649.341,965.923,141.865,146.096,734.211,1009.48,1102.56,3468.71,1954.99,918.884
232,394,506.979,276.014,641.875,112.994,105.527,2231.5,2171.77,2933.36,4300.49,1521.19,603.795
234,394,271.036,293.684,255.605,101.545,103.536,539.583,438.038,650.586,1401.22,1192.41,796.184
235,394,183.179,106.025,228.477,181.437,136.638,681.199,894.244,1302.42,2053.3,1182.2,682.692
236,394,183.179,150.078,181.686,150.327,131.411,766.815,644.613,1142.38,1385.05,819.828,735.705
237,394,145.1,98.8074,142.362,90.0964,95.323,251.872,243.41,417.132,808.13,746.158,778.762
238,394,99.3052,75.6611,100.798,105.776,97.3141,232.459,238.432,358.892,606.035,705.341,725.5
219,395,347.195,416.385,479.851,1378.08,1141.64,302.893,312.6,220.263,294.431,278.502,237.436
226,395,938.795,1285.74,1381.31,1168.76,850.938,1046.31,1450.75,1330.04,800.166,1356.18,1228
227,395,293.933,715.296,1060.5,808.13,809.375,1784.76,2410.45,2130.71,1236.71,2825.1,2124.73
228,395,323.302,309.613,794.441,503.495,405.683,3126,3608.59,3655.63,2371.13,2166.05,1212.82
229,395,1055.02,155.304,440.527,1018.44,908.929,3793.01,3509.53,4543.9,2347.73,1013.46,876.076
230,395,1617.26,560.24,346.946,719.029,588.862,2749.68,1671.26,2570.24,927.097,1751.4,2131.7
231,395,502.748,1540.6,765.571,550.285,438.785,797.428,889.267,976.128,2565.01,3951.3,2515.48
232,395,279.747,601.058,789.464,187.659,210.059,1799.19,2647.14,3110.82,4048.61,3673.79,1618
234,395,481.095,346.199,290.947,154.309,105.527,954.475,752.878,1096.34,1779.03,1796.45,1515.71
235,395,287.462,164.762,175.464,158.54,146.096,891.258,1236.21,1839.01,3142.92,2302.19,1659.07
236,395,225.49,162.771,165.26,151.322,163.518,953.479,952.483,1842.99,2539.62,1578.43,1304.9
237,395,142.86,207.819,122.7,96.3186,104.532,374.323,374.821,762.833,1354.43,1002.01,1048.06
238,395,104.781,85.1187,77.9011,108.763,101.545,326.288,306.627,540.579,873.089,842.476,910.92
239,395,109.012,152.069,154.807,112.994,99.3052,181.437,174.22,353.915,616.24,760.593,753.126
225,396,880.058,538.09,383.283,1146.86,839.49,582.391,688.665,769.055,1563.75,832.272,916.893
226,396,1085.64,1285.74,1938.07,1378.08,1497.79,393.736,862.138,1692.17,2050.07,1093.1,1804.17
227,396,609.271,571.689,1234.97,1421.63,1571.21,816.841,1286.24,1573.7,1008.23,1549.81,2145.14
228,396,411.407,162.771,682.443,553.272,517.681,1282.01,2012.24,2445.79,2968.2,1563,1002.01
229,396,347.195,316.831,1024.16,274.52,303.391,2529.42,2958,4195.21,4941.12,851.685,1018.19
230,396,760.344,403.941,1254.63,349.186,256.849,4615.08,3156.36,4079.97,3024.95,1186.44,2910.71
231,396,741.927,899.969,687.67,638.142,593.093,2755.66,1422.63,2113.28,2112.04,3648.16,3973.95
232,396,541.823,754.122,313.595,241.419,338.484,1189.17,1930.1,2477.4,2841.27,3880.62,2782.78
233,396,249.383,416.385,267.054,180.193,141.865,1735.73,2055.54,3056.81,1922.14,1791.23,1381.56
234,396,237.436,443.762,325.044,313.844,306.378,1054.53,1186.93,1635.92,2130.46,2130.21,2138.92
235,396,169.989,652.328,219.268,187.659,209.064,1244.18,1495.8,2325.58,3602.86,3225.55,2747.94
236,396,135.145,221.508,126.683,102.541,149.082,822.068,915.4,1793.96,2954.02,2521.21,2088.89
237,396,85.1187,344.208,259.587,114.985,124.194,388.51,529.13,847.454,1790.23,1537.36,1298.68
238,396,104.781,136.389,114.238,88.1053,89.1009,471.14,471.14,780.255,1251.89,1080.91,1068.46
239,396,93.8297,208.815,189.153,69.439,98.3096,237.685,239.428,471.14,880.307,974.385,1008.98
240,396,85.1187,121.705,169.242,104.781,98.3096,152.815,158.291,293.684,553.272,791.206,698.87
221,397,523.405,234.948,259.587,167.997,166.753,223.25,296.671,537.343,472.135,494.286,681.448
222,397,803.899,172.229,165.26,250.876,253.614,248.885,203.339,456.953,1540.35,450.233,343.71
223,397,1049.55,629.431,319.817,337.737,285.72,322.306,223.499,324.297,770.548,721.518,1000.77
224,397,324.297,746.904,811.117,669.252,668.754,261.081,355.657,282.485,1234.72,1782.02,1645.63
225,397,1670.52,700.612,579.654,1775.8,1469.92,617.982,710.816,924.111,3441.33,1954.99,1106.29
226,397,2033.64,1972.66,3108.58,798.921,664.523,423.105,498.268,1703.37,3331.58,1197.64,786.975
227,397,776.771,1207.09,2573.72,1389.28,1448.01,1891.78,1647.37,966.919,1847.97,1318.34,1270.06
228,397,835.507,311.604,872.342,1163.54,1049.55,2940.33,2962.98,4564.3,7941.93,3383.1,1288.48
229,397,635.404,709.074,1080.16,1017.44,757.606,2873.13,3710.88,5871.95,9484.52,3608.34,934.315
230,397,351.675,1039.34,1932.84,726.247,612.755,7464.81,6012.32,6143.23,4271.12,1984.86,1709.09
231,397,623.457,349.435,688.665,252.867,273.276,6092.96,3667.82,4208.4,1511.98,1943.79,2859.44
232,397,562.48,507.726,293.933,205.081,209.064,2119.26,1609.29,2156.09,1556.53,2129.21,2207.61
233,397,220.014,837.996,338.733,161.775,141.865,1193.16,1403.71,2357.19,1840.01,1254.88,1239.45
234,397,161.278,431.069,390.501,224.743,335.497,1186.19,1472.9,2131.7,2697.92,2183.47,2339.52
235,397,168.993,1066.72,751.882,188.655,271.285,1416.65,1432.83,2482.63,3339.79,3577.48,3338.55
236,397,108.016,501.504,221.259,131.66,107.767,550.783,642.621,1296.44,2433.1,3031.92,2575.96
237,397,135.145,461.682,401.95,105.776,113.989,440.527,574.427,797.677,1825.82,1951.01,1588.39
238,397,92.8342,266.556,206.824,119.216,107.767,562.978,525.148,924.111,1644.88,1529.15,1273.05
239,397,137.385,210.806,162.024,86.1143,84.8698,236.441,254.61,535.352,1032.62,1184.2,1242.43
240,397,80.8877,138.629,175.464,98.5585,83.8743,182.433,176.211,322.306,530.872,816.841,874.085
220,398,445.007,170.984,299.16,196.868,200.85,142.611,221.508,420.118,586.871,272.28,550.534
221,398,579.902,326.288,435.3,167.997,157.295,196.868,184.424,319.071,498.517,721.518,712.309
222,398,1493.31,689.163,470.642,235.196,227.73,307.871,239.428,273.276,1811.64,1399.23,805.392
223,398,598.32,477.362,456.953,700.363,553.769,447.744,366.857,368.101,701.607,1046.06,2225.03
224,398,253.614,910.422,515.192,601.058,575.422,315.089,342.715,670.994,1705.86,2769.84,3074.48
225,398,613.751,486.819,920.128,3210.87,2428.37,729.233,1147.86,1241.19,3805.95,3924.67,1863.65
226,398,623.457,546.552,1267.07,2504.28,1853.95,1663.55,1666.29,2848.74,3440.34,2764.87,2127.72
227,398,744.167,423.851,816.343,945.017,826.05,3434.12,3771.11,3169.05,3188.47,3511.02,4658.63
228,398,467.904,549.538,849.694,1318.84,1307.39,4443.84,4662.61,6830.9,9300.59,9129.85,6068.07
229,398,303.64,283.231,873.587,1520.94,1745.18,3062.78,3566.52,5178.3,6090.72,8480.76,3823.62
230,398,458.198,800.415,1856.93,1418.4,1572.21,5340.33,4928.42,4445.09,1704.86,3122.02,1342.74
234,398,210.308,818.085,317.826,238.432,221.508,987.327,1411.68,2177.5,3225.05,2366.65,2313.89
235,398,163.518,1004.75,758.104,194.877,223.499,1034.12,1061.74,2089.89,2568.99,3233.52,3231.03
236,398,123.198,804.397,239.925,295.427,242.165,354.91,436.047,856.663,1605.31,2594.88,2533.9
237,398,290.698,564.223,354.164,113.989,110.754,523.157,676.719,884.289,1855.19,2062.51,1946.53
238,398,145.1,312.6,185.917,171.98,148.087,546.552,530.374,955.719,1730.25,2001.29,1709.09
239,398,207.072,207.819,143.358,121.207,139.873,252.867,255.605,504.739,900.715,1347.96,1482.86
240,398,102.541,135.394,149.58,121.207,96.3186,243.659,229.472,350.679,460.935,836.254,1015.2
241,398,98.3096,95.5719,136.14,130.665,111.749,201.846,172.229,280.494,374.572,400.207,513.699
220,399,396.225,216.281,261.827,381.292,434.802,182.433,238.432,463.922,1005.25,510.712,707.083
221,399,1278.03,317.826,228.477,534.605,549.538,147.838,172.229,293.684,534.108,1051.29,1237.21
222,399,1294.2,1548.07,866.12,506.73,389.256,266.058,321.56,305.88,1499.78,2287.75,1632.44
223,399,444.011,840.236,1231.73,471.388,425.345,643.617,988.572,1061.74,1129.19,825.054,2027.42
224,399,254.858,832.77,663.777,925.355,766.068,927.097,736.7,1753.4,1728.26,3021.71,3797.99
225,399,1111.52,1033.12,2701.4,2598.36,2752.17,949.497,1602.07,1284,2304.93,4460.02,3316.89
226,399,2071.72,418.625,960.697,1928.11,2309.16,3283.04,3511.52,4035.92,3265.62,2700.4,3376.38
227,399,1178.97,1032.13,302.395,865.125,947.008,3537.16,3459.25,4582.72,2037.87,3889.83,6561.36
228,399,634.408,712.309,494.286,873.338,1140.64,2252.91,2348.23,3709.63,2736.74,9367.29,9028.81
229,399,811.614,843.223,1065.73,806.139,1071.45,1358.42,1254.13,1528.9,1230.74,5229.82,5007.57
230,399,1025.66,821.321,2548.58,1424.62,1818.6,2552.82,2127.72,1316.85,2633.95,1183.2,982.35
234,399,497.273,1445.28,244.156,469.397,402.696,728.238,1070.7,1643.14,2651.37,2757.65,2134.94
235,399,128.674,854.92,281.489,249.632,245.401,806.637,880.307,1803.17,2017.71,2486.36,2568.74
236,399,115.732,749.891,138.131,418.625,412.9,423.105,488.064,920.875,1405.21,1950.02,2179.99
237,399,220.014,493.041,184.922,132.656,118.967,500.757,695.634,1075.93,1950.51,2447.54,2287.25
238,399,115.732,296.92,110.256,201.099,181.188,449.735,490.055,914.902,1464.19,2329.81,2343.75
239,399,176.46,151.073,100.798,159.535,162.522,286.467,305.631,433.309,704.594,1273.3,1641.65
240,399,109.012,114.487,97.563,145.1,125.189,328.28,393.985,491.548,662.035,750.389,1028.39
241,399,102.541,80.8877,101.794,157.544,154.309,277.258,267.552,449.735,566.463,457.451,492.295
219,400,391.745,151.073,177.704,165.758,168.744,268.049,283.48,380.297,410.163,876.076,865.871
220,400,613.751,452.224,277.258,257.098,376.812,169.242,256.601,406.927,1202.12,1083.89,882.049
221,400,615.742,759.349,484.082,538.836,634.408,214.041,269.543,443.513,691.403,1054.28,1869.87
222,400,479.851,752.131,966.919,1602.82,1391.27,581.396,513.201,571.191,1447.02,2337.03,2419.41
223,400,746.407,633.662,1036.61,609.271,418.127,637.395,1000.52,1371.85,2332.55,984.59,1243.43
224,400,629.928,305.382,646.106,2279.29,1688.19,1401.22,1483.85,2689.7,2681.74,2244.7,3469.46
225,400,632.168,583.138,2455.25,1612.03,1711.09,1592.12,1500.03,2149.12,1382.06,2733.01,3105.09
226,400,833.267,664.026,1089.62,536.596,837.499,2618.02,2986.87,2964.97,2872.63,1902.98,1766.34
227,400,1023.66,968.163,479.851,582.391,724.505,3345.27,3337.05,4518.51,2537.63,1539.6,3342.53
228,400,980.11,637.644,589.858,1094.1,815.597,2293.73,2383.32,3849.26,1431.84,2799.71,4616.82
229,400,532.116,1536.62,1759.37,2114.53,1578.43,2674.27,2716.33,3215.85,2451.27,1307.14,1706.11
230,400,405.932,648.346,1410.43,1439.05,1808.4,5715.65,5479.7,4472.47,3889.08,4213.38,2515.48
231,400,902.955,411.158,546.303,735.705,1193.4,7252.51,7250.77,7993.69,5173.82,4558.33,3455.02
232,400,1034.37,338.982,431.069,444.509,516.437,3930.64,3951.55,6848.07,4341.05,3076.97,2082.67
234,400,324.297,1005.74,275.267,318.075,381.043,971.897,1315.36,1922.64,2382.33,2445.55,1762.36
235,400,226.485,630.426,323.053,212.548,240.174,1125.96,1178.97,2166.3,2134.44,1974.65,1692.67
236,400,225.49,470.891,134.149,311.853,400.705,593.591,607.529,1072.94,1524.17,1985.85,2012.98
237,400,121.207,390.252,215.037,120.212,124.194,395.727,545.307,1057.76,1614.52,2756.65,2935.1
238,400,104.781,229.721,109.012,193.882,210.059,339.479,400.954,736.451,969.657,2035.88,2544.35
239,400,152.567,139.625,101.794,124.443,126.185,331.515,383.781,454.962,768.557,999.025,1467.68
240,400,108.016,132.158,100.798,176.211,142.86,444.509,523.157,805.641,1033.62,831.028,984.59
241,400,124.443,68.1945,100.798,173.971,177.953,323.302,313.595,618.977,698.621,625.448,593.591
218,401,285.222,273.774,154.807,165.758,162.522,196.868,245.401,252.867,362.377,466.66,785.979
219,401,363.621,345.204,274.271,186.415,174.966,239.676,224.494,352.919,346.199,839.241,1308.89
220,401,598.32,411.158,421.611,509.717,538.339,219.268,222.503,310.111,1021.42,1486.34,1301.67
221,401,616.986,652.328,466.411,669.252,563.227,283.48,479.104,643.617,992.056,984.59,1693.66
222,401,408.172,475.122,875.578,1364.64,1413.92,966.919,1019.68,1199.38,1560.76,2003.28,2404.98
223,401,263.569,317.826,398.963,858.903,724.505,899.471,717.785,1334.02,2397.51,1763.6,1099.08
224,401,638.639,362.875,828.788,3386.83,3046.35,989.318,1952.26,2275.56,3041.38,2108.56,2376.36
225,401,357.15,393.487,892.253,1822.59,2096.11,3089.16,3442.33,4893.83,2092.88,1242.68,1700.88
227,401,1176.98,331.515,798.672,468.402,478.108,3137.2,3275.83,3795.25,2692.94,1003.01,710.318
228,401,1325.81,457.451,526.641,2226.53,2316.62,2449.78,2916.69,4082.96,3228.04,926.351,836.005
229,401,1435.57,1040.34,999.274,3291.51,3900.28,2535.39,2908.72,3696.44,2719.32,2365.65,2069.48
230,401,551.778,2494.08,1866.39,1876.35,2354.7,3088.17,3524.46,3754.43,1750.66,4379.13,6034.22
231,401,698.372,1016.45,975.381,896.235,772.291,3226.05,3354.97,3836.07,1850.21,3605.1,4982.18
232,401,444.011,640.879,634.657,595.831,659.297,2852.72,2370.38,2968.2,1578.93,2283.77,1993.57
233,401,601.555,748.895,379.052,560.489,660.292,1851.21,1905.96,3256.66,2518.22,957.959,1150.35
234,401,403.692,704.843,950.244,255.854,243.161,1316.6,1743.69,3618.79,3944.08,1913.18,1293.71
235,401,238.432,872.591,588.862,205.081,227.73,1031.13,1108.78,2040.86,2065.5,1956.24,1412.42
236,401,235.196,280.245,214.041,192.637,236.939,540.579,511.21,899.471,1159.56,1950.02,2220.8
237,401,158.042,326.288,385.274,154.309,154.309,345.701,465.166,998.527,1226.51,2048.32,2973.18
238,401,137.385,182.682,127.678,152.318,190.397,317.08,349.684,647.599,760.593,1214.06,1987.6
239,401,151.571,143.856,147.589,92.3364,104.532,341.719,470.144,593.591,1052.04,906.937,1217.8
240,401,157.047,108.265,111.252,144.105,142.86,505.735,597.324,957.71,1231.73,1077.92,1077.67
241,401,121.207,77.6522,113.243,100.55,131.411,289.702,279.498,636.399,624.453,750.389,757.358
217,402,262.325,132.158,134.149,109.758,118.967,184.424,188.406,210.059,295.427,273.276,646.853
218,402,284.227,198.361,175.464,192.637,213.295,211.055,232.459,253.863,503.495,595.831,910.92
219,402,450.482,350.43,283.48,482.837,364.368,307.871,392.99,532.365,693.394,651.084,1181.96
220,402,269.045,585.378,601.307,466.162,567.209,428.331,333.755,544.561,930.084,1399.23,1579.18
221,402,293.933,212.05,232.708,920.128,803.152,313.098,510.215,848.449,1389.03,1083.89,1136.91
222,402,444.011,689.163,1049.05,532.614,581.645,839.241,1449.76,1758.37,1975.9,1698.14,1724.53
223,402,298.413,233.952,573.431,695.136,632.417,1703.12,1389.53,2411.2,2343.5,1929.61,1440.05
224,402,307.124,339.977,545.307,1573.7,1656.08,950.492,1239.2,1525.91,1933.34,2107.56,1578.18
225,402,756.113,649.341,1288.98,1157.32,1066.22,2417.17,4286.55,4416.47,2899.01,921.124,594.587
228,402,696.381,704.843,629.431,904.449,1083.65,1467.68,1300.42,2338.77,2438.08,2388.05,1396
229,402,571.191,2459.48,2026.17,1051.54,1251.39,1400.23,1770.57,2329.57,3384.59,2292.98,2167.54
230,402,802.903,1925.62,3612.07,1341.74,1229.74,3556.32,4490.14,4589.94,3115.3,1155.57,2548.34
231,402,958.208,1029.89,1901.73,1332.53,1260.85,6160.41,6648.97,7885.43,3077.71,1385.05,1423.62
233,402,810.37,594.836,692.896,1102.31,787.722,1937.82,2334.29,5778.12,5549.39,1614.27,523.903
234,402,299.409,1200.87,842.227,510.712,451.229,759.846,1080.66,2738.48,3292,2733.01,1225.01
235,402,204.832,514.943,297.169,269.294,246.396,658.799,651.581,1057.76,1122.97,1778.04,1419.39
236,402,175.464,350.43,467.406,369.843,264.067,616.986,611.511,1217.8,1551.55,1349.21,1913.68
237,402,173.224,326.288,367.603,173.971,193.633,559.743,636.648,1445.28,1440.8,1281.51,1954.74
238,402,198.361,136.389,136.14,135.642,139.873,341.719,326.786,754.62,946.261,872.094,1230.24
239,402,184.175,158.54,223.25,127.429,101.545,281.489,444.011,606.782,1276.28,1227.25,1228.99
240,402,150.327,73.4211,113.243,112.994,124.194,387.514,474.126,815.846,1085.39,1264.09,1233.23
241,402,126.434,89.3498,92.5853,100.55,97.3141,222.254,246.396,442.518,469.149,746.158,897.48
242,402,89.5987,72.4256,109.012,136.887,107.767,239.676,238.432,268.298,471.14,593.591,567.956
217,403,201.597,144.851,103.785,147.091,130.416,172.229,187.411,240.672,530.872,368.35,613.004
218,403,284.227,301.151,290.947,190.646,258.841,263.072,179.197,302.893,674.23,728.736,982.35
219,403,212.299,145.847,154.807,630.924,616.986,224.246,454.962,564.969,1174.74,820.823,907.684
220,403,199.357,292.689,395.727,283.978,307.373,487.566,604.542,1047.56,1547.57,1096.34,1524.92
221,403,166.753,157.544,274.271,848.449,725.5,401.701,614.497,1197.39,1827.81,1404.46,1137.9
222,403,242.912,270.787,335.497,391.745,376.812,594.587,1166.03,2108.31,2336.53,1954,1145.12
223,403,174.468,213.046,664.772,539.832,489.557,1484.85,2188.7,2742.71,3072.74,1749.41,1032.62
224,403,274.271,215.037,483.086,1736.47,1728.51,2373.37,1993.32,3432.13,3148.89,1264.09,1070.46
225,403,657.057,327.284,683.439,2259.63,1998.8,1714.32,2610.06,3487.38,2866.66,1385.05,500.508
226,403,616.986,638.888,759.349,900.466,840.485,2844.51,4277.59,5571.05,4366.44,1162.79,309.115
227,403,254.858,1000.52,1063.49,574.925,663.528,3132.22,3741.99,5645.46,4118.8,1262.1,803.401
228,403,272.28,547.547,1583.91,1804.92,1446.02,2587.41,2639.92,3938.11,2650.38,2532.41,2369.14
229,403,630.924,712.309,1352.19,3572.25,2718.07,2315.13,2237.98,2860.93,2366.9,2929.63,2106.32
230,403,656.061,1160.05,827.792,2215.08,2122.99,2465.21,3260.64,3227.29,2654.36,1567.23,759.349
231,403,459.193,1560.51,1027.15,765.571,1061,2108.06,3418.19,4576.75,3393.55,1404.46,1312.12
232,403,546.303,570.694,1304.41,856.912,658.301,1161.55,1782.76,3781.06,4246.73,2672.78,1925.13
233,403,424.349,542.321,1502.77,952.235,863.383,685.43,908.182,2116.52,3524.71,3680.02,1553.54
234,403,377.808,532.863,429.078,326.288,424.349,1071.95,973.39,1490.08,1911.94,2506.77,1500.28
235,403,273.276,379.799,321.062,388.51,251.623,1193.16,1142.88,1915.42,2627.98,1092.11,1056.27
236,403,168.993,404.936,411.407,352.172,350.928,1029.14,1270.31,2420.41,3213.85,1486.34,1268.07
237,403,177.704,187.908,209.81,124.443,150.078,697.625,804.895,1808.4,1762.85,1353.19,1249.65
238,403,205.828,109.261,213.046,192.637,143.856,247.641,286.467,596.578,856.912,1082.9,1130.93
239,403,153.811,112.247,153.811,130.665,164.513,276.263,327.782,511.957,1061,1407.45,1422.63
240,403,158.042,68.1945,98.8074,99.5541,109.758,326.288,383.781,611.013,787.97,1151.59,1221.03
241,403,129.669,69.439,92.5853,122.203,101.545,163.02,194.379,335.497,443.762,627.439,867.863
242,403,75.4122,64.2124,76.9055,143.109,139.873,225.241,254.61,284.476,548.294,689.91,679.456
216,404,175.464,106.025,110.256,121.207,116.976,176.46,166.255,240.672,371.586,508.721,589.36
217,404,186.415,137.385,127.678,196.868,177.953,159.038,202.344,244.654,730.976,644.861,574.178
218,404,176.46,152.069,185.917,129.42,131.411,308.866,289.702,478.357,1096.59,781.997,1019.18
219,404,155.802,176.211,226.485,368.848,445.007,238.681,324.795,573.183,1207.34,1312.37,882.049
220,404,111.252,151.073,144.353,268.298,240.174,421.114,662.532,1086.13,2233.99,1260.11,1118.49
221,404,163.518,225.49,388.51,354.412,352.919,440.527,705.838,1227,2858.45,1433.08,1504.51
222,404,186.415,268.547,418.625,669.252,567.209,705.589,1028.64,2310.15,3169.3,2228.52,1651.85
223,404,134.149,178.451,264.814,718.034,565.218,646.604,1277.28,2117.51,2416.67,2799.71,1043.82
224,404,190.646,378.803,558.747,601.058,705.838,1722.53,2498.56,3120.02,3919.69,1987.85,614.995
225,404,462.429,667.012,599.315,732.469,1054.78,1801.18,2153.6,4048.37,4416.22,1599.83,863.631
226,404,429.825,943.026,669.003,1018.44,788.717,1277.78,1936.08,3432.13,3661.6,2757.65,1168.76
227,404,190.646,832.77,1089.62,1755.14,1213.07,1224.76,2060.52,3290.51,3313.41,2950.04,1496.3
228,404,326.537,1204.11,1311.87,1507.5,1512.23,1544.08,2344.25,3227.29,2734.5,2155.84,2089.89
229,404,255.854,925.106,1288.98,1333.53,1955.24,2522.2,2783.53,3456.77,2665.56,1707.35,1778.78
230,404,409.167,729.98,1244.18,811.366,1091.11,3125,2862.68,3894.31,2938.59,1266.08,815.597
231,404,482.091,849.694,1427.11,1095.09,558.996,2518.22,2256.89,3907.5,3031.17,1408.44,1235.22
232,404,451.727,825.552,1308.64,1501.28,1003.01,1630.7,1559.02,3169.05,3442.33,2550.82,2049.82
233,404,412.403,499.264,625.2,488.064,573.431,1163.54,1251.15,2319.36,3179.26,2739.23,2018.21
234,404,238.432,321.062,240.921,198.859,160.531,923.862,1134.92,1876.59,3438.35,1560.01,1147.11
235,404,169.989,227.73,173.473,392.741,331.266,732.22,1108.78,2048.08,3943.09,2171.03,922.119
236,404,130.914,154.309,137.136,187.659,258.841,609.769,917.391,1778.78,2757.9,2740.23,1481.86
237,404,142.86,108.265,205.579,164.762,99.3052,288.458,387.763,850.689,1085.39,1545.58,1304.9
238,404,149.331,150.078,240.921,221.757,188.406,230.468,288.707,377.31,767.562,1060.5,1304.9
239,404,185.171,110.256,113.243,112.994,123.198,391.496,436.047,684.434,936.057,1207.84,1309.88
240,404,141.865,65.2079,92.5853,93.3319,90.0964,309.862,321.56,609.769,689.412,838.245,932.324
241,404,79.6432,66.2035,92.5853,115.98,115.98,210.059,216.281,360.883,574.676,639.635,789.961
242,404,78.6477,79.8921,75.91,111.003,122.203,195.624,217.277,302.893,509.717,781.002,752.131
216,405,113.492,123.945,119.465,124.443,117.972,171.233,212.299,253.863,581.645,549.538,681.448
217,405,152.567,98.8074,117.474,169.989,177.953,209.064,192.388,332.511,781.748,943.772,818.583
218,405,134.149,97.563,101.794,178.202,181.188,208.068,283.48,421.114,1441.79,1049.3,1005.99
219,405,112.496,124.94,147.589,168.993,200.85,253.863,334.751,704.843,1565.74,1595.85,1250.65
220,405,130.914,133.402,156.798,461.184,369.594,290.698,563.227,977.123,2132.45,2276.55,1039.84
221,405,219.019,315.835,245.152,291.196,197.615,449.735,564.472,1099.57,2987.37,2162.81,1196.39
222,405,145.1,250.876,306.378,316.084,382.039,540.579,1024.66,1645.13,4101.38,2115.77,1806.41
223,405,187.411,133.402,265.809,684.932,865.374,823.063,1147.86,2514.24,3421.18,2353.21,2016.22
224,405,467.904,175.215,346.946,806.139,705.838,776.024,1279.27,2059.28,2763.12,3113.8,1337.51
225,405,868.111,412.154,510.961,548.045,395.479,1019.93,1457.72,2381.58,4288.29,2819.12,887.276
226,405,645.11,963.932,641.875,761.589,800.166,1064.73,1377.58,2472.43,4576.75,2403.48,1739.71
227,405,317.826,1034.12,953.479,1688.93,1803.17,1448.26,1913.93,2904.74,4214.12,2696.17,2186.95
228,405,266.805,536.099,1102.06,1509.49,1353.94,1782.76,2309.16,3688.23,3280.8,2230.51,1322.33
229,405,338.484,302.147,456.953,988.323,576.667,1871.37,2684.23,3775.84,2834.06,1929.61,630.426
230,405,284.227,536.099,576.418,1263.09,877.818,2067.24,3207.63,3965.74,3625.26,2007.26,554.765
231,405,335.248,871.596,870.351,1423.62,1329.05,1573.7,2208.86,3409.73,3727.8,2094.37,839.241
232,405,390.75,632.417,1064.48,812.361,1045.57,740.433,947.506,1921.64,3163.08,2310.4,1192.16
233,405,235.196,421.611,1017.94,204.086,259.836,456.953,461.184,945.515,2795.48,2220.3,1235.22
234,405,225.49,210.806,490.304,220.761,181.188,593.591,461.184,782.246,2946.8,2946.05,1161.55
235,405,191.642,182.682,160.033,224.743,290.947,592.596,465.166,794.441,2329.32,3996.35,2010.99
236,405,185.171,150.078,123.696,161.775,125.189,380.297,335.746,690.407,1213.32,2827.34,2146.14
237,405,169.989,97.563,140.371,200.104,147.091,305.88,329.773,554.765,813.357,1319.34,1431.84
238,405,153.811,98.8074,134.149,123.447,150.078,386.519,424.847,638.39,969.657,1051.29,1308.89
239,405,128.674,84.1232,91.3409,118.22,90.0964,318.075,365.861,623.208,847.703,1041.09,1033.62
240,405,101.545,87.1098,105.03,108.763,102.541,182.433,236.441,417.132,650.835,755.366,684.683
241,405,88.3542,79.8921,89.3498,92.3364,97.3141,190.646,190.397,336.493,593.84,757.358,814.601
242,405,87.3587,79.8921,83.1276,84.8698,85.8654,169.242,158.291,243.659,373.577,714.549,784.984
215,406,113.492,80.8877,113.243,117.225,125.189,190.646,185.419,238.681,372.581,587.618,627.439
216,406,145.1,97.563,100.798,127.429,111.749,169.242,178.202,206.077,572.685,888.52,763.331
217,406,114.487,76.6566,93.5808,114.985,113.989,189.65,264.565,366.11,926.102,1174.99,1110.28
218,406,141.865,104.034,101.794,157.544,182.184,177.455,203.339,339.479,1448.01,1540.6,1295.7
219,406,111.252,124.94,138.131,148.087,117.972,234.45,300.653,555.761,1841,1791.23,1659.07
220,406,158.042,190.895,155.802,166.753,206.077,231.463,450.98,811.863,2106.07,2693.19,1902.48
221,406,98.3096,179.446,245.152,301.649,302.147,472.135,675.723,1198.38,2258.38,3309.43,1828.81
222,406,110.256,179.446,198.361,286.965,257.845,402.696,523.157,935.31,2461.47,3671.8,1694.66
223,406,141.865,154.309,305.382,322.306,264.067,455.709,864.129,1420.89,3055.56,2730.02,1646.62
224,406,349.435,377.559,344.955,327.533,429.576,545.556,1005.5,1912.43,2601.6,2652.12,1994.57
225,406,392.99,860.147,382.288,573.929,534.108,653.572,1068.71,1958.23,2773.08,3847.76,1788.99
226,406,323.302,861.143,679.208,812.361,538.339,814.85,1233.23,2055.29,3384.59,3786.29,1548.31
227,406,219.019,796.184,788.219,694.141,575.422,1015.7,1684.45,2404.98,4204.91,3162.09,2015.22
228,406,158.042,591.6,419.62,489.059,675.972,1329.79,2035.38,3301.71,4676.3,2431.11,2210.6
229,406,188.406,376.563,310.609,508.721,671.741,1199.38,1634.18,3367.91,3789.77,2368.64,2111.29
230,406,236.441,267.552,723.011,498.268,652.079,599.564,885.284,2437.58,2718.32,3068.75,2152.36
231,406,281.987,523.405,1212.07,540.827,500.01,429.327,596.329,1740.95,2528.42,3107.83,1823.83
232,406,253.614,695.385,1132.18,577.165,338.484,760.842,803.899,1481.86,2506.02,2663.57,1340.74
233,406,219.019,312.6,597.324,437.291,270.289,1284.99,1057.76,1367.62,2080.68,2864.17,1353.94
234,406,247.143,180.442,238.93,217.526,216.281,1304.41,1011.47,1060.75,1674.5,3838.56,2332.3
235,406,224.494,135.394,110.256,108.763,127.429,762.833,753.873,958.706,1331.29,3446.56,3159.35
236,406,130.914,107.021,85.1187,167.997,144.851,432.314,568.454,978.119,1195.15,1891.53,2417.42
237,406,137.385,99.8029,140.371,175.215,171.731,332.511,404.936,813.854,1073.19,1152.59,1587.39
238,406,114.487,85.1187,152.815,98.5585,143.856,207.072,240.423,428.331,760.593,1091.11,1167.77
239,406,136.389,86.1143,91.3409,103.536,93.083,188.655,166.255,249.881,569.698,913.16,797.179
240,406,140.62,76.6566,83.1276,82.8788,106.523,217.277,193.384,290.698,544.312,871.098,816.592
241,406,83.1276,70.4345,89.3498,79.8921,80.8877,191.642,194.379,271.285,409.167,817.837,1015.2
242,406,55.7503,76.6566,92.5853,103.536,88.1053,169.242,155.304,224.246,233.454,488.313,731.722
214,407,67.6968,92.3364,107.021,95.323,112.745,157.047,153.313,232.459,305.631,426.838,606.782
215,407,100.55,89.3498,119.465,106.772,97.3141,144.851,176.211,217.277,456.953,632.666,988.572
216,407,87.3587,78.8966,84.1232,104.781,116.976,174.22,178.202,254.858,448.74,1185.44,1225.01
217,407,123.198,95.5719,83.1276,104.781,100.55,153.811,208.317,258.094,790.957,1507.75,1297.69
218,407,99.3052,92.3364,83.1276,103.536,117.972,180.442,224.494,332.511,1199.13,1794.46,1773.56
219,407,150.327,123.945,134.149,166.753,181.188,181.437,243.41,395.727,1470.41,2080.93,2086.65
220,407,92.8342,176.211,245.152,178.202,154.309,205.828,269.543,473.131,1556.53,2671.53,2506.27
221,407,87.3587,153.313,165.26,189.65,177.953,261.081,484.082,746.655,2017.71,2698.16,2689.45
222,407,153.811,113.492,95.5719,207.321,216.281,426.34,549.29,970.901,1895.76,2963.48,3182.99
223,407,215.783,115.483,160.033,172.975,228.725,356.901,437.042,820.077,1754.64,3256.16,2551.32
224,407,513.699,302.147,213.046,182.433,122.203,329.275,435.051,959.701,2012.49,2703.39,2148.13
225,407,770.3,465.664,299.16,272.529,213.295,323.302,759.846,1530.89,2695.92,3279.81,2674.27
226,407,623.457,416.385,265.809,472.384,564.223,651.581,1410.68,2540.62,3759.16,3950.06,2595.37
227,407,447.247,470.891,382.288,613.502,620.968,883.293,1445.77,2795.73,4004.06,3855.98,2164.55
228,407,234.201,424.847,217.028,356.404,297.169,777.019,1110.77,2336.78,4280.08,3266.37,1523.92
229,407,199.357,262.325,280.494,570.943,327.035,528.134,907.186,2094.87,4892.58,2117.76,1214.81
230,407,143.856,204.584,299.16,973.888,543.565,385.523,725.749,1774.8,4438.62,1604.06,1369.37
231,407,184.175,273.774,414.394,1051.54,759.846,344.706,663.528,1332.03,3251.44,2073.96,1528.9
232,407,279.747,395.479,651.332,786.477,677.963,471.14,603.546,946.51,1992.33,2749.43,1901.48
233,407,173.224,373.577,640.879,393.736,434.802,538.339,546.303,621.217,1372.85,2911.21,2556.55
234,407,124.443,152.069,328.28,157.544,182.184,340.475,453.967,644.613,1736.47,2575.46,3302.71
235,407,153.811,97.563,132.905,106.772,107.767,237.685,453.967,911.915,1844.99,1983.86,3061.04
236,407,225.49,158.54,148.584,118.22,135.642,235.445,360.883,799.668,1299.68,1553.79,2204.38
237,407,172.229,172.229,254.61,93.3319,130.416,174.22,193.384,372.332,638.639,1247.66,1472.65
238,407,130.914,104.034,163.02,94.3275,96.3186,255.854,231.463,271.285,477.113,928.342,975.381
239,407,143.856,80.8877,117.474,95.323,96.3186,434.305,367.852,398.714,516.686,836.254,890.262
240,407,74.4167,66.2035,118.469,79.8921,97.3141,371.088,287.711,438.536,397.967,869.107,1095.09
241,407,63.4657,76.6566,97.563,91.092,97.3141,179.446,182.184,263.072,239.428,634.657,1008.98
242,407,90.5942,65.2079,91.3409,72.6745,98.3096,163.02,169.242,204.832,221.259,271.285,535.103
214,408,71.1812,66.2035,91.3409,93.3319,93.083,157.047,164.264,227.481,275.018,508.721,701.109
215,408,86.3631,66.2035,78.8966,83.8743,86.8609,140.62,162.273,201.846,429.327,629.431,1162.54
216,408,114.487,78.8966,88.3542,94.3275,82.8788,157.047,164.264,237.685,500.508,962.19,1751.16
217,408,90.5942,73.4211,87.3587,87.1098,96.3186,138.629,168.246,252.867,516.686,1669.52,1684.45
218,408,135.145,98.8074,98.8074,121.207,118.967,168.246,191.393,290.698,763.58,1837.27,1865.64
219,408,104.781,91.3409,105.03,126.434,125.189,171.233,240.423,340.724,1118.99,1927.37,2434.84
220,408,89.5987,94.5764,114.238,129.42,153.313,237.685,270.538,429.327,1047.81,2350.22,2822.61
221,408,100.55,93.5808,100.798,133.651,136.638,220.263,240.423,430.322,982.847,2740.23,2298.7
222,408,162.522,88.1053,127.678,178.202,135.642,184.424,320.564,510.961,1413.42,2178.24,2193.18
223,408,273.276,132.158,167.251,160.531,120.212,263.072,424.847,660.79,2041.11,1852.7,2609.81
224,408,316.831,233.952,146.593,177.206,187.411,405.932,555.263,995.541,2957,1960.22,2674.27
225,408,225.49,270.787,143.358,347.195,269.045,375.319,469.149,1216.8,3365.18,2808.92,3021.22
226,408,170.984,206.824,267.054,283.978,192.637,285.471,679.705,1483.11,3851.5,3913.22,3293.5
227,408,278.751,372.332,377.061,156.549,201.846,343.71,814.103,1728.76,3843.53,4318.66,2854.46
228,408,296.173,367.106,239.925,146.096,183.179,358.892,545.307,1381.06,2937.59,4441.6,2348.73
229,408,174.468,157.544,199.357,253.863,318.822,277.258,351.675,875.08,2228.77,4623.79,1763.35
230,408,150.327,126.931,281.489,431.069,517.681,285.471,348.688,676.221,1812.63,4004.31,1529.9
231,408,168.993,150.078,390.501,529.379,568.205,377.31,349.684,651.581,1486.59,3075.97,2036.63
232,408,158.042,189.899,426.838,520.17,444.011,418.127,367.852,713.803,1687.69,2234.49,2707.87
233,408,111.252,176.211,360.386,294.182,261.827,451.727,362.875,720.025,2401.49,1664.3,2701.9
234,408,113.492,142.86,244.156,186.415,151.073,412.9,430.074,791.455,2451.27,1847.72,2310.9
235,408,169.989,88.1053,115.234,138.878,131.411,251.872,324.795,657.803,1438.81,2065.75,2108.31
236,408,122.203,131.162,117.474,132.656,98.3096,174.22,206.326,334.502,592.844,1662.3,1846.23
237,408,103.785,144.851,163.02,90.0964,85.8654,232.459,256.601,330.519,424.349,943.772,1335.52
238,408,103.785,95.5719,209.81,84.8698,93.083,448.74,426.091,537.343,554.267,670.497,973.141
239,408,72.1767,100.798,173.473,122.203,116.976,406.927,426.091,556.756,518.926,718.531,1055.02
240,408,72.1767,61.9724,139.127,117.225,134.647,233.454,223.499,360.883,353.168,601.804,1029.64
241,408,87.3587,88.1053,87.3587,80.8877,108.763,156.051,166.255,225.241,283.231,291.693,603.795
214,409,67.6968,72.4256,92.5853,103.536,104.532,148.833,170.237,206.077,215.286,516.934,688.665
215,409,58.9858,84.1232,87.3587,83.8743,80.8877,158.042,165.26,202.841,259.836,681.696,1040.84
216,409,96.0697,75.6611,71.6789,84.8698,76.6566,152.815,159.286,176.46,419.371,722.762,1736.72
217,409,96.0697,87.1098,106.025,114.985,90.0964,174.22,155.304,226.237,529.876,1119.73,2082.67
218,409,81.8832,79.8921,101.794,123.447,113.989,152.815,153.313,241.667,507.726,1575.44,1933.34
219,409,127.678,88.1053,99.8029,126.434,110.754,170.237,195.375,263.072,629.431,1618.25,2093.87
220,409,109.012,76.6566,86.3631,125.438,129.42,169.242,219.517,317.08,953.479,1362.4,2681.49
221,409,97.0652,94.5764,83.1276,151.322,130.416,213.046,253.614,394.732,985.834,1824.08,2919.92
222,409,117.723,73.4211,101.794,120.212,127.429,214.041,266.556,535.352,930.084,2394.28,2121.5
223,409,217.775,88.1053,168.246,134.647,120.212,174.22,234.45,549.787,1105.8,2642.91,1633.43
224,409,384.279,149.082,140.371,170.984,148.087,203.837,301.649,601.804,1866.39,2953.27,1936.33
225,409,385.274,151.073,139.127,243.41,242.165,286.467,373.825,768.06,2948.79,3246.96,2720.31
226,409,207.072,142.86,302.395,210.308,188.406,229.472,284.476,743.42,3215.85,4040.15,3670.06
227,409,193.882,333.506,382.288,152.318,159.535,193.633,305.631,772.042,2966.21,4317.66,3626.01
228,409,170.984,455.211,193.135,214.539,171.731,242.663,383.781,929.088,2658.34,3563.29,3193.2
229,409,108.016,261.329,148.584,245.65,163.518,315.089,453.967,892.502,2146.63,3000.31,2986.37
230,409,152.567,121.705,167.251,354.412,253.614,349.684,493.041,781.25,1733.24,2368.64,2461.23
231,409,150.327,146.842,153.811,518.179,399.461,375.319,474.126,696.63,1681.47,1684.95,1899.49
232,409,179.695,137.385,147.589,526.392,377.808,423.105,448.989,564.969,1729.25,1764.6,1494.06
233,409,181.935,136.389,205.579,348.19,326.04,334.502,388.759,457.949,1544.33,2578.45,1529.9
234,409,133.154,118.718,262.823,155.553,196.619,226.237,246.396,340.724,921.871,2990.11,2086.65
235,409,104.781,89.3498,244.156,107.767,127.429,180.442,169.242,269.294,510.712,2048.32,2389.8
236,409,138.38,82.8788,101.794,106.772,106.523,186.664,217.277,370.092,563.476,1024.66,1978.39
237,409,117.723,124.94,155.802,101.545,88.1053,260.085,325.791,530.374,750.389,578.409,1177.97
238,409,65.7057,129.171,205.579,114.985,105.527,294.68,335.746,529.379,678.212,533.361,804.397
239,409,65.7057,89.3498,182.931,138.878,158.291,230.468,220.512,332.511,449.735,507.726,675.474
240,409,77.6522,62.9679,137.136,102.541,140.869,190.646,168.246,219.268,384.776,408.421,513.699
213,410,47.0393,57.7414,88.3542,87.1098,104.532,209.064,174.22,196.868,214.041,269.045,610.018
214,410,55.7503,55.7503,98.8074,102.541,82.8788,177.455,187.411,201.846,202.095,438.038,691.901
215,410,58.9858,71.43,84.1232,82.8788,84.8698,168.246,183.428,222.254,208.068,612.009,852.432
216,410,78.6477,89.3498,75.91,74.6655,93.083,181.437,159.286,226.237,245.65,660.292,1226.01
217,410,90.5942,71.43,80.141,90.0964,89.1009,151.82,165.26,193.633,350.181,760.593,1666.04
218,410,93.8297,94.5764,100.798,94.3275,98.3096,155.055,173.224,227.481,480.099,930.333,1761.36
219,410,56.9947,69.439,95.5719,95.323,103.536,162.024,151.322,244.654,441.522,1204.85,1789.98
220,410,90.5942,71.43,83.1276,127.429,151.073,169.242,151.322,263.072,528.881,1260.11,1673.25
221,410,99.3052,82.8788,140.371,181.437,156.3,194.628,178.202,246.645,862.138,1038.85,2140.91
222,410,135.145,82.8788,160.033,149.331,120.212,199.855,280.494,348.688,1346.47,1250.9,2576.96
223,410,177.704,77.6522,144.353,154.309,177.953,269.294,321.56,599.564,1809.4,1862.91,2621.01
224,410,192.886,91.3409,97.563,295.427,221.508,243.659,264.565,667.012,1856.19,3011.51,2742.71
225,410,168.993,93.5808,161.029,372.083,233.952,265.063,266.556,519.174,2087.65,3912.23,3014.99
226,410,107.021,120.709,255.605,266.307,169.74,246.645,237.436,474.126,2330.31,3997.34,3923.92
227,410,131.909,237.188,307.373,180.193,191.393,210.059,187.411,368.101,2029.91,3857.97,4427.42
228,410,168.993,374.572,259.587,251.872,326.04,205.828,233.454,327.284,1535.37,3463.98,3796.99
229,410,140.62,318.822,268.049,279.747,328.031,210.059,222.503,320.315,1086.38,2923.4,2791.99
230,410,107.021,125.936,259.587,257.098,348.937,160.033,195.375,320.315,833.516,2463.96,2010
231,410,95.0741,128.176,155.802,261.081,343.71,184.424,193.384,321.311,699.616,2380.84,1650.86
232,410,102.541,170.984,130.914,253.863,314.591,238.681,230.468,336.493,609.271,2753.67,1916.91
233,410,85.1187,114.487,147.589,244.654,206.077,329.275,274.52,370.092,560.489,2653.12,2595.37
234,410,93.8297,111.252,172.477,208.317,144.851,355.906,334.751,431.318,550.285,1834.28,2822.61
235,410,105.776,81.8832,123.696,105.776,89.1009,301.898,283.48,461.931,642.621,1001.02,2114.28
236,410,96.0697,101.794,80.141,111.998,78.6477,242.663,239.428,420.118,746.158,694.887,1233.23
237,410,81.8832,107.021,107.021,117.225,84.8698,183.428,214.29,336.493,620.471,667.261,624.204
213,411,36.3372,68.1945,97.563,97.3141,79.6432,176.46,193.384,218.272,174.468,225.241,515.69
214,411,61.2257,62.9679,113.243,94.3275,99.3052,223.25,162.273,200.85,212.05,287.711,746.158
215,411,63.4657,89.3498,116.478,95.323,96.3186,211.055,208.317,213.046,215.286,443.264,724.505
216,411,74.4167,80.8877,84.1232,93.3319,88.1053,220.263,218.521,249.881,219.268,556.756,859.649
217,411,95.0741,78.8966,100.798,92.3364,97.3141,180.442,173.224,227.481,219.268,635.653,1104.3
218,411,65.7057,79.8921,93.5808,95.323,92.0875,146.842,162.273,198.859,303.64,723.758,1226.01
219,411,78.6477,92.3364,95.5719,101.545,115.98,163.02,177.206,246.645,421.363,760.593,1298.68
220,411,65.7057,80.8877,96.5674,152.318,123.198,194.628,223.499,280.494,479.104,1029.64,1350.95
221,411,87.3587,80.8877,92.5853,137.882,143.856,282.485,243.41,329.275,528.881,1329.54,1395
222,411,107.021,73.4211,130.914,139.873,140.869,245.65,196.37,234.45,754.371,1646.87,1740.95
223,411,93.8297,65.2079,148.584,134.647,149.082,183.428,239.428,266.058,1122.97,2106.56,2337.53
224,411,97.0652,74.6655,143.358,206.326,347.693,240.672,307.622,356.901,1356.67,2673.77,3099.86
225,411,121.207,105.03,161.029,321.311,447.247,274.271,273.525,341.719,1210.33,3453.78,3825.61
226,411,102.541,112.247,255.605,235.196,254.61,329.275,249.383,300.902,1099.57,3680.02,3933.13
227,411,107.021,135.394,357.399,151.322,146.096,318.075,227.481,271.285,1084.39,2946.05,3871.66
228,411,124.443,250.876,322.057,182.433,174.966,281.489,203.339,265.063,1164.53,2030.9,3509.28
229,411,114.487,249.632,238.93,200.104,159.535,252.867,206.326,329.275,1273.3,1464.69,2766.36
230,411,97.0652,129.171,137.136,151.322,129.42,268.049,283.48,442.518,1261.1,1229.24,2232
231,411,96.0697,129.171,146.593,135.642,128.425,373.328,436.047,594.587,1043.82,1242.68,2284.27
232,411,76.4077,123.945,161.029,205.081,152.069,438.536,486.073,623.208,729.98,1331.78,2531.91
233,411,75.4122,114.487,165.26,309.862,255.605,324.297,392.99,509.966,532.116,1305.15,2461.23
234,411,74.4167,79.8921,130.914,202.095,244.405,247.641,282.485,399.71,398.963,1146.37,2023.19
235,411,76.4077,75.6611,123.696,102.541,116.976,186.664,184.424,267.054,320.813,1043.08,1353.94
236,411,69.9367,87.1098,96.5674,92.3364,90.0964,171.233,166.255,229.472,288.209,891.507,907.684
238,411,67.6968,85.1187,126.683,102.541,102.541,247.641,229.472,252.867,197.864,623.457,690.656
239,411,66.7012,98.8074,178.7,147.091,112.745,197.864,240.423,315.089,193.882,596.827,722.514
240,411,63.4657,84.1232,151.571,141.865,129.42,186.664,174.22,247.89,196.868,464.669,602.8
214,412,49.2793,73.4211,102.79,101.545,86.8609,184.424,180.193,195.873,206.077,249.632,565.965
215,412,57.9902,70.4345,126.683,99.5541,93.083,213.046,184.424,193.633,212.05,297.916,708.078
216,412,68.9412,97.563,131.909,99.5541,90.0964,185.668,211.303,259.089,199.855,401.203,730.727
217,412,61.2257,72.4256,83.1276,99.5541,91.092,232.459,227.481,276.263,189.899,483.086,829.036
218,412,63.4657,85.1187,93.5808,89.1009,99.3052,205.828,183.428,228.477,234.45,589.609,1005
219,412,56.9947,96.5674,109.012,112.994,120.212,167.251,172.229,215.037,334.999,685.679,1046.81
220,412,49.2793,77.6522,107.021,194.877,230.965,163.02,205.33,263.072,361.381,875.08,1209.58
221,412,77.6522,84.1232,97.563,284.973,183.179,259.089,311.604,310.111,396.972,1177.23,1424.62
222,412,83.1276,110.256,105.03,160.531,110.754,396.723,310.609,332.511,536.099,1567.23,1872.86
223,412,93.8297,80.8877,111.252,141.865,126.185,299.658,200.353,269.294,621.466,2044.09,2694.68
224,412,95.0741,78.8966,119.465,254.858,193.633,193.633,184.424,234.45,644.613,2524.19,3470.45
225,412,114.487,104.034,138.131,289.205,209.064,210.059,228.477,268.298,622.462,2672.78,4060.06
226,412,114.487,130.167,195.375,293.187,162.522,251.872,257.596,310.111,494.535,2800.7,3899.28
227,412,77.6522,142.86,243.161,321.311,209.064,321.311,292.689,296.671,384.776,2573.47,2954.76
228,412,68.9412,221.508,250.378,382.288,303.391,368.101,306.627,277.258,401.95,2101.59,2052.06
229,412,83.1276,266.556,292.938,263.072,245.401,311.106,279.498,267.054,466.909,1801.68,1517.7
230,412,72.1767,152.069,249.383,166.753,187.411,207.072,279.498,293.684,470.144,1560.01,1523.92
231,412,63.4657,78.8966,196.37,130.665,154.309,216.032,277.507,332.511,403.941,1276.53,1772.56
232,412,64.4613,100.798,153.811,129.42,161.526,242.663,224.494,296.671,342.217,1026.65,1990.58
233,412,62.4702,111.252,140.371,125.438,150.078,231.463,188.406,239.676,325.791,865.871,1974.16
234,412,55.7503,100.798,116.478,134.647,117.972,208.068,187.411,251.872,321.809,737.944,1764.35
235,412,69.9367,99.8029,107.021,79.8921,98.3096,233.454,204.335,328.28,288.209,632.666,1406.2
236,412,69.9367,108.265,92.5853,88.1053,102.541,277.258,259.587,350.679,240.672,490.304,1013.21
237,412,41.8127,88.1053,96.5674,92.3364,103.536,238.681,277.507,328.28,215.286,383.781,801.41
238,412,68.9412,93.5808,123.696,108.763,98.3096,195.624,216.281,282.485,218.272,303.889,728.736
239,412,60.2302,89.3498,117.474,125.438,117.972,166.255,157.295,230.468,211.055,284.476,630.426
216,413,84.1232,98.8074,141.367,105.776,113.989,209.064,171.233,218.272,176.708,285.471,621.217
217,413,58.9858,111.252,97.563,93.3319,93.083,188.655,213.295,242.663,178.7,411.407,632.417
218,413,60.2302,82.8788,86.3631,100.55,103.536,230.468,228.477,249.881,234.45,473.877,752.131
219,413,39.5727,69.439,100.798,133.651,121.207,221.259,175.215,243.659,303.64,566.96,1076.68
220,413,57.9902,61.9724,74.9144,140.869,158.291,191.642,186.415,281.489,316.831,690.905,1415.41
221,413,72.1767,72.4256,89.3498,160.531,246.396,179.446,216.281,277.258,253.863,968.412,1746.92
222,413,69.9367,70.4345,89.3498,185.419,176.957,240.672,283.48,285.471,223.25,1332.78,2040.61
223,413,84.1232,75.6611,101.794,160.531,136.638,286.467,274.52,290.698,300.404,1508.74,2603.59
224,413,103.785,71.43,114.238,153.313,213.295,243.659,216.281,277.258,401.95,1438.06,3306.69
225,413,108.016,92.3364,138.131,223.748,319.817,216.032,279.498,312.102,495.53,1352.19,3625.01
226,413,84.1232,133.402,120.46,214.539,279.498,261.081,349.684,485.326,584.88,1149.6,3544.12
227,413,74.4167,117.474,141.367,185.419,224.743,270.289,326.786,537.343,500.508,1132.18,3021.22
228,413,91.8386,145.847,204.584,161.775,187.411,222.254,250.378,434.553,373.577,1162.79,2354.95
229,413,83.1276,188.904,222.254,152.318,137.633,222.254,233.454,286.467,299.409,1170.01,1785.75
230,413,64.4613,166.753,209.81,157.544,123.198,242.663,220.512,270.289,300.404,953.977,1561.75
231,413,51.5192,75.6611,125.687,181.437,131.411,319.071,242.414,276.263,292.44,824.059,1405.21
232,413,54.7547,78.8966,141.367,167.997,138.629,332.511,270.538,317.08,321.809,750.389,1288.48
233,413,51.5192,108.265,226.485,155.553,140.869,285.471,267.552,342.715,346.199,662.283,1178.97
234,413,51.5192,97.563,162.024,113.989,151.073,255.854,268.547,330.519,307.622,520.917,1095.09
235,413,69.9367,81.8832,127.678,117.225,141.865,223.25,241.419,280.494,270.04,348.937,890.262
236,413,49.2793,93.5808,82.1321,108.763,112.745,161.029,185.419,252.867,206.077,243.659,660.043
217,414,58.9858,93.5808,86.3631,96.3186,103.536,204.832,186.415,263.072,165.509,288.707,604.791
218,414,57.9902,78.8966,86.3631,108.763,103.536,182.433,204.335,276.263,200.85,443.264,698.87
219,414,56.9947,70.4345,91.3409,100.55,132.407,220.263,211.303,258.094,248.636,550.783,808.379
220,414,68.9412,61.9724,68.6923,121.207,161.526,194.628,188.406,267.054,254.858,536.348,1174.99
221,414,63.4657,57.7414,53.0125,124.443,137.633,181.437,231.463,326.288,253.863,487.317,1634.43
222,414,87.3587,70.4345,91.3409,103.536,127.429,193.633,216.281,344.706,204.086,685.679,2042.85
223,414,96.0697,99.8029,73.67,143.109,142.86,209.064,233.454,289.702,174.468,919.133,2169.53
224,414,76.4077,99.8029,105.03,172.975,175.962,219.268,220.512,270.289,204.086,1016.45,2178.99
225,414,92.8342,101.794,102.79,190.646,175.962,230.468,205.33,256.849,283.231,972.394,2212.59
226,414,77.6522,93.5808,101.794,194.877,146.096,196.868,196.37,317.08,398.963,840.236,2022.19
227,414,83.1276,107.021,115.234,215.535,147.091,182.433,269.543,372.332,384.776,711.314,1810.39
228,414,67.6968,122.7,167.251,261.081,175.962,204.832,308.618,373.328,278.254,612.009,1550.55
229,414,78.6477,144.851,243.161,213.543,177.953,238.681,310.609,348.688,217.277,696.132,1363.14
230,414,56.9947,135.394,224.494,152.318,146.096,274.271,285.471,286.467,217.277,781.002,1165.53
231,414,38.3283,94.5764,175.464,117.225,146.096,259.089,249.383,313.098,180.691,797.428,1068.46
232,414,53.7592,66.2035,122.7,152.318,129.42,193.633,207.321,277.258,202.095,710.318,1093.1
233,414,56.9947,68.1945,129.918,149.331,114.985,194.628,172.229,222.254,212.05,602.8,1058.26
234,414,54.7547,76.6566,121.456,114.985,125.189,174.22,157.295,194.628,223.25,403.194,861.64
235,414,48.2837,77.6522,127.678,99.5541,113.989,202.841,166.255,217.277,267.054,258.841,516.686
218,415,50.5237,57.7414,89.3498,104.781,116.976,179.446,218.521,307.871,180.691,297.916,632.417
219,415,46.0438,62.9679,86.3631,83.8743,105.527,196.868,231.463,305.88,197.864,401.203,731.722
220,415,61.2257,71.43,87.3587,112.994,117.972,212.05,204.335,254.858,203.09,406.429,818.583
221,415,66.7012,70.4345,82.1321,104.781,113.989,168.246,184.424,266.058,213.046,369.594,962.937
222,415,83.1276,48.2837,90.3453,117.225,91.092,174.22,238.432,342.715,209.064,339.728,1239.45
223,415,74.4167,91.3409,90.3453,94.3275,114.985,203.837,274.52,401.701,165.509,453.469,1396
224,415,92.8342,89.3498,102.79,101.545,144.851,196.868,274.52,362.128,177.704,615.244,1346.72
225,415,95.0741,67.199,121.456,124.443,177.953,239.676,278.502,331.515,256.849,708.327,1230.24
226,415,74.4167,92.3364,118.469,106.772,164.513,255.854,254.61,298.662,281.24,718.531,1131.93
227,415,62.4702,82.8788,121.456,115.98,184.175,240.672,213.295,279.498,256.849,573.183,1032.62
228,415,42.8082,72.4256,143.358,180.193,223.499,218.272,184.424,255.854,209.064,428.829,1067.47
229,415,60.2302,82.8788,175.464,169.989,173.971,181.437,180.193,275.267,183.677,346.946,1142.13
230,415,50.5237,105.03,172.477,90.0964,111.749,164.015,176.211,301.898,202.095,358.146,1298.68
231,415,49.2793,74.6655,116.478,164.762,121.207,166.255,177.206,293.684,204.086,322.306,1246.42
232,415,54.7547,65.2079,89.3498,240.423,169.74,178.451,168.246,253.863,240.672,288.707,1017.19
233,415,52.5148,68.1945,110.256,188.655,185.419,187.659,163.269,238.681,333.008,254.858,727.74
234,415,50.5237,55.7503,137.136,150.327,150.078,218.272,171.233,202.841,360.386,276.263,457.451
219,416,63.4657,60.9769,92.5853,95.323,120.212,189.65,225.49,299.907,188.655,252.867,510.712
220,416,47.0393,43.0571,83.1276,111.003,127.429,182.433,217.277,275.267,232.459,271.285,501.504
221,416,55.7503,82.8788,93.5808,104.781,105.527,176.46,167.251,241.667,277.009,233.454,547.547
222,416,80.8877,72.4256,65.4568,103.536,97.3141,159.038,170.237,227.481,280.245,225.241,771.544
223,416,75.4122,86.1143,76.9055,93.3319,104.532,148.833,177.206,274.271,238.432,252.867,1016.2
224,416,87.3587,68.1945,91.3409,82.8788,86.8609,202.841,197.366,274.271,188.655,320.315,1171.75
225,416,88.3542,70.4345,129.918,80.8877,104.532,172.229,195.375,253.863,209.064,435.051,1153.33
226,416,69.9367,88.1053,130.914,99.5541,104.532,164.015,205.33,268.298,229.472,470.891,1020.43
227,416,63.4657,84.1232,135.145,144.105,99.3052,195.624,227.481,276.263,214.041,375.568,775.775
228,416,55.7503,84.1232,145.349,192.637,138.629,224.246,258.592,305.88,247.641,244.654,631.422
229,416,56.9947,84.1232,173.473,208.317,133.651,234.45,293.684,345.701,258.841,194.379,563.974
230,416,66.7012,89.3498,147.589,141.865,115.98,225.241,276.511,386.519,281.24,190.397,552.525
231,416,46.0438,58.7369,155.802,117.225,148.087,205.828,216.281,305.88,269.045,216.032,493.29
232,416,52.5148,67.199,98.8074,146.096,174.966,168.246,182.184,252.867,274.023,254.858,448.242
223,417,67.6968,60.9769,101.794,127.429,111.749,189.65,162.273,235.445,333.008,211.801,534.108
224,417,63.4657,54.7547,97.563,136.887,103.536,196.868,169.242,244.654,301.4,160.78,674.479
225,417,62.4702,70.4345,116.478,130.665,98.3096,190.646,189.402,270.289,243.659,201.597,799.17
226,417,69.9367,86.1143,106.025,102.541,104.532,239.676,193.384,249.881,213.046,238.432,682.692
