389,141,50.5237,67.199,50.0259,54.0081,55.0036,84.621,56.9947,72.4256,244.654,250.627,601.804
389,142,65.7057,61.9724,55.0036,56.9947,51.7681,85.6165,71.9278,71.43,271.036,213.792,613.004
389,143,46.0438,61.9724,61.2257,68.4434,30.1151,75.4122,86.1143,102.043,203.09,212.797,535.103
390,143,66.7012,64.2124,62.4702,63.2168,60.9769,71.43,72.9233,63.2168,208.068,359.141,563.974
390,144,53.7592,62.9679,72.6745,54.0081,66.2035,79.3944,67.9456,103.038,186.664,328.528,524.899
391,140,60.2302,55.7503,51.0215,48.7815,36.3372,65.2079,82.1321,182.433,290.2,315.337,502.499
391,142,55.7503,62.9679,71.6789,74.6655,65.2079,67.199,64.959,126.434,232.459,411.407,604.791
391,143,50.5237,76.6566,65.4568,77.6522,46.5415,98.8074,73.9189,87.6076,237.436,386.768,772.54
391,144,62.4702,56.7458,52.017,71.43,62.2213,79.3944,86.1143,95.8208,230.468,363.372,800.166
391,145,56.9947,46.2926,60.2302,57.9902,57.9902,73.4211,86.1143,111.003,199.855,353.168,725.5
391,146,41.8127,41.0661,55.0036,44.5504,46.5415,62.2213,76.9055,105.03,175.464,313.098,621.217
391,147,37.3328,45.2971,57.2436,40.3194,58.9858,61.2257,56.9947,89.5987,118.718,225.241,535.103
392,140,66.7012,62.9679,78.8966,39.3239,49.777,77.4033,65.9546,133.651,500.508,417.629,451.229
392,141,74.4167,76.6566,69.6878,60.2302,55.9992,67.199,74.9144,129.42,463.922,486.073,609.022
392,142,61.2257,90.3453,65.4568,57.9902,66.2035,65.2079,64.959,96.8163,377.559,610.018,793.197
392,143,49.2793,59.9813,43.5549,50.7726,70.4345,69.1901,69.9367,92.8342,354.412,631.422,1027.4
392,144,60.2302,51.5192,61.2257,70.4345,56.9947,71.43,69.9367,89.5987,356.404,562.978,1203.61
392,145,52.5148,59.9813,63.4657,71.43,50.7726,64.2124,87.1098,92.8342,255.854,552.774,1101.07
392,146,52.5148,50.5237,62.4702,63.2168,42.5594,62.2213,57.9902,94.8252,154.309,494.286,892.502
392,147,49.2793,54.7547,59.2347,55.9992,64.2124,49.777,60.9769,95.8208,122.7,356.155,762.335
392,148,48.2837,44.0527,65.4568,69.439,70.4345,68.1945,63.9635,80.3899,91.3409,202.593,682.692
393,141,92.8342,78.8966,82.1321,65.2079,52.7637,75.4122,83.1276,171.233,421.363,895.738,821.819
393,142,89.5987,69.439,64.4613,78.8966,62.2213,85.6165,88.1053,152.815,386.768,1001.02,1142.13
393,143,69.9367,62.9679,67.4479,70.4345,53.7592,64.2124,83.1276,151.82,332.013,982.599,1351.94
393,144,48.2837,50.5237,66.4523,62.2213,53.7592,58.9858,80.141,128.425,367.603,884.289,1542.34
393,145,50.5237,37.8305,73.67,62.2213,56.9947,55.9992,70.9323,79.3944,368.599,663.279,1629.2
393,146,54.7547,44.0527,78.8966,44.5504,43.5549,47.7859,55.9992,67.199,232.459,527.139,1359.16
393,147,47.0393,47.2882,72.6745,47.7859,52.7637,55.0036,49.0304,74.4167,139.127,491.299,921.124
393,148,50.5237,38.8261,67.4479,57.9902,46.5415,87.6076,60.9769,69.1901,108.514,353.168,714.3
393,149,51.5192,44.0527,64.4613,61.2257,45.546,77.4033,83.1276,91.8386,110.505,228.228,658.052
394,138,71.1812,60.9769,48.7815,56.9947,45.546,124.443,99.0563,141.616,691.403,264.067,373.577
394,139,83.1276,61.9724,70.6834,64.2124,55.9992,108.016,127.18,170.237,819.33,405.434,518.926
394,140,90.5942,54.7547,85.1187,73.67,82.8788,85.6165,152.318,194.628,846.707,646.853,736.949
394,141,104.781,65.2079,81.1366,50.7726,89.1009,70.1856,139.127,155.055,931.079,969.408,998.776
394,142,79.6432,77.6522,88.3542,60.2302,64.2124,70.1856,97.0652,127.429,894.493,1197.64,1406.2
394,143,48.2837,53.5103,84.1232,60.2302,49.777,76.4077,71.9278,143.856,771.544,1350.2,1574.95
394,144,56.9947,59.9813,81.1366,50.7726,34.0973,68.1945,60.9769,127.429,548.294,1449.51,1556.53
394,145,43.8038,53.5103,94.5764,41.5638,45.546,65.2079,61.9724,82.6299,399.958,1298.93,1629.2
394,146,47.0393,53.5103,76.9055,46.5415,35.3417,62.2213,63.9635,83.6254,276.014,890.511,1660.06
394,147,34.0973,40.0705,76.9055,55.0036,46.5415,61.2257,52.017,52.017,152.318,652.079,1369.37
394,148,53.7592,30.6129,55.0036,51.7681,37.3328,64.2124,60.9769,66.2035,154.309,457.451,961.941
394,149,48.2837,42.0616,68.6923,45.546,39.3239,62.2213,69.9367,73.4211,128.923,298.911,774.779
394,150,45.0482,60.9769,53.0125,48.7815,41.3149,83.6254,80.141,106.025,119.714,261.081,586.373
395,138,79.6432,65.2079,59.2347,62.2213,88.1053,129.42,110.007,225.241,406.181,559.992,541.325
395,139,118.967,64.2124,81.1366,71.43,58.9858,175.464,130.167,226.237,621.466,835.259,952.732
395,140,134.149,84.1232,90.3453,105.776,80.8877,178.451,120.212,184.424,872.094,1087.13,1330.54
395,141,85.1187,64.2124,86.3631,86.1143,68.4434,172.229,139.127,183.428,958.457,1462.7,1687.69
395,142,71.1812,59.9813,72.6745,64.2124,55.9992,95.8208,127.18,167.251,952.483,1611.28,2184.96
395,143,66.7012,74.6655,77.9011,43.5549,45.546,57.9902,110.007,196.868,905.693,1567.23,2501.3
395,144,53.7592,62.9679,64.4613,48.7815,42.5594,48.7815,75.91,150.824,752.38,1400.23,2316.13
395,145,42.8082,56.7458,91.3409,52.7637,49.777,58.9858,43.8038,95.8208,653.821,1211.82,2111.29
395,146,35.0928,55.7503,86.3631,33.1017,33.1017,58.9858,52.017,69.1901,480.099,974.385,1814.62
395,147,46.0438,45.2971,63.4657,38.3283,50.7726,61.2257,63.9635,52.017,253.863,800.415,1414.41
395,148,52.5148,57.7414,59.2347,52.7637,45.546,87.6076,78.8966,76.4077,137.882,719.527,1033.62
395,149,49.2793,45.2971,70.6834,32.1062,43.5549,85.6165,62.9679,93.8297,173.473,452.473,917.888
395,150,40.5683,47.2882,71.6789,55.0036,27.8751,68.1945,81.1366,105.03,142.113,297.916,783.988
395,151,49.2793,43.0571,63.4657,36.3372,46.5415,71.43,92.0875,100.798,129.918,284.476,640.63
396,138,143.856,100.798,105.03,86.1143,74.6655,145.847,297.667,400.705,744.167,521.912,783.988
396,139,102.541,64.2124,127.678,77.6522,76.6566,114.238,280.494,457.949,983.843,939.541,1345.72
396,140,79.6432,68.1945,87.3587,77.6522,113.989,111.003,212.299,417.132,1309.88,1350.2,1638.41
396,141,95.0741,95.5719,96.5674,48.7815,60.9769,101.794,169.242,327.284,1520.19,1889.54,1660.06
396,142,43.8038,71.43,67.4479,57.9902,53.7592,105.03,106.025,241.667,1560.76,2274.56,1935.33
396,143,63.4657,60.9769,61.2257,57.9902,51.7681,92.8342,98.0607,195.873,1422.63,2253.9,2346.74
396,144,57.9902,62.9679,58.2391,30.1151,58.9858,55.9992,94.0786,182.433,1011.22,2117.76,2354.95
396,145,57.9902,48.2837,66.4523,36.3372,30.1151,70.1856,69.9367,120.212,669.999,1918.16,2351.72
396,146,48.2837,49.5281,66.4523,46.5415,52.7637,56.9947,68.9412,70.1856,538.09,1360.41,2446.04
396,147,49.2793,45.2971,67.4479,48.7815,49.777,66.2035,61.9724,85.6165,394.981,840.236,2067.24
396,148,65.7057,57.7414,59.2347,49.777,62.2213,91.8386,116.229,106.025,242.663,771.793,1308.89
396,149,49.2793,59.9813,66.4523,41.5638,44.5504,103.038,105.03,121.207,185.668,663.279,970.154
396,150,47.0393,31.6084,56.248,42.5594,46.5415,100.798,85.1187,129.42,135.891,433.06,903.702
396,151,47.0393,27.3774,56.248,50.7726,25.8841,88.6031,96.0697,141.616,121.705,337.737,800.166
396,152,53.7592,55.7503,50.0259,39.3239,48.7815,105.03,83.1276,140.62,140.122,201.597,757.358
397,137,75.4122,77.6522,63.4657,64.2124,116.976,252.867,133.154,199.855,481.344,520.917,797.179
397,138,76.4077,79.8921,76.9055,71.43,81.8832,266.058,170.237,302.893,1163.54,1122.97,1963.95
397,139,127.678,96.5674,96.5674,88.1053,59.9813,278.254,171.233,366.11,1884.56,1606.06,3049.84
397,140,88.3542,56.7458,88.3542,98.5585,55.9992,217.277,215.286,424.349,2386.31,1850.71,3258.65
397,141,56.9947,54.7547,53.0125,69.439,71.43,131.411,266.556,504.739,2334.54,2372.87,2576.96
397,142,81.8832,69.439,56.248,39.3239,84.8698,85.6165,217.277,471.14,1846.98,2965.47,2196.16
397,143,86.3631,78.8966,56.248,63.2168,67.199,96.8163,111.998,310.111,1584.15,2791.5,2458.24
397,144,43.8038,66.2035,58.2391,44.5504,63.2168,76.4077,93.083,238.681,1398.24,2171.03,2401
397,145,37.3328,50.5237,66.4523,48.7815,66.2035,56.9947,73.9189,202.841,807.135,2114.78,2136.93
397,146,52.5148,44.0527,60.2302,44.5504,53.7592,56.9947,67.9456,113.243,654.817,1767.83,2143.15
397,147,47.0393,57.7414,52.017,55.0036,50.7726,87.6076,62.9679,111.003,604.044,1108.53,2159.33
397,148,64.4613,45.2971,50.0259,51.7681,57.9902,124.443,80.141,132.407,348.19,907.933,1665.04
397,149,50.5237,52.5148,51.0215,47.7859,64.2124,93.8297,138.131,169.242,243.659,865.871,1176.98
397,150,49.2793,46.2926,61.2257,37.3328,49.777,106.025,138.131,150.824,170.486,597.822,1149.35
397,151,48.2837,48.2837,62.4702,35.3417,46.5415,71.43,107.021,141.616,102.541,487.317,979.363
397,152,56.9947,56.7458,55.0036,48.7815,40.3194,76.4077,90.0964,167.251,104.532,315.337,894.493
397,153,47.0393,42.0616,55.0036,49.777,35.3417,94.8252,71.9278,124.443,148.087,119.714,855.667
398,137,134.149,133.402,105.03,119.216,134.647,141.616,343.71,601.804,827.543,1018.44,676.47
398,138,124.443,88.1053,165.26,67.4479,97.3141,144.851,331.764,889.267,1214.31,2117.76,1805.41
398,139,74.4167,81.8832,118.469,94.3275,98.3096,144.851,325.791,918.884,1676.49,2683.98,3093.89
398,140,130.914,84.1232,58.2391,81.8832,117.972,181.437,253.614,761.837,2513.24,2319.61,3568.76
398,141,92.8342,98.8074,70.6834,93.3319,89.1009,215.037,189.402,553.769,3260.64,1839.51,3082.69
398,142,75.4122,58.7369,60.2302,97.3141,100.55,169.242,262.574,547.547,2975.17,2361.42,2108.31
398,143,88.3542,72.4256,41.5638,74.6655,95.323,85.6165,268.547,485.326,2223.79,2914.2,1784.76
398,144,49.2793,64.2124,38.5772,65.2079,89.1009,66.2035,109.012,277.258,1944.54,2545.85,2218.81
398,145,55.7503,60.9769,39.5727,55.9992,77.6522,66.2035,57.9902,196.868,1235.71,2269.33,2323.09
398,146,58.9858,45.2971,64.4613,58.9858,58.9858,79.3944,60.9769,193.633,673.234,2169.03,2099.1
398,147,53.7592,51.5192,52.017,42.5594,69.439,75.4122,62.9679,128.425,810.37,1421.88,2077.44
398,148,56.9947,36.835,54.0081,75.6611,44.5504,133.651,82.1321,141.616,623.457,966.172,1852.45
398,149,58.9858,44.0527,47.7859,55.0036,60.9769,155.055,127.18,130.416,302.395,1100.32,1182.95
398,150,58.9858,51.5192,52.017,45.546,57.9902,103.038,169.242,159.038,194.877,847.454,1281.26
398,151,58.9858,45.2971,50.0259,42.5594,44.5504,70.1856,118.22,161.029,126.931,561.983,1301.67
398,152,50.5237,43.0571,73.67,33.1017,55.9992,81.6343,102.043,173.224,114.736,424.847,886.28
398,153,50.5237,38.8261,58.2391,35.3417,34.0973,78.3988,89.1009,175.464,142.113,207.819,827.792
398,154,45.0482,56.7458,62.4702,29.1196,52.7637,100.798,70.9323,106.025,217.277,139.127,633.413
399,136,113.492,58.7369,69.6878,112.994,166.753,295.676,191.393,344.706,1084.39,336.742,653.821
399,137,78.6477,90.3453,57.2436,90.0964,149.082,239.676,222.503,429.327,2892.05,1260.11,1353.94
399,138,121.207,99.8029,95.5719,111.003,81.8832,260.085,266.556,689.412,3818.15,3178.26,2463.47
399,139,133.154,86.1143,109.012,157.544,110.754,305.88,506.232,1202.61,3108.33,4616.57,3349.75
399,140,68.9412,68.1945,89.3498,184.424,187.411,209.064,668.754,1547.32,2397.51,4484.41,3255.42
399,141,92.8342,66.2035,63.4657,102.541,209.064,191.642,478.108,1286.24,2791.5,3352.48,3050.83
399,142,80.8877,66.2035,70.6834,111.998,114.985,272.28,253.614,722.016,2887.81,2535.39,2640.42
399,143,51.5192,46.2926,57.2436,112.994,109.758,178.451,280.494,677.216,2054.3,2586.66,1883.07
399,144,61.2257,31.6084,51.0215,72.6745,88.1053,63.2168,225.49,514.943,1861.16,2463.96,2029.41
399,145,55.7503,47.2882,47.7859,56.9947,83.8743,55.0036,69.9367,229.472,1722.04,1892.77,2482.88
399,146,58.9858,54.7547,62.4702,80.8877,55.0036,62.2213,78.8966,219.268,1003.26,1859.92,2092.88
399,147,55.7503,40.0705,66.4523,71.43,82.8788,70.1856,75.91,193.633,739.189,1868.13,1600.58
399,148,55.7503,45.2971,48.7815,50.7726,71.43,108.016,117.225,103.038,832.521,1200.62,1808.4
399,149,55.7503,59.9813,45.7949,47.7859,58.9858,143.856,114.238,98.8074,527.885,1076.93,1468.67
399,150,42.8082,62.9679,46.7904,40.3194,58.9858,145.847,125.189,102.043,244.654,1103.56,1275.04
399,151,57.9902,46.2926,65.4568,40.3194,37.3328,72.4256,149.331,142.611,139.127,713.305,1408.19
399,152,56.9947,52.5148,58.2391,44.5504,52.7637,65.2079,92.0875,135.642,118.718,482.091,1146.12
399,153,66.7012,43.0571,43.5549,43.5549,46.5415,85.6165,85.1187,152.815,140.122,298.911,680.452
399,154,62.4702,48.2837,65.4568,45.546,48.7815,53.0125,74.9144,116.229,176.708,163.766,732.718
400,135,131.909,149.082,120.46,222.752,139.873,150.824,156.3,304.884,315.586,373.577,648.844
400,136,128.674,119.714,112.247,284.973,231.961,141.616,313.595,694.638,1180.96,730.727,1181.96
400,137,155.802,132.158,189.153,122.203,163.518,149.829,381.79,1089.37,2905.24,1582.41,2335.54
400,138,91.8386,89.3498,156.798,129.42,165.758,291.693,378.803,1210.58,4007.05,2645.15,4176.54
400,139,140.62,92.3364,113.243,161.775,222.503,564.969,487.068,1272.8,3792.76,2849.73,4750.72
400,140,93.8297,86.1143,117.474,257.098,171.731,608.773,702.852,1743.19,3118.53,2392.28,2930.12
400,141,79.6432,79.8921,83.1276,210.308,229.721,338.484,970.403,2162.31,2868.65,2374.86,1190.17
400,142,101.545,67.199,90.3453,97.3141,153.313,199.855,664.523,1442.29,3300.22,2284.77,1141.14
400,143,58.9858,59.9813,60.2302,122.203,84.8698,213.046,268.547,639.386,2710.11,2564.26,1160.55
400,144,52.5148,41.0661,55.0036,64.2124,77.6522,106.025,215.286,580.4,1600.33,3171.29,1614.02
400,145,58.9858,47.2882,56.248,64.2124,68.4434,57.9902,155.304,366.11,1392.01,2633.7,2801.2
400,146,54.7547,33.5995,69.6878,50.7726,52.7637,56.9947,98.0607,231.463,1455.98,1518.95,2813.4
400,147,48.2837,50.5237,58.2391,65.2079,48.7815,86.612,51.0215,211.055,977.87,1512.97,1657.82
400,148,57.9902,42.0616,58.2391,42.5594,83.8743,139.625,120.212,184.424,680.203,1596.85,1298.68
400,149,63.4657,46.2926,58.2391,54.0081,63.2168,106.025,169.242,187.659,616.24,1279.52,1459.46
400,150,53.7592,54.7547,60.2302,48.7815,52.7637,122.203,108.016,121.207,347.195,1083.89,1634.43
400,151,52.5148,41.0661,74.9144,47.7859,55.9992,80.3899,93.083,107.021,174.468,754.371,1510.48
400,152,62.4702,57.7414,54.0081,54.0081,40.3194,65.2079,89.1009,116.229,117.723,493.29,1182.95
400,153,57.9902,56.7458,51.0215,38.3283,68.4434,71.43,67.9456,121.207,130.914,388.012,714.3
400,154,79.6432,48.2837,41.5638,40.3194,39.3239,76.4077,63.9635,118.22,122.7,245.65,638.639
400,155,55.7503,55.7503,45.7949,44.5504,55.9992,77.4033,73.9189,78.3988,208.068,117.723,591.6
401,135,239.676,113.492,202.593,134.647,156.3,159.038,137.136,278.502,1023.42,605.04,392.99
401,136,113.492,122.7,105.03,152.318,148.087,238.681,264.565,638.39,2298.95,1929.61,1031.63
401,137,160.282,195.126,167.251,245.65,179.197,253.863,473.131,1369.86,3320.63,4392.33,2993.59
401,138,143.856,169.989,290.947,472.384,362.377,400.705,877.32,2163.31,3389.57,6294.31,5688.27
401,139,100.55,84.1232,214.041,275.516,423.354,564.969,1202.12,2270.33,2874.62,5531.72,6749.52
401,140,142.86,100.798,113.243,156.549,245.401,813.854,929.337,1813.38,3224.06,2652.12,4549.12
401,141,86.3631,62.9679,125.687,230.965,144.851,899.471,836.005,1848.22,2920.42,1688.93,1676.24
401,142,98.3096,76.6566,71.6789,123.447,183.179,439.531,952.483,1839.01,2348.73,2124.98,1075.68
401,143,69.9367,49.5281,68.6923,97.3141,125.189,156.051,522.161,1042.33,2639.18,1870.12,1117.49
401,144,48.2837,50.5237,69.6878,86.1143,64.2124,167.251,208.317,598.569,2211.59,2416.67,1315.11
401,145,56.9947,57.7414,89.3498,73.67,64.2124,100.798,214.29,479.353,1357.67,2722.8,2026.42
401,146,62.4702,49.5281,71.6789,61.2257,90.0964,59.9813,176.211,409.914,1325.06,2045.09,2153.35
401,147,50.5237,55.7503,45.7949,56.9947,85.8654,56.9947,69.9367,195.873,1511.98,1336.76,1953.75
401,148,71.1812,52.5148,52.017,45.546,65.2079,164.015,78.8966,139.625,964.679,1500.53,1562.75
401,149,69.9367,43.0571,59.2347,51.7681,67.199,153.811,189.402,219.268,495.53,1801.68,1185.19
401,150,63.4657,62.9679,56.248,41.5638,53.7592,94.8252,184.424,237.685,351.177,1346.97,1989.59
401,151,65.7057,44.0527,55.0036,63.2168,49.777,84.621,82.1321,141.616,218.272,657.057,2022.19
401,152,56.9947,58.7369,45.7949,49.777,49.777,75.4122,74.9144,87.6076,143.109,500.508,1185.19
401,153,64.4613,31.6084,51.0215,46.5415,57.9902,62.2213,66.9501,94.8252,156.3,372.581,805.392
401,155,62.4702,50.5237,55.0036,24.8885,42.5594,69.1901,75.91,91.8386,171.482,179.197,666.266
402,134,139.625,201.597,252.37,214.539,148.087,69.1901,184.424,442.518,680.203,279.498,340.724
402,135,168.993,183.677,173.473,232.21,210.059,113.243,138.131,435.549,2317.12,579.405,419.62
402,136,141.865,231.961,454.962,207.321,147.091,275.267,349.684,856.663,5071.28,2074.96,1622.23
402,137,137.385,168.993,346.946,290.2,225.739,846.458,798.921,1818.6,6986.46,4487.65,3347.75
402,138,180.94,217.277,233.703,362.626,338.484,1515.46,1462.7,3047.6,5491.65,6223.62,3927.91
402,139,134.149,151.073,330.271,427.834,320.813,1474.64,2239.97,4077.73,2349.72,5336.1,3002.8
402,140,174.468,114.487,154.807,283.978,472.135,744.415,1995.31,3667.82,2598.61,2223.29,1477.88
402,141,154.807,97.563,97.563,160.531,252.618,687.421,953.479,2062.26,4111.58,1021.42,728.736
402,142,113.492,58.7369,103.785,224.743,174.966,646.604,560.24,1164.78,2925.4,2065.75,846.458
402,143,84.1232,45.2971,66.4523,105.776,176.957,305.88,622.462,1106.54,2055.29,2593.88,1058.26
402,144,56.9947,57.7414,68.6923,80.8877,123.198,132.407,474.126,839.49,1748.67,2696.17,1981.37
402,145,65.7057,60.9769,85.1187,84.8698,77.6522,168.246,187.411,499.761,1723.28,1781.02,2599.61
402,146,62.4702,64.2124,67.4479,81.8832,62.2213,103.038,219.517,513.948,1198.13,1669.52,1279.27
402,147,74.4167,56.7458,65.4568,56.9947,78.6477,96.8163,121.207,325.293,1420.64,1933.59,1210.58
402,148,63.4657,46.2926,53.0125,58.9858,55.9992,119.216,91.092,116.229,1577.93,1250.9,2081.68
402,149,61.2257,55.7503,47.7859,47.7859,59.9813,220.263,133.154,149.829,573.68,1902.98,1309.88
402,150,48.2837,43.0571,71.6789,35.3417,64.2124,111.003,202.344,224.246,301.4,1954.99,1820.59
402,151,53.7592,35.8395,50.0259,51.7681,56.9947,67.199,99.0563,177.455,260.832,689.91,2334.54
402,152,66.7012,67.199,56.248,47.7859,56.9947,58.9858,64.959,146.842,145.1,545.556,1188.18
402,153,67.6968,55.7503,60.2302,41.5638,44.5504,66.2035,50.0259,103.038,233.454,277.258,1127.7
402,155,48.2837,55.7503,56.248,37.3328,41.3149,75.4122,61.9724,99.8029,155.304,242.663,531.121
403,132,297.169,220.263,252.37,382.288,353.915,216.032,328.777,387.514,507.726,634.657,721.518
403,133,344.955,129.171,269.045,208.317,306.378,190.646,257.596,270.289,395.976,478.108,643.617
403,134,262.325,200.353,308.618,135.642,163.518,126.434,219.517,366.11,646.853,386.768,403.194
403,135,193.882,333.506,372.83,180.193,162.522,171.233,378.803,1035.11,2006.51,1277.53,1036.61
403,136,238.432,429.078,526.641,483.833,363.372,513.948,926.351,2289.74,4035.42,3370.9,3541.14
403,137,203.837,226.734,443.513,783.242,801.161,1059.5,1512.97,3369.9,5597.18,4500.84,6873.46
403,138,217.775,209.81,251.374,445.504,763.829,1644.14,1389.53,2730.52,5208.42,3418.94,7090.49
403,139,278.751,219.268,245.152,422.856,373.577,2209.1,1344.48,2270.33,2496.07,2002.28,3598.38
403,140,275.516,125.936,246.147,646.604,445.007,1563.5,1972.17,3404.75,835.756,1245.67,978.368
403,141,183.179,139.625,113.243,245.65,531.121,614.995,1658.32,3173.04,1890.78,824.059,860.645
403,142,115.732,75.6611,125.687,191.642,197.615,442.518,690.656,1392.26,2942.82,727.74,974.385
403,143,66.7012,53.5103,76.9055,175.215,166.753,521.166,510.215,857.658,2656.35,1593.86,467.655
403,144,65.7057,50.5237,85.1187,92.3364,143.856,242.663,764.824,1176.98,1401.22,2996.08,1173.74
403,145,74.4167,44.0527,67.4479,71.43,97.3141,116.229,340.724,790.459,1930.35,1925.38,2344.75
403,146,60.2302,50.5237,71.6789,80.8877,51.7681,109.012,133.154,461.931,2055.29,1076.93,1378.57
403,148,64.4613,48.2837,61.2257,63.2168,65.2079,81.6343,108.016,183.428,1677.49,1831.3,2318.12
403,149,38.3283,55.7503,46.7904,69.439,58.9858,156.051,84.1232,127.429,893.498,1495.55,2077.44
403,150,50.5237,53.5103,48.7815,57.9902,55.0036,125.438,169.242,182.433,235.445,2062.51,1566.73
403,151,42.8082,45.2971,44.7993,49.777,67.199,67.199,105.03,197.864,236.441,806.637,2326.33
403,152,55.7503,32.604,57.2436,42.5594,52.7637,53.0125,88.1053,146.842,109.509,679.705,1069.46
403,153,56.9947,44.0527,63.4657,40.3194,53.7592,55.9992,62.9679,152.815,229.472,307.124,1354.93
403,154,53.7592,54.7547,56.248,47.7859,45.546,83.6254,57.9902,72.4256,331.017,209.81,647.848
404,132,331.017,133.402,161.029,217.526,162.522,332.511,560.24,1005.74,785.979,542.57,529.13
404,133,335.248,241.419,201.597,183.428,124.194,229.472,265.56,549.787,1117,359.141,314.093
404,134,176.46,317.826,257.596,145.1,92.0875,296.671,327.782,623.208,2820.86,798.424,244.654
404,135,149.331,264.316,526.641,348.19,159.535,736.202,743.918,1584.9,4794.03,3404.5,904.698
404,136,315.835,228.725,483.086,881.8,520.668,1686.94,1853.95,3641.19,4956.55,7234.1,3728.3
404,137,346.199,360.883,351.177,921.124,819.828,2110.05,3014,5908.78,3319.38,8268.96,7550.93
404,138,247.143,259.089,610.764,616.489,651.084,1525.67,2907.73,5502.85,2181.23,5254.21,8022.81
404,139,392.99,225.49,281.489,373.079,552.774,1394.25,1538.11,2394.77,2667.55,1810.89,4881.88
404,140,273.276,246.645,291.942,525.397,349.933,1776.54,1185.94,1572.71,2435.09,1696.15,2313.89
404,141,163.518,94.5764,240.921,356.404,388.261,1128.94,1419.64,2506.02,1339.25,2919.42,2328.32
404,142,113.492,51.5192,82.1321,109.758,231.961,458.944,1108.78,2018.46,1694.66,1912.18,2421.4
404,143,83.1276,34.8439,45.7949,96.3186,92.0875,583.387,569.449,1036.36,2833.06,995.043,1340.74
404,144,63.4657,54.7547,82.1321,100.55,81.8832,413.896,684.683,1125.96,1546.57,1874.35,1037.6
404,145,88.3542,50.5237,64.4613,83.8743,82.8788,92.8342,396.972,1150.6,1736.47,1765.84,986.581
404,146,57.9902,47.2882,70.6834,70.4345,97.3141,70.1856,117.225,490.553,2874.62,1021.42,1038.85
404,147,53.7592,32.604,70.6834,99.5541,64.2124,104.034,69.9367,300.902,1363.64,2605.08,878.067
404,148,46.0438,37.8305,44.7993,66.4523,88.1053,104.034,123.198,213.046,1381.06,2721.81,1993.57
404,149,52.5148,33.5995,45.7949,67.4479,51.7681,111.003,78.8966,154.06,909.675,1517.95,2943.32
404,150,51.5192,42.0616,55.0036,45.546,67.199,114.238,143.109,128.425,261.827,1736.97,1800.19
404,151,57.9902,37.8305,44.7993,50.7726,45.546,56.9947,107.021,160.033,345.204,738.94,2289.49
404,152,67.6968,65.2079,50.0259,45.546,43.5549,59.9813,108.016,149.829,186.664,953.977,966.172
404,153,71.1812,57.7414,52.017,58.9858,41.3149,56.9947,87.1098,183.428,198.859,493.29,1568.97
404,154,73.1722,49.5281,61.2257,39.3239,46.5415,83.6254,64.959,72.4256,338.982,183.179,994.794
405,133,377.808,433.309,343.71,160.531,109.758,305.88,433.06,514.943,1119.98,272.28,431.816
405,134,203.837,592.596,902.458,307.622,251.623,426.34,670.745,1032.13,2894.04,516.934,923.115
405,135,346.199,509.717,1130.93,474.624,423.354,950.492,1055.77,2219.31,6003.36,1965.45,732.718
405,136,253.614,261.329,805.89,675.474,606.533,2114.28,1369.61,2930.37,8988.99,4547.88,1146.12
405,137,423.354,512.952,392.741,409.167,511.459,3134.21,1728.51,3070,6752.75,7350.82,2601.6
405,138,367.852,646.106,817.339,824.805,398.465,2900.51,2220.8,3607.59,2421.9,7305.77,3826.61
405,139,472.384,280.245,649.092,759.349,895.489,1618.5,2224.78,3126.25,2523.45,3667.57,3158.35
405,140,287.462,366.11,237.934,272.529,503.992,1182.95,1466.93,2022.69,3866.93,2272.32,1690.68
405,141,185.171,81.8832,221.259,246.645,201.846,1112.77,899.222,1470.66,2658.34,2827.34,1750.16
405,142,123.198,78.8966,81.1366,115.98,187.411,757.606,1188.18,1825.82,1482.61,2382.08,1243.43
405,143,88.3542,59.9813,70.6834,73.67,104.532,434.305,904.2,1720.54,1892.77,2098.35,1560.76
405,144,71.1812,87.1098,70.6834,77.6522,86.8609,336.493,435.051,1027.15,1888.79,1286.74,2678.25
405,145,79.6432,71.43,96.5674,100.55,74.6655,137.633,268.547,1065.73,1919.15,1332.78,971.15
405,146,64.4613,65.2079,78.8966,75.6611,107.767,101.794,135.145,446.749,2832.06,1876.35,1223.02
405,147,76.4077,46.2926,86.3631,75.6611,77.6522,82.6299,81.1366,175.464,1581.91,2288.75,1988.59
405,148,91.8386,27.3774,59.2347,55.0036,63.2168,103.038,122.203,231.463,951.488,2916.19,1801.18
405,149,90.5942,38.8261,37.3328,55.9992,58.9858,98.8074,104.034,142.611,709.82,1558.02,3113.3
405,150,83.1276,46.2926,63.4657,56.9947,49.777,92.8342,139.127,158.042,287.213,1488.33,1895.26
405,151,105.776,53.5103,71.6789,42.5594,35.3417,55.9992,98.0607,195.873,538.09,592.596,2295.47
405,152,100.55,66.2035,44.7993,40.3194,40.3194,91.8386,117.225,126.434,462.926,1020.43,871.845
405,153,110.256,70.4345,54.0081,42.5594,49.777,63.2168,108.016,231.463,225.241,800.415,1422.63
405,154,96.0697,75.6611,63.4657,46.5415,56.9947,88.6031,86.1143,103.038,298.413,281.489,1187.18
406,133,158.042,431.069,282.485,238.432,157.295,888.271,830.032,730.229,654.817,1065.48,1422.63
406,134,252.618,351.426,650.088,609.271,324.048,880.058,1578.18,2868.15,1031.63,1277.53,2422.4
406,135,667.012,508.721,541.076,846.458,662.532,1165.78,2363.16,6081.01,4424.43,1177.23,2571.98
406,136,498.268,912.413,768.557,546.054,558.996,1581.91,2618.02,6047.41,8788.88,1806.66,2276.05
406,137,321.062,425.842,905.693,346.199,305.382,1839.76,1734.48,3136.45,6384.15,3906.25,2430.61
406,138,538.587,531.868,454.962,676.47,389.256,2272.32,875.08,909.675,1891.78,3239.74,2277.05
406,139,372.332,306.378,432.065,637.146,546.552,2106.07,1776.79,2134.69,1381.06,1504.76,1553.54
406,140,324.297,177.455,183.926,214.539,316.831,1057.51,1816.86,3092.65,1855.19,2532.41,4134.73
406,141,179.695,78.8966,90.3453,147.091,160.531,784.237,866.12,1844.99,2340.52,1741.2,6515.32
406,142,173.224,81.8832,71.6789,93.3319,102.541,954.475,970.403,1399.23,2564.01,1096.34,3201.41
406,143,107.021,77.6522,88.3542,97.3141,81.8832,392.492,1011.47,2058.28,1047.81,3136.45,1644.63
406,144,111.252,64.2124,83.1276,100.55,117.972,135.642,379.799,1282.01,2486.86,1455.48,3245.21
406,145,115.732,59.9813,103.785,133.651,77.6522,113.243,156.3,813.854,2752.92,1626.46,973.141
406,146,143.856,55.7503,64.4613,119.216,146.096,122.203,104.034,335.497,2323.34,3380.11,2296.46
406,147,148.336,42.0616,62.4702,69.439,86.8609,125.438,120.212,136.638,1621.74,2102.58,3370.15
406,148,188.406,58.7369,44.7993,58.9858,85.8654,84.621,160.282,225.241,686.425,2959.24,1739.71
406,149,172.229,69.439,37.3328,52.7637,53.7592,107.021,91.092,163.02,569.698,1415.66,3271.84
406,150,168.993,78.8966,59.2347,55.9992,55.9992,81.6343,160.282,245.65,240.672,1368.62,1640.65
406,151,163.518,86.1143,58.2391,49.777,67.199,80.3899,120.212,327.284,587.867,519.921,2304.68
406,152,166.753,100.798,72.6745,49.777,48.7815,105.03,158.291,183.428,677.216,843.472,889.267
406,153,139.625,113.492,76.9055,67.4479,65.2079,66.2035,117.225,270.289,281.24,848.449,1171.75
406,154,137.385,130.167,112.247,84.8698,63.2168,106.025,70.9323,111.003,292.44,358.146,1111.52
407,132,410.412,645.11,594.089,357.399,605.538,574.178,407.923,510.961,1897.75,1231.48,790.957
407,133,249.383,462.677,854.672,234.201,382.039,679.208,574.427,779.259,3025.95,2182.47,1558.77
407,134,186.415,237.188,649.092,302.644,260.832,1198.38,1019.68,2164.31,2953.02,3491.61,2380.59
407,135,191.642,334.751,304.387,301.649,259.836,3163.83,2294.97,4415.47,2657.35,4419.95,3368.16
407,136,242.912,847.454,688.665,298.413,157.295,3673.79,3306.94,5379.4,2116.27,4231.79,4406.01
407,137,258.094,469.895,1122.72,585.378,348.937,1751.16,1966.19,3415.95,1619.5,2587.66,4546.14
407,138,281.987,284.227,360.386,351.177,397.47,1333.03,1059.75,924.111,3840.55,2431.11,2841.02
407,139,265.809,312.6,220.263,193.882,157.295,1776.54,1339.5,1860.42,5871.45,7368,4084.45
407,140,280.991,108.265,184.922,183.428,167.749,1099.33,1397.74,2715.09,2503.04,10700.1,10374.5
407,141,198.361,156.3,99.8029,70.4345,156.3,631.173,956.466,2213.34,2026.67,5895.09,11618.2
407,142,219.019,85.1187,124.691,75.6611,40.3194,748.647,676.719,1245.42,4154.14,1423.87,4809.21
407,143,196.121,90.3453,122.7,93.3319,80.8877,412.9,701.607,1752.15,1201.12,4016.76,1657.82
407,144,200.353,74.6655,116.478,76.6566,84.8698,140.62,361.879,1466.68,3876.88,1712.58,3176.77
407,145,210.308,69.439,106.025,107.767,57.9902,97.8119,176.211,589.36,3129.73,2912.21,882.049
407,146,241.667,61.9724,97.563,87.1098,75.6611,111.998,83.1276,192.637,1754.64,4550.12,3835.82
407,147,231.961,76.6566,78.8966,82.8788,55.0036,143.856,110.007,111.998,1627.71,1708.35,3909.49
407,148,251.623,88.1053,58.2391,51.7681,59.9813,74.4167,164.264,195.873,532.116,3084.18,1789.98
407,149,241.667,109.261,70.6834,62.2213,66.2035,103.038,98.0607,141.616,589.858,1196.64,3469.46
407,150,220.014,151.073,75.91,99.5541,63.2168,123.447,163.269,289.702,195.873,1406.45,1327.3
407,151,227.73,150.078,110.256,74.6655,88.1053,123.447,147.091,334.502,520.917,564.969,2470.43
407,152,222.254,166.753,130.914,94.3275,83.8743,162.024,175.215,210.059,630.426,641.875,959.95
407,153,200.353,168.993,136.14,111.003,94.3275,90.5942,153.313,283.48,278.254,684.683,950.741
407,154,173.224,202.593,170.486,136.887,104.532,87.6076,73.9189,135.642,381.79,328.528,772.54
408,132,910.422,358.892,290.947,604.044,918.137,1284,2028.41,2082.67,2905.24,1094.1,590.356
408,133,506.979,322.057,427.834,261.081,612.755,1468.67,2897.77,2890.55,4840.82,1633.68,730.727
408,134,331.017,399.71,316.831,151.322,245.401,2016.22,3270.85,3316.89,6322.18,2870.14,807.383
408,135,278.751,551.778,636.648,130.665,126.185,2964.97,2798.46,3575.98,6239.05,4687.25,1624.22
408,136,141.865,252.867,581.645,311.853,150.078,2267.34,1375.59,2393.78,4381.62,5507.08,2943.32
408,137,360.386,336.742,311.604,412.403,312.6,1489.08,1421.63,1346.22,4080.22,4038.16,3359.95
408,138,193.882,219.268,322.057,139.873,199.855,1318.59,2433.35,3989.13,9106.71,3841.79,2138.92
408,139,314.591,179.446,138.131,162.771,101.545,904.698,1094.85,3449.55,11520.6,7728.38,2504.28
408,140,201.597,98.8074,131.909,163.766,156.3,875.08,900.218,1578.93,3581.46,10254.8,5148.94
408,141,212.299,153.313,94.5764,89.1009,103.536,492.544,961.443,2722.31,2960.99,4721.1,4967.75
408,142,192.886,78.8966,122.7,107.767,78.6477,344.706,403.941,1189.17,4672.07,1697.15,1544.33
408,143,241.667,110.256,112.247,77.6522,92.0875,224.246,359.888,1455.48,1853.2,4509.05,2391.79
408,144,243.907,110.256,119.465,72.6745,82.8788,167.251,225.49,1167.77,5560.59,1613.27,3263.63
408,145,290.698,118.718,115.234,68.4434,58.9858,127.429,144.105,292.689,2426.88,5487.67,1342.74
408,146,286.467,117.474,89.3498,65.2079,60.9769,117.225,90.0964,187.659,1748.67,4832.6,5855.02
408,147,313.595,146.842,101.794,86.1143,40.3194,158.042,117.225,117.225,1615.51,1606.06,3716.1
408,148,290.698,165.758,106.025,87.1098,93.083,87.6076,136.14,165.26,479.104,3280.8,2143.15
408,149,302.644,199.357,135.145,108.763,60.9769,110.007,88.1053,175.464,677.216,859.898,3582.95
408,150,239.676,223.499,139.127,131.66,92.0875,106.025,125.189,211.055,231.463,1613.27,1119.49
408,151,223.25,228.725,174.468,133.651,114.985,115.234,84.1232,242.663,440.527,574.178,2511.5
408,152,203.837,236.192,190.148,179.197,120.212,162.024,143.109,169.242,453.718,513.699,835.01
408,153,190.646,240.174,236.939,163.766,167.749,92.8342,134.149,263.072,224.246,473.877,753.126
408,154,139.625,254.858,217.028,172.975,137.633,97.8119,65.9546,152.815,439.531,220.014,498.268
409,135,335.248,470.891,714.549,206.326,258.841,1622.73,2875.62,7064.36,6013.56,2016.47,1354.93
409,136,178.7,124.94,370.839,252.867,240.174,895.489,762.833,1645.13,3684.99,3366.67,2543.11
409,137,333.008,244.405,154.807,194.877,158.291,2282.53,2912.7,3908.49,1983.12,2985.88,2937.34
409,138,236.441,181.437,267.054,212.548,213.295,1325.81,2861.68,8567.87,7384.42,1414.66,2099.1
409,139,335.248,214.041,109.012,155.553,235.943,468.153,642.621,3344.52,7447.39,2742.22,1261.85
409,141,236.441,112.247,95.5719,83.8743,84.8698,342.715,775.028,3254.67,5907.04,1323.57,904.698
409,142,238.432,72.4256,84.1232,89.1009,78.6477,142.611,235.445,1012.71,3929.9,4665.6,1699.89
409,143,234.201,101.794,68.6923,79.8921,88.1053,148.833,257.596,1312.62,3604.85,4757.94,5116.08
409,144,240.672,146.842,71.6789,56.9947,74.6655,123.447,140.122,684.434,6085.74,2369.64,3042.62
409,145,285.222,123.945,120.46,71.43,55.9992,128.425,144.105,264.067,1287.48,7633.31,2559.53
409,146,295.178,192.139,102.79,76.6566,82.8788,75.4122,147.091,386.519,2434.1,3403.5,7026.03
409,147,277.756,247.641,151.571,109.758,65.2079,117.225,112.994,172.229,1299.68,2184.46,2630.22
409,148,264.565,263.32,184.922,97.3141,120.212,55.0036,104.034,201.846,539.085,3035.15,3041.63
409,149,240.672,249.632,213.046,106.772,109.758,96.8163,99.0563,202.841,815.348,667.261,3087.67
409,150,219.019,261.329,229.472,162.771,100.55,77.4033,88.1053,146.842,358.395,1688.93,1031.63
409,151,170.984,281.24,247.143,211.303,170.735,120.212,69.9367,182.433,380.794,513.699,2266.85
409,152,167.749,293.684,276.263,258.094,183.179,129.42,135.145,124.443,321.809,399.212,628.435
409,153,125.438,274.769,273.276,208.317,208.068,63.2168,90.0964,220.263,209.064,307.124,581.147
409,156,73.1722,188.904,268.049,229.97,161.526,81.6343,67.9456,91.8386,151.073,367.354,433.807
410,135,258.094,236.192,327.284,209.312,449.238,1054.53,2213.83,4665.35,4514.78,2868.15,2651.62
410,136,165.758,201.597,208.815,184.424,183.179,2127.47,2673.03,2963.97,5900.82,3940.85,4108.1
410,137,181.935,169.989,180.691,332.511,221.508,2266.1,3205.64,6750.26,6244.03,5018.77,4574.76
410,138,223.25,118.718,143.358,368.848,359.141,592.596,1200.12,5726.1,5425.7,5128.28,4266.64
410,139,214.539,209.81,115.234,165.758,259.836,711.812,868.111,1350.45,2080.68,3913.22,3645.42
410,140,375.568,142.86,165.26,105.776,109.758,750.638,1424.62,3649.4,6128.3,1214.06,2112.29
410,141,309.115,154.309,116.478,69.439,113.989,202.841,497.273,2556.05,8642.79,4273.61,825.801
410,142,355.906,115.483,81.1366,54.0081,77.6522,162.024,289.702,824.059,2430.86,9342.65,4507.31
410,143,293.933,137.385,108.016,60.2302,70.4345,119.216,315.586,1423.87,5673.34,3892.81,7102.68
410,144,241.667,182.682,93.5808,83.8743,66.2035,111.003,193.384,613.004,4747.24,4060.81,2429.62
410,145,281.987,165.758,125.687,104.781,69.439,147.838,329.773,739.438,1104.8,7102.93,3969.97
410,146,251.623,219.268,129.918,124.443,95.323,90.5942,274.52,811.863,2834.06,1675.74,5751.74
410,147,214.539,294.929,190.148,168.993,98.3096,58.9858,97.0652,246.645,844.716,3096.38,1771.56
410,148,212.299,291.693,260.832,172.975,168.744,69.1901,104.034,310.111,778.762,2073.96,3579.96
410,149,187.411,297.916,294.929,144.105,139.873,83.6254,92.0875,259.089,940.288,710.318,2065.25
410,150,147.091,272.778,305.382,200.104,138.629,58.9858,67.9456,209.064,345.204,1432.09,1147.11
410,151,137.385,278.005,300.155,229.97,175.962,125.438,119.216,233.454,380.794,360.386,1495.3
410,153,85.1187,263.32,301.151,212.548,209.064,79.3944,88.1053,152.815,226.237,226.237,450.233
411,132,308.12,230.965,451.727,271.534,152.069,1682.71,740.931,1197.39,1833.79,450.233,281.489
411,133,296.173,216.281,271.036,635.155,489.557,2068.24,951.488,1173.99,2530.42,1183.2,430.82
411,135,155.802,352.421,357.399,303.64,428.58,3339.04,4249.47,6260.71,5561.59,3690.22,1920.9
411,136,131.909,220.263,442.518,388.51,336.493,2857.7,3919.44,7464.31,7923.76,4299.24,3111.31
411,137,117.723,161.526,219.268,322.306,381.043,934.066,1614.27,5315.19,6574.05,5301.5,3827.6
411,138,183.179,110.256,171.482,184.424,290.947,684.185,834.014,1569.72,2434.1,5171.34,3996.6
411,139,221.01,128.176,109.012,131.66,140.869,1314.61,1996.31,3687.23,4847.78,2600.1,3352.73
411,140,288.458,154.309,100.798,111.998,111.749,536.348,1292.46,4856,11352.9,2358.44,1631.44
411,141,344.955,192.139,83.1276,79.8921,104.532,159.038,266.556,1162.79,6244.03,8435.71,1857.43
411,142,337.488,237.188,131.909,74.6655,64.2124,272.28,473.131,1217.8,2147.63,8117.39,5783.34
411,143,360.386,244.405,170.486,74.6655,73.4211,158.042,358.892,1467.68,5825.65,2245.94,5338.34
411,144,287.462,286.467,169.242,107.767,55.9992,252.867,340.724,808.877,2247.18,5223.6,2282.28
411,145,261.329,256.103,220.263,123.447,98.3096,261.081,564.472,1360.66,1656.08,4307.46,4620.8
411,146,225.49,250.876,200.601,151.322,85.8654,95.8208,299.658,991.31,2376.11,1382.81,3628.99
411,147,167.749,260.085,241.916,202.095,107.767,66.2035,120.212,290.698,551.281,3117.04,1973.16
411,148,151.571,267.552,288.707,173.971,149.082,82.6299,175.215,530.374,1019.43,1084.89,3077.46
411,149,149.331,258.094,309.613,178.202,134.647,67.199,109.012,335.497,889.516,852.681,1319.09
411,150,130.914,266.556,306.378,186.415,192.637,97.8119,107.021,274.271,238.432,957.959,1148.36
411,151,108.016,237.188,293.933,201.099,170.735,109.012,151.322,291.693,344.208,221.01,836.005
411,152,75.4122,230.965,274.271,227.979,182.184,94.8252,104.034,106.025,140.122,279.498,519.921
411,153,57.9902,213.046,269.045,194.877,176.957,99.8029,65.9546,142.611,276.014,190.397,391.994
412,132,508.223,323.053,586.871,271.534,137.633,457.949,666.514,1344.23,1130.19,252.867,133.9
412,135,166.753,158.54,409.167,451.727,329.275,3207.63,2870.64,5800.52,2882.84,1625.47,817.588
412,136,108.016,133.402,249.383,359.639,412.9,1219.79,1675.49,4889.85,3958.27,2231.5,1736.72
412,137,105.776,105.03,139.127,167.997,287.711,685.43,915.4,1876.59,3517.49,3051.33,2771.34
412,138,125.438,116.478,148.584,152.318,128.425,1585.9,1962.21,2955.76,3518.49,3490.61,3403.01
412,139,134.149,90.3453,77.9011,169.989,126.185,1206.6,2016.22,5904.55,7456.6,2923.4,3080.45
412,140,141.865,158.54,84.1232,114.985,143.856,327.284,638.639,3090.41,7639.28,4573.51,2324.09
412,141,219.019,183.677,102.79,71.43,63.2168,372.083,432.065,783.242,2100.84,6610.64,2950.53
412,142,211.303,245.401,164.264,73.67,85.8654,329.275,568.454,1847.23,2956.01,3611.32,4225.82
412,143,252.618,294.929,185.917,72.6745,85.8654,207.072,237.436,1052.54,3417.94,2468.94,3082.69
412,144,252.618,303.142,246.147,84.8698,78.6477,444.509,473.131,856.663,829.534,4117.06,3001.8
412,145,210.308,326.288,293.933,79.8921,70.4345,293.684,573.431,1545.33,2073.46,1773.8,3756.92
412,146,183.179,272.778,252.37,123.447,51.7681,111.003,240.423,732.22,1408.44,2061.52,2200.39
412,147,170.984,233.952,282.485,159.535,91.092,149.829,301.649,560.987,457.949,2229.51,2554.56
412,148,105.776,242.414,244.156,179.197,124.194,122.203,298.662,788.468,983.843,504.49,2403.98
412,149,105.776,193.135,265.809,196.868,143.856,84.621,126.185,363.123,534.108,727.74,1108.29
412,150,88.3542,195.126,249.383,161.775,158.291,111.003,153.313,302.893,183.677,466.66,819.828
412,151,71.1812,170.984,247.143,184.424,125.189,93.8297,154.309,288.458,327.782,202.593,487.068
412,152,65.7057,165.758,210.806,193.882,174.966,83.6254,96.0697,108.016,111.501,321.311,516.686
413,134,140.62,151.073,481.842,184.424,113.989,1232.98,579.405,1131.18,1102.81,816.841,521.912
413,135,104.781,196.121,215.037,198.859,194.628,857.658,746.904,1716.56,1918.16,1651.1,1341.74
413,136,64.4613,200.353,157.793,113.989,157.295,936.306,1156.07,1952.26,3173.29,2547.84,2565.76
413,137,75.4122,100.798,222.254,115.98,95.323,1452.24,1708.6,2699.91,3914.47,3242.72,3615.8
413,138,53.7592,116.478,162.024,149.331,155.304,1300.42,1551.05,4091.17,4012.03,3427.15,3672.05
413,139,67.6968,97.563,103.785,115.98,140.869,511.957,682.692,3181.25,3894.31,3085.18,3021.22
413,140,68.9412,110.256,119.465,79.8921,94.3275,407.923,392.99,846.458,2352.71,3054.57,2212.59
413,141,87.3587,131.162,98.8074,75.6611,64.2124,541.574,633.662,1391.27,1802.43,3019.72,2223.79
413,142,113.492,143.856,147.589,58.9858,68.4434,213.046,389.754,1526.91,2809.66,2437.33,2401
413,143,129.669,206.824,136.14,64.2124,60.9769,254.858,193.384,443.513,1209.33,3030.92,2697.67
413,144,157.047,230.965,186.913,47.7859,49.777,434.305,504.241,1058.76,1065.23,2202.88,3276.08
413,145,155.802,254.858,254.61,51.7681,65.2079,222.254,428.082,1300.42,1811.64,1210.83,2457.24
413,146,130.914,229.721,261.827,93.3319,52.7637,263.072,362.875,611.013,650.835,2102.58,1885.06
413,147,140.62,215.037,278.502,143.109,85.8654,298.662,528.134,921.871,449.735,1241.69,2545.35
413,148,110.256,220.263,239.925,180.193,101.545,150.824,342.715,783.242,694.39,416.634,1829.8
413,149,71.1812,178.451,234.699,182.433,154.309,108.016,180.193,290.698,216.281,498.517,904.698
413,150,61.2257,148.087,227.481,134.647,122.203,116.229,183.428,356.901,262.823,248.636,498.268
413,151,57.9902,120.709,244.156,175.215,102.541,107.021,138.131,263.072,268.049,252.867,348.937
414,133,300.404,236.192,298.164,77.6522,131.411,276.263,479.104,592.596,1351.45,490.304,244.654
414,134,147.091,184.673,177.704,79.8921,90.0964,471.14,511.21,774.033,2170.03,1252.89,641.626
414,135,140.62,154.309,135.145,107.767,77.6522,1009.73,904.2,1533.88,2581.19,2288.75,1371.36
414,136,105.776,93.5808,167.251,157.544,121.207,1332.03,1189.17,2382.58,2724.55,2962.48,2404.98
414,137,69.9367,85.1187,157.793,160.531,180.193,937.301,883.293,2395.77,2291.73,2787.26,2983.39
414,138,53.7592,79.8921,107.021,83.8743,154.309,396.723,395.976,1455.48,1602.32,2177.25,2619.02
414,139,33.1017,54.7547,122.7,64.2124,81.8832,379.301,340.724,558.996,1673.5,1518.95,1863.65
414,140,48.2837,70.4345,86.3631,90.0964,80.8877,627.191,676.719,976.128,2172.02,1744.19,1407.2
414,141,51.5192,75.6611,76.9055,74.6655,77.6522,363.123,611.511,1520.69,2616.78,2433.1,1646.62
414,142,61.2257,87.1098,80.141,54.0081,55.0036,132.407,181.188,614,1623.73,3093.39,2376.36
414,143,62.4702,128.176,101.794,63.2168,37.3328,358.892,327.782,447.744,613.253,2606.08,3312.91
414,144,73.1722,167.997,140.371,70.4345,49.777,374.323,542.321,1221.78,1401.22,1242.68,2916.69
414,145,88.3542,183.677,182.931,67.4479,52.7637,320.066,359.888,876.076,1223.52,1338.75,1672.26
414,146,87.3587,180.442,249.383,77.6522,68.4434,508.97,467.157,683.439,293.436,1618.25,1676.24
414,147,72.1767,185.668,258.592,120.212,71.43,407.923,529.13,963.932,376.563,718.531,2054.05
414,148,73.1722,182.682,227.481,165.758,83.8743,204.832,292.689,495.53,378.554,345.95,1236.21
414,149,63.4657,167.997,231.712,137.882,118.967,175.464,259.587,302.893,133.9,292.689,551.529
415,135,112.496,94.5764,173.473,114.985,89.1009,582.391,400.954,1060.75,1367.62,1239.7,774.779
415,136,68.9412,109.261,114.238,134.647,137.633,375.319,311.604,887.276,1132.18,1486.34,1223.02
415,137,56.9947,111.252,110.256,98.5585,128.425,251.872,356.901,579.156,1064.23,1351.2,1531.14
415,138,50.5237,52.5148,117.474,44.5504,72.4256,471.14,608.524,677.216,1417.4,1208.84,1541.35
415,139,31.8573,53.5103,89.3498,70.4345,58.9858,706.834,756.86,1228,2150.62,1393.01,1457.22
415,140,34.0973,50.5237,52.017,81.8832,85.8654,573.183,675.723,1505.51,2584.17,1961.21,1641.65
415,141,47.0393,59.9813,91.3409,47.7859,51.7681,202.841,286.467,830.281,1965.94,2686.96,2103.08
415,142,52.5148,69.439,83.1276,52.7637,44.5504,189.65,153.313,251.872,745.162,2787.26,2789.75
415,143,36.3372,80.8877,82.1321,55.0036,59.9813,347.693,359.888,695.634,696.63,1686.94,2892.29
415,144,64.4613,96.5674,91.3409,56.9947,51.7681,264.067,345.701,937.301,1153.58,920.128,2026.42
415,145,37.3328,126.931,125.687,52.7637,47.5371,340.475,263.569,495.53,672.239,1201.62,1254.63
415,146,43.8038,132.158,188.157,52.7637,57.9902,443.513,391.994,561.983,212.05,1117.74,1350.95
415,147,48.2837,132.158,178.7,79.8921,47.5371,286.467,304.635,617.982,285.222,447.247,1236.21
415,148,33.1017,114.487,189.153,96.3186,82.8788,288.458,245.401,275.267,216.281,267.054,570.943
416,135,67.6968,86.1143,99.8029,64.2124,73.4211,194.628,223.499,329.275,735.207,644.861,530.125
416,136,58.9858,96.5674,68.6923,68.4434,56.9947,470.144,501.255,605.786,1043.82,954.972,888.271
416,137,50.5237,76.6566,112.247,58.9858,57.9902,742.424,767.811,1019.93,1377.83,1211.82,1345.72
416,138,55.7503,51.5192,91.3409,74.6655,66.2035,743.42,783.988,1385.05,1524.17,1413.67,1622.23
416,139,62.4702,57.7414,75.91,55.9992,60.9769,527.139,526.143,1290.22,1678.48,1557.03,1777.79
416,140,47.0393,53.5103,83.1276,61.2257,55.9992,221.259,270.538,827.045,1630.7,1718.55,1742.94
416,141,38.3283,36.835,90.3453,66.4523,71.43,118.22,100.052,252.867,1013.46,1949.02,1694.66
416,142,29.8662,40.0705,65.4568,76.6566,75.6611,215.037,200.353,291.693,445.753,1649.11,1793.96
416,143,28.6218,33.5995,72.6745,63.2168,48.7815,177.455,242.414,634.408,521.912,924.359,1634.43
416,144,38.3283,61.9724,61.2257,47.7859,48.7815,151.82,144.105,411.905,617.235,603.795,1210.58
416,145,39.5727,62.9679,99.8029,43.5549,40.3194,272.28,182.184,203.837,300.404,727.74,886.28
416,146,37.3328,65.2079,108.016,60.2302,55.0036,236.441,255.605,358.892,172.477,553.769,819.828
416,147,49.2793,75.6611,140.371,62.2213,70.4345,248.885,187.411,291.693,237.436,248.636,571.938
417,136,58.9858,59.9813,80.141,92.3364,84.8698,611.76,462.18,888.271,1119.98,879.311,651.83
417,137,48.2837,70.4345,50.0259,83.8743,101.545,512.952,450.98,930.084,1005.25,1163.79,973.141
417,138,47.0393,60.9769,58.2391,41.5638,84.8698,313.098,262.574,679.208,823.561,1063.49,1124.71
417,139,54.7547,44.0527,83.1276,70.4345,66.2035,145.847,162.273,410.909,765.571,798.424,980.359
417,140,48.2837,59.9813,77.9011,63.2168,74.6655,100.798,107.021,220.263,762.584,760.593,720.523
417,141,56.9947,55.7503,55.0036,45.546,65.2079,155.055,120.212,143.856,530.872,911.915,729.731
417,142,49.2793,48.2837,72.6745,33.1017,53.7592,141.616,149.331,280.494,313.595,882.298,1005.99
417,143,47.0393,57.7414,54.0081,42.5594,45.546,103.038,91.092,282.485,296.422,629.431,1206.6
417,144,40.5683,51.5192,57.2436,44.5504,70.4345,119.216,102.043,120.212,278.254,412.403,931.328
418,137,36.3372,45.2971,63.4657,54.0081,78.6477,130.416,141.118,245.65,379.799,526.143,585.378
418,138,35.0928,28.3729,63.4657,52.7637,68.4434,170.237,187.411,198.859,372.581,377.559,573.183
418,139,37.3328,40.0705,59.2347,42.5594,65.2079,176.46,225.49,244.654,557.503,361.381,487.068
418,140,58.9858,62.9679,62.4702,25.8841,45.546,143.856,172.229,211.055,659.048,617.235,607.778
418,141,41.8127,67.199,71.6789,39.3239,62.2213,122.203,120.212,171.233,473.131,879.311,1024.41
418,142,52.5148,51.5192,87.3587,46.5415,58.9858,80.3899,81.1366,164.264,278.254,845.463,1280.27
418,143,45.0482,58.7369,80.141,60.2302,56.9947,89.5987,78.8966,111.003,196.868,563.974,1127.7
418,144,33.1017,54.7547,51.0215,55.0036,57.9902,149.829,136.14,127.429,195.873,259.836,613.004
419,138,37.3328,60.9769,59.2347,50.7726,50.7726,371.088,340.724,469.149,659.048,442.269,576.169
419,139,34.0973,47.2882,52.017,66.4523,59.9813,222.254,263.569,452.722,890.511,675.474,632.417
419,140,36.3372,33.5995,61.2257,60.2302,65.2079,116.229,130.167,264.067,731.971,952.981,852.432
419,141,33.1017,44.0527,59.2347,45.546,47.5371,79.3944,80.141,133.651,423.354,940.786,1061.25
419,142,42.8082,35.8395,46.7904,42.5594,63.2168,81.6343,80.141,86.612,189.899,711.314,949.746
419,143,33.1017,44.0527,54.0081,55.9992,46.5415,117.225,125.189,150.824,193.882,367.354,630.426
420,143,47.0393,57.7414,65.4568,70.4345,59.9813,101.794,116.229,182.433,279.249,366.359,537.343
420,144,39.5727,40.0705,62.4702,68.4434,62.2213,85.6165,108.016,218.272,306.627,412.403,565.965
420,145,43.8038,40.0705,62.4702,57.9902,69.439,55.0036,74.9144,145.847,226.237,391.994,506.481
421,142,48.2837,46.2926,58.2391,54.0081,59.9813,51.0215,62.9679,110.007,314.591,466.66,517.93
