435,147,56.9947,50.5237,76.9055,112.994,125.189,90.5942,98.0607,107.021,193.882,264.067,475.868
436,147,69.9367,47.2882,140.371,212.548,128.425,191.642,120.212,69.1901,289.205,333.755,390.003
436,148,58.9858,74.6655,167.251,302.644,193.633,241.667,205.33,99.8029,260.832,274.271,416.385
436,149,45.0482,48.2837,142.362,330.519,200.85,163.02,238.432,130.416,198.859,250.627,462.429
436,150,45.0482,52.5148,125.687,210.308,158.291,120.212,236.441,221.259,159.286,224.246,564.969
436,151,46.0438,50.5237,124.691,106.772,100.55,139.625,188.406,233.454,126.931,198.61,504.49
436,157,74.4167,73.4211,292.938,136.887,186.415,96.8163,70.9323,96.8163,280.245,221.01,279.249
437,148,51.5192,59.9813,182.931,173.971,114.985,244.654,254.61,222.254,221.259,449.238,469.646
437,149,36.3372,57.7414,146.593,201.099,179.197,205.828,182.184,228.477,223.25,379.799,548.543
437,150,52.5148,54.7547,144.353,147.091,181.188,129.42,126.185,194.628,268.049,316.333,590.356
437,151,56.9947,53.5103,170.486,100.55,127.429,130.416,134.149,166.255,249.632,296.92,560.738
437,156,93.8297,74.6655,352.172,177.206,149.082,94.8252,133.154,175.464,240.672,308.12,255.854
437,160,111.252,216.281,193.135,64.2124,74.6655,109.012,62.9679,114.238,233.454,247.641,648.844
437,161,89.5987,195.126,176.708,77.6522,58.9858,116.229,108.016,122.203,297.418,201.597,504.49
437,164,63.4657,106.025,326.04,229.97,85.8654,70.1856,68.9412,89.5987,204.086,225.241,274.271
437,165,66.7012,118.718,357.399,228.974,108.763,71.43,59.9813,61.2257,156.3,177.953,316.084
438,146,64.4613,70.4345,235.694,69.439,55.0036,307.871,253.614,276.263,388.759,361.381,460.438
438,147,84.1232,93.5808,278.502,82.8788,65.2079,253.863,294.68,397.718,270.04,475.868,446.251
438,148,62.4702,95.5719,293.933,185.419,121.207,159.038,227.481,417.132,214.041,559.992,466.66
438,149,67.6968,75.6611,189.153,289.205,165.758,98.8074,175.215,323.302,214.041,515.939,497.273
438,150,45.0482,85.1187,110.256,210.308,166.753,95.8208,137.136,223.25,229.472,431.816,518.926
438,151,71.1812,79.8921,131.909,112.994,89.1009,119.216,154.309,156.051,209.064,346.946,508.721
438,152,73.1722,58.7369,139.127,155.553,118.967,216.032,136.14,134.647,209.064,210.806,447.247
438,156,96.0697,102.79,317.826,129.42,154.309,162.024,187.411,175.464,331.017,295.676,417.629
438,157,121.207,165.758,240.921,76.6566,127.429,182.433,195.375,193.633,309.613,295.676,634.408
438,158,168.993,228.725,148.584,64.2124,83.8743,122.203,165.26,166.255,295.427,340.724,646.853
438,162,86.3631,204.584,138.131,83.8743,74.6655,58.9858,73.9189,182.433,311.604,310.111,564.969
438,165,64.4613,164.762,388.51,189.65,91.092,66.2035,70.9323,74.4167,240.672,278.502,368.35
438,166,78.6477,164.762,256.601,218.521,117.972,91.8386,74.9144,76.4077,191.89,290.698,465.664
438,169,55.7503,104.034,151.571,156.549,164.513,127.429,162.273,195.873,141.118,230.219,479.851
439,146,51.5192,141.616,146.593,115.98,120.212,169.242,157.295,284.476,525.894,409.416,507.477
439,147,71.1812,128.176,230.717,156.549,192.637,132.407,152.318,324.297,726.994,428.829,564.969
439,148,74.4167,109.261,286.716,250.876,220.512,121.207,98.0607,256.849,708.576,510.712,558.747
439,149,74.4167,89.3498,193.135,277.756,261.827,160.033,105.03,207.072,617.235,618.231,504.49
439,150,68.9412,102.79,137.136,130.665,192.637,193.633,137.136,173.224,536.099,594.587,516.686
439,151,80.8877,73.4211,165.26,111.003,72.4256,215.037,149.331,134.647,400.954,549.538,501.504
439,158,221.01,222.503,112.247,78.8966,68.4434,182.433,229.472,276.263,218.272,677.714,903.702
439,159,174.468,225.49,183.926,66.4523,72.4256,88.6031,157.295,179.446,316.831,431.816,1063.24
439,160,124.443,152.069,189.153,55.0036,49.777,56.9947,90.0964,79.3944,391.745,291.693,748.149
439,163,113.492,203.588,221.259,147.091,144.851,81.6343,91.092,201.846,408.172,316.333,498.268
439,164,93.8297,190.895,274.271,156.549,133.651,54.0081,70.9323,149.829,283.231,357.15,492.295
439,166,105.776,193.135,251.374,203.09,154.309,77.4033,60.9769,81.6343,184.673,374.572,463.673
439,167,80.8877,169.989,252.37,196.868,141.865,146.842,99.0563,105.03,193.882,371.586,574.178
439,169,51.5192,97.563,115.234,124.443,149.082,158.042,145.1,231.463,131.909,251.872,519.921
440,147,73.1722,149.082,413.398,278.751,290.947,145.847,161.278,258.094,510.712,609.022,436.047
440,148,64.4613,130.167,541.076,324.297,257.845,153.811,221.508,202.841,423.354,530.125,669.252
440,149,80.8877,91.3409,317.826,294.182,175.962,156.051,202.344,232.459,334.999,478.108,779.757
440,150,77.6522,98.8074,157.793,125.438,107.767,132.407,153.313,273.276,365.363,503.495,865.871
440,151,99.3052,84.1232,174.468,127.429,128.425,251.872,108.016,207.072,415.14,395.976,1024.41
440,152,126.434,95.5719,209.81,158.54,130.416,330.271,117.225,154.06,336.99,282.485,987.576
440,153,138.38,166.753,197.366,139.873,92.0875,215.037,126.185,152.815,267.054,300.902,511.708
440,157,251.623,185.668,105.03,79.8921,135.642,305.88,268.547,277.258,618.231,524.152,638.639
440,160,162.522,172.229,178.7,97.3141,66.2035,80.3899,133.154,173.224,236.441,585.378,666.266
440,164,138.38,205.579,208.815,154.309,159.535,85.6165,90.0964,126.434,551.281,489.308,661.039
440,165,138.38,218.272,215.037,207.321,142.86,63.2168,80.141,95.8208,312.6,402.198,794.193
440,166,134.149,197.366,241.916,257.098,150.078,81.6343,82.1321,72.4256,223.25,525.148,539.334
440,167,117.723,138.629,252.37,227.979,182.184,81.6343,103.038,87.6076,237.436,390.003,512.703
440,168,67.6968,129.171,188.157,154.309,183.179,123.447,137.136,114.238,193.882,441.024,541.325
440,170,48.2837,92.3364,126.683,104.781,122.203,116.229,132.158,174.22,140.122,235.445,521.912
441,144,56.9947,56.7458,78.8966,150.327,167.749,126.434,133.154,193.633,662.035,239.428,276.263
441,145,68.9412,84.1232,166.255,243.41,243.161,162.024,145.1,273.276,723.011,306.129,590.356
441,146,69.9367,148.087,283.48,307.622,289.951,298.662,173.224,283.48,676.221,393.985,894.493
441,147,77.6522,253.863,384.279,306.627,241.17,381.292,232.459,210.059,574.676,589.609,962.937
441,148,97.0652,234.948,338.733,226.983,140.869,378.305,263.569,201.846,648.844,753.375,974.385
441,149,105.776,133.402,171.482,152.318,108.763,259.089,195.375,191.642,714.798,768.806,1015.2
441,150,107.021,116.478,123.696,134.647,105.527,127.429,119.216,188.655,492.295,923.364,798.175
441,151,96.0697,92.3364,223.25,164.762,108.763,106.025,84.1232,142.611,236.441,1024.66,591.6
441,152,138.38,113.492,229.472,108.763,97.3141,123.447,110.007,150.824,238.432,566.96,636.648
441,153,186.415,204.584,222.254,127.429,96.3186,94.8252,146.096,207.072,380.794,276.263,543.316
441,155,161.278,187.908,145.349,205.081,151.073,169.242,153.313,219.268,891.507,529.13,676.47
441,156,204.832,164.762,135.145,114.985,121.207,259.089,321.56,292.689,683.19,863.88,865.871
441,158,338.484,201.597,113.243,84.8698,92.0875,201.846,256.601,484.331,707.58,944.768,1119.49
441,159,175.464,194.13,130.914,117.225,104.532,150.824,188.406,316.084,837.747,578.409,1324.32
441,160,143.856,181.437,110.256,194.877,134.647,99.8029,141.118,220.263,548.294,562.978,751.135
441,162,227.73,209.81,236.939,211.303,262.823,86.612,74.9144,139.625,501.504,490.304,707.083
441,163,237.436,177.455,254.61,159.535,231.961,116.229,115.234,206.077,497.521,531.121,788.966
441,164,164.513,212.05,221.259,126.434,170.735,99.8029,134.149,169.242,405.185,926.351,674.479
441,165,161.278,187.908,186.913,189.65,129.42,81.6343,72.9233,120.212,432.562,762.584,857.658
441,166,195.126,153.313,225.49,245.65,134.647,62.2213,81.1366,83.6254,218.272,425.842,1038.85
441,167,140.62,137.385,236.939,239.428,117.972,89.5987,73.9189,90.5942,218.272,436.047,707.083
441,168,66.7012,146.842,181.686,190.646,176.957,135.642,84.1232,96.8163,229.472,351.177,588.364
441,169,77.6522,117.474,138.131,143.109,185.419,90.5942,158.291,145.847,202.095,398.216,620.222
442,144,69.9367,70.4345,284.725,320.066,209.064,106.025,134.149,338.484,339.977,368.35,376.563
442,145,84.1232,134.398,357.399,355.408,214.29,213.046,260.583,341.719,480.099,662.283,929.337
442,146,84.1232,240.174,422.856,297.418,240.174,436.545,540.33,464.917,612.257,839.241,1425.61
442,147,81.8832,279,466.411,194.877,197.615,519.174,788.966,736.451,625.448,923.364,1496.3
442,148,96.0697,181.437,312.6,135.642,109.758,316.084,613.502,729.233,478.108,977.621,1248.66
442,149,92.8342,99.8029,114.238,127.429,104.532,156.051,304.635,399.71,433.558,852.681,1170.76
442,150,115.732,91.3409,128.923,101.545,107.767,97.8119,172.229,223.25,337.986,512.703,1230.24
442,151,138.38,85.1187,260.832,102.541,112.745,98.8074,129.171,185.668,257.845,328.528,848.449
442,152,130.914,217.277,274.271,83.8743,91.092,142.611,111.003,180.442,619.226,230.219,336.742
442,156,387.514,223.499,149.58,102.541,142.86,357.897,306.627,301.898,932.075,1235.47,1490.08
442,157,352.67,180.442,134.149,118.22,92.0875,225.241,414.892,566.96,689.412,988.821,1678.48
442,158,254.858,206.824,144.353,124.443,105.527,171.233,356.901,764.824,544.312,1084.89,1025.41
442,159,187.411,184.673,169.242,160.531,139.873,184.424,227.481,555.761,486.322,899.72,979.363
442,160,274.271,256.103,173.473,294.182,153.313,128.425,131.162,238.681,518.926,520.917,1090.86
442,161,258.094,267.552,249.383,396.723,212.299,68.1945,75.91,162.024,430.571,409.416,630.426
442,162,181.935,189.899,310.609,294.182,318.822,119.216,91.092,163.02,446.749,688.914,489.059
442,163,226.485,175.215,277.258,182.433,282.485,165.26,167.251,281.489,841.73,728.736,915.897
442,164,262.325,193.135,246.147,113.989,229.721,120.212,226.485,282.485,607.031,760.593,1179.96
442,165,255.854,204.584,217.028,111.998,125.189,98.8074,152.318,209.064,419.371,1115.75,850.441
442,166,176.46,172.229,229.472,162.771,85.8654,97.8119,101.047,127.429,427.336,732.967,813.606
442,167,127.678,140.62,204.584,189.65,107.767,65.2079,83.1276,88.6031,278.254,481.095,1008.98
442,168,88.3542,113.492,162.024,164.762,130.416,90.5942,75.91,80.3899,249.632,611.013,588.364
442,169,74.4167,119.714,139.127,90.0964,153.313,100.798,107.021,146.842,186.664,459.442,764.575
442,170,84.1232,89.3498,150.576,96.3186,106.523,114.238,143.109,225.241,260.832,358.146,785.979
442,171,52.5148,53.5103,141.367,121.207,79.6432,104.034,102.043,193.633,329.026,279.498,470.642
443,143,86.3631,100.798,311.604,306.627,366.359,97.8119,120.212,273.276,334.999,231.214,172.975
443,144,88.3542,229.721,390.501,346.199,451.229,251.872,233.454,386.519,592.844,508.721,327.533
443,145,101.545,332.511,414.394,233.205,290.947,590.356,342.715,477.362,744.167,1058.51,731.722
443,146,108.016,355.657,346.946,181.437,180.193,873.089,398.963,471.14,920.875,1304.16,1278.27
443,147,114.487,304.138,197.366,132.656,152.069,725.002,473.131,486.57,1154.58,1153.58,1561.75
443,148,108.016,160.531,114.238,101.545,124.194,384.528,381.79,429.327,1184.94,1034.86,1289.47
443,149,117.723,95.5719,105.03,129.42,135.642,196.868,263.569,350.679,890.511,1154.58,929.337
443,150,117.723,75.6611,135.145,129.42,154.309,176.46,222.503,353.915,747.402,943.772,884.289
443,151,125.438,128.176,195.375,109.758,149.082,177.455,232.459,455.958,619.226,579.405,807.383
443,154,317.826,289.453,116.478,320.066,255.605,137.633,236.441,330.519,1650.11,751.384,1142.13
443,155,298.413,162.771,91.3409,167.997,166.753,163.02,221.508,218.272,1312.87,1279.52,1062.24
443,157,348.439,153.313,113.243,146.096,171.731,159.038,216.281,405.932,846.707,1613.27,1259.86
443,158,253.614,164.762,125.687,179.197,169.74,181.437,284.476,411.905,1076.18,927.346,1555.53
443,159,270.04,223.499,163.02,210.308,202.841,190.646,392.99,527.139,866.12,950.99,942.528
443,160,271.036,307.373,288.707,285.969,247.392,113.243,292.689,409.914,433.558,1030.63,775.775
443,161,275.516,340.973,371.834,305.631,274.271,84.621,123.198,186.664,707.58,677.714,1193.4
443,162,360.386,287.462,392.741,252.867,278.502,107.021,91.092,150.824,743.171,634.657,1201.37
443,163,319.071,267.552,360.386,241.419,202.841,201.846,115.234,203.837,738.193,1106.54,847.454
443,164,213.543,239.179,336.493,164.762,172.975,176.46,170.237,281.489,947.257,1103.56,1126.7
443,165,199.357,159.535,283.48,141.865,125.189,140.62,186.415,310.111,504.49,854.672,1338.5
443,166,211.303,135.394,215.037,154.309,105.527,127.429,169.242,234.45,395.976,1062.49,807.383
443,167,146.096,157.544,160.033,167.997,91.092,109.012,128.176,127.429,440.527,605.04,941.533
443,168,126.434,182.682,191.144,122.203,116.976,55.9992,80.141,118.22,361.381,540.33,887.276
443,170,69.9367,89.3498,110.256,63.2168,96.3186,110.007,126.185,238.681,253.863,510.712,760.344
443,171,67.6968,84.1232,126.683,65.2079,65.2079,83.6254,132.158,206.077,270.04,503.495,662.035
443,172,67.6968,56.7458,120.46,73.67,68.4434,49.777,84.1232,104.034,283.231,351.177,571.938
443,175,56.9947,55.7503,64.4613,47.7859,48.7815,56.9947,77.9011,82.6299,117.723,148.336,508.721
444,143,202.593,293.684,582.64,523.157,317.826,287.462,278.502,204.832,356.404,190.397,260.832
444,144,164.513,303.142,448.74,420.616,278.502,445.753,619.475,408.918,921.871,431.816,452.224
444,145,184.175,350.43,267.054,259.089,201.846,406.927,737.944,676.221,1166.77,967.168,1451.25
444,146,159.038,341.968,207.819,196.868,213.295,336.493,659.546,965.923,1008.23,1354.18,2737.74
444,147,145.1,201.597,150.576,132.656,175.962,251.872,474.126,1016.94,882.298,1332.78,3048.84
444,148,133.154,93.5808,125.687,134.647,118.967,234.45,366.857,813.854,809.126,1050.3,2506.27
444,149,149.331,60.9769,112.247,185.419,211.303,191.642,438.038,868.858,567.458,807.632,1789.98
444,150,192.886,71.43,154.807,162.771,306.378,212.05,355.657,802.655,731.971,681.696,1240.44
444,151,157.047,182.682,202.593,169.989,313.595,301.898,265.56,539.583,1560.76,459.442,923.115
444,152,270.04,339.977,195.375,212.548,345.701,359.888,365.861,547.547,1693.66,731.971,650.835
444,155,390.75,254.858,222.254,173.971,186.415,329.275,437.042,535.352,1221.53,1076.93,1346.72
444,156,429.825,195.126,161.029,247.641,175.962,302.893,480.099,659.795,1073.19,781.002,1414.41
444,157,364.617,183.677,200.601,219.766,207.072,257.845,450.98,842.476,633.662,1127.95,850.441
444,158,334.253,272.778,263.818,202.095,206.077,315.089,300.653,693.394,724.007,913.16,744.913
444,159,370.092,392.243,302.395,342.964,166.753,346.697,256.601,390.501,926.102,544.561,1027.4
444,160,357.15,354.661,338.733,513.948,246.396,224.246,289.702,428.331,715.794,811.614,683.688
444,161,267.8,326.288,376.065,496.277,292.938,110.007,221.508,404.936,642.621,1135.17,699.865
444,162,254.858,288.458,297.169,326.288,359.141,98.8074,163.269,255.854,1040.84,1019.43,1241.44
444,163,298.413,284.227,229.472,181.437,327.035,124.443,235.445,305.88,883.293,851.685,1316.1
444,164,357.15,310.609,258.592,120.212,167.749,140.62,201.348,344.706,814.352,1259.11,832.023
444,165,347.195,253.863,250.378,87.1098,126.185,138.629,137.136,288.458,1045.82,954.972,988.572
444,166,175.464,202.593,261.827,126.434,82.8788,153.811,148.087,201.846,568.454,904.946,1020.43
444,168,146.096,151.073,177.704,126.434,82.8788,80.3899,136.14,198.859,445.753,590.604,987.576
444,169,166.753,125.936,112.247,73.67,83.8743,80.3899,69.9367,121.207,395.976,626.444,772.54
444,170,105.776,118.718,108.016,55.9992,80.8877,111.998,115.234,167.251,482.339,580.4,611.013
444,171,79.6432,93.5808,98.8074,51.7681,56.9947,88.6031,118.22,174.22,284.227,539.334,675.474
444,173,68.9412,84.1232,78.8966,45.546,58.9858,84.621,65.9546,58.9858,191.89,315.337,663.03
445,142,250.378,206.824,551.529,331.515,251.623,295.676,132.158,113.243,169.491,273.276,299.907
445,145,311.355,367.106,139.127,151.322,225.739,607.778,541.325,876.076,1306.9,2085.16,2280.29
445,146,217.775,300.155,145.349,148.087,142.86,455.709,520.17,864.876,1301.67,2873.38,4367.93
445,147,127.678,148.087,96.5674,113.989,100.55,314.093,577.414,820.077,1100.57,2226.28,4378.14
445,148,114.487,95.5719,128.923,205.081,121.207,398.714,370.839,560.987,932.075,1504.76,2766.36
445,149,154.807,86.1143,127.678,333.755,268.049,445.753,383.781,590.604,1014.46,1067.72,1701.88
445,150,169.989,86.1143,92.5853,374.074,412.9,274.271,442.02,983.096,1073.19,881.302,1186.19
445,151,164.513,144.851,112.247,421.611,386.021,401.701,331.764,990.314,1143.38,1030.63,707.083
445,152,370.092,219.268,148.584,452.722,390.252,481.344,473.131,737.447,1653.1,1396.25,570.943
445,153,611.511,197.366,247.143,372.083,366.359,406.927,498.268,618.977,2177.99,1228.25,1608.79
445,154,595.084,109.261,238.93,213.543,197.615,383.532,329.773,466.162,1506.75,1117.74,2185.96
445,155,376.563,110.256,124.691,150.327,136.638,274.271,331.764,394.732,693.394,1742.2,1080.66
445,156,323.302,162.771,293.933,189.65,193.633,293.684,455.958,508.97,541.076,1515.96,1038.85
445,157,316.831,272.778,303.391,218.521,203.837,230.468,448.989,497.77,459.94,708.327,1950.76
445,158,391.745,318.822,220.263,178.202,214.29,187.659,451.975,598.569,510.712,571.191,1211.82
445,159,428.829,396.474,408.172,207.321,184.175,176.46,427.087,627.191,532.116,635.653,665.27
445,160,349.435,504.49,528.632,309.862,224.743,205.828,263.569,411.905,1058.01,608.026,1244.43
445,161,319.071,593.591,622.213,295.427,255.605,161.029,213.295,453.718,1325.06,784.984,1247.41
445,162,358.146,570.694,565.965,276.76,189.402,233.454,172.229,356.901,851.934,1537.36,886.28
445,163,339.728,405.932,396.723,254.858,210.059,284.476,252.37,344.706,977.87,1334.77,1122.72
445,164,245.152,208.815,295.924,187.659,186.415,191.642,392.99,601.804,687.421,973.39,1317.1
445,165,204.832,143.856,247.143,159.535,156.3,125.438,288.707,494.535,890.511,1225.26,834.014
445,166,198.361,183.677,169.242,173.971,158.291,161.029,203.339,289.702,1037.6,747.153,1095.09
445,167,245.152,256.103,155.802,114.985,141.865,175.464,175.215,245.65,580.649,755.366,877.071
445,169,140.62,126.931,106.025,77.6522,77.6522,71.43,122.203,192.637,474.126,698.123,705.092
445,170,124.443,98.8074,71.6789,55.0036,67.199,101.794,89.1009,152.815,554.267,817.837,641.626
445,171,90.5942,110.256,81.1366,47.7859,70.4345,81.6343,108.016,129.42,589.858,540.33,802.406
445,172,69.9367,70.4345,73.67,73.67,41.3149,57.9902,66.9501,89.5987,197.864,696.132,648.844
445,174,65.7057,60.9769,61.2257,77.6522,66.2035,95.8208,70.9323,97.8119,189.899,252.867,650.835
446,144,325.542,320.066,227.481,302.644,232.957,485.326,1389.53,1442.29,2297.96,1277.53,1045.82
446,145,259.089,201.597,172.477,264.316,247.392,542.57,1321.33,1893.02,2799.46,4001.33,2714.09
446,146,177.704,185.668,142.362,166.753,301.151,706.834,776.024,1342.24,1761.86,5170.34,4412.98
446,147,116.727,100.798,118.469,118.22,176.957,695.634,712.807,985.336,1176.73,3421.92,3847.02
446,148,98.3096,76.6566,156.798,196.868,174.966,595.582,1088.87,1145.37,945.266,1716.56,2248.43
446,149,113.492,94.5764,135.145,370.839,343.71,511.957,1115.75,1402.47,619.226,1349.21,1175.98
446,150,183.179,98.8074,144.353,411.407,375.817,334.502,621.466,1079.17,1750.66,1014.46,875.08
446,151,186.415,134.398,256.601,463.175,399.461,583.387,522.161,933.319,2958,653.075,1057.26
446,152,264.565,186.913,412.403,391.745,364.368,824.059,1016.7,1658.32,1988.09,2291.98,806.388
446,153,286.467,186.913,453.967,291.196,297.169,575.174,1140.89,1677.73,1268.32,3979.92,1444.03
446,154,333.008,202.593,244.156,251.872,229.721,585.378,794.939,1040.34,1894.76,2150.62,3204.4
446,155,384.279,272.778,146.593,337.737,355.159,851.685,699.616,584.382,1430.59,879.311,2735.75
446,157,420.118,419.62,390.501,266.307,255.605,662.781,1070.7,1185.19,616.24,1272.3,1262.84
446,158,589.609,483.584,441.522,247.641,160.531,548.543,655.563,707.829,943.275,591.6,1836.03
446,159,344.955,283.231,435.3,351.177,176.957,340.475,610.515,1027.15,853.925,1064.48,954.723
446,160,264.565,294.929,490.304,618.48,277.507,214.041,403.941,954.723,1127.2,1611.28,1278.27
446,161,282.982,329.524,426.838,568.951,436.793,170.237,307.622,586.373,2165.8,1274.29,2510.5
446,162,476.615,409.167,270.04,244.654,384.03,140.62,298.662,374.323,1425.61,1172,2148.13
446,164,458.198,309.613,186.913,158.54,152.069,289.702,231.463,365.115,1304.9,1000.02,1036.61
446,165,235.196,311.604,220.263,178.202,169.74,225.241,284.476,559.992,855.916,1245.67,1059.26
446,166,199.357,374.572,305.382,210.308,191.393,232.459,298.662,440.527,827.543,1459.71,890.262
446,167,273.276,239.179,277.258,206.326,175.962,182.433,334.751,443.513,759.349,753.375,1416.41
446,168,303.64,161.526,132.905,112.994,123.198,124.443,176.211,286.467,653.821,644.861,845.214
446,171,130.914,55.7503,59.2347,57.9902,83.8743,86.612,93.083,215.037,624.453,698.123,645.857
446,172,95.0741,93.5808,77.9011,67.4479,65.2079,67.199,72.9233,90.5942,332.013,487.317,846.458
446,174,61.2257,62.9679,54.0081,63.2168,86.8609,92.8342,96.0697,109.012,187.659,243.659,573.183
447,143,454.962,308.369,348.937,273.525,441.024,934.066,436.047,350.679,1455.98,756.362,943.524
447,144,551.778,261.329,151.571,299.409,487.566,982.101,732.718,739.438,3913.47,1638.91,1834.03
447,145,398.465,277.009,234.699,346.199,327.035,724.007,1078.67,1139.15,5241.77,3244.96,3176.77
447,146,228.725,196.121,167.251,309.862,272.28,659.795,1413.67,1348.46,3171.29,4116.06,4039.41
447,147,118.967,98.8074,145.349,214.539,291.942,1274.79,1094.85,1405.45,1698.89,2788.26,3320.13
447,148,109.012,102.79,264.814,334.751,482.339,2072.47,1029.64,1112.77,2814.89,1117.74,1637.42
447,149,111.252,84.1232,262.823,408.172,583.885,1568.47,2110.55,2055.29,2881.84,1042.08,1052.04
447,150,190.646,110.256,289.702,512.952,455.46,648.595,1720.54,2693.68,1766.84,2361.42,792.201
447,151,197.117,187.908,453.967,511.957,525.894,818.832,667.51,1386.04,2574.22,2721.81,1177.97
447,152,344.955,238.183,675.225,360.635,452.473,1170.76,702.852,1097.33,3034.16,1674.75,2303.68
447,153,527.637,256.103,797.677,233.205,184.175,909.675,660.541,1236.21,1354.43,1990.83,2102.08
447,154,448.242,215.037,405.185,302.644,175.962,694.39,521.166,741.429,650.835,2083.17,1224.02
447,155,379.799,245.401,465.415,293.187,249.383,1022.92,489.059,527.139,745.162,863.88,1117.49
447,156,372.332,385.025,796.681,151.322,190.397,1126.95,522.161,553.769,421.363,516.934,987.576
447,158,476.615,413.398,391.496,344.955,227.73,329.275,200.353,386.519,621.466,540.33,862.636
447,159,323.302,391.247,489.308,349.186,421.363,281.489,248.387,553.769,1163.54,549.538,1247.41
447,160,359.141,698.621,807.135,254.858,316.831,273.276,247.392,893.498,1066.22,1424.87,943.524
447,161,599.564,1003.75,996.038,338.733,169.74,382.288,271.534,702.603,941.284,2156.84,1392.76
447,162,547.298,680.701,598.32,254.858,191.393,461.931,476.117,531.37,925.106,1290.72,2350.72
447,163,324.297,282.236,287.711,311.853,206.077,286.467,634.657,651.581,654.817,673.483,1437.81
447,164,184.175,206.824,376.065,387.514,294.929,227.481,442.02,604.791,1231.73,881.302,636.648
447,165,204.832,208.815,401.95,316.084,352.919,222.254,313.595,500.757,1599.34,770.797,1210.58
447,166,439.78,294.929,217.028,227.979,297.169,353.915,267.552,603.795,939.293,1382.81,842.227
447,167,454.962,398.714,202.593,151.322,198.859,313.098,376.812,505.735,949.248,1329.54,909.675
447,168,266.805,305.382,164.264,121.207,126.185,124.443,367.852,590.604,678.212,766.566,1107.29
447,169,228.725,128.176,93.5808,108.763,129.42,116.229,153.313,233.454,719.776,872.094,641.626
447,170,204.832,105.03,71.6789,101.545,120.212,125.438,162.273,254.858,514.694,682.692,898.475
447,172,114.487,53.5103,47.7859,55.9992,49.777,61.2257,83.1276,108.016,309.613,471.886,910.92
447,173,58.9858,47.2882,57.2436,70.4345,83.8743,77.4033,73.9189,61.2257,146.096,331.515,600.809
448,143,833.267,544.312,589.858,745.909,343.71,404.936,1096.84,1123.97,1417.4,1211.82,774.779
448,144,349.435,202.593,222.254,697.376,595.084,953.479,1700.38,2717.08,2802.7,2365.65,2004.77
448,145,243.907,180.442,156.798,343.959,808.379,2436.59,1773.56,2984.38,3707.39,3780.32,4563.56
448,146,174.468,160.531,143.358,254.858,729.731,2566.01,2435.59,1989.84,2188.2,4040.15,7153.95
448,147,181.935,105.03,109.012,359.639,449.238,1581.91,3631.73,3715.86,743.171,2243.7,6089.47
448,148,127.678,104.034,143.358,552.276,401.701,1981.62,2366.4,3915.71,1691.67,1221.03,2182.97
448,149,108.016,88.1053,254.61,503.495,429.576,2177.5,1267.32,2072.47,4076.99,1618.25,1693.66
448,150,134.149,175.215,300.155,582.391,341.719,859.649,1053.78,1607.55,4197.95,2263.11,3234.01
448,151,211.303,340.973,483.086,580.151,397.47,401.701,416.883,1177.97,1949.52,3568.27,2604.58
448,152,441.771,626.195,697.874,324.297,350.928,373.328,421.86,689.412,1167.77,3677.78,1969.18
448,153,545.058,744.664,772.788,261.081,250.627,441.522,508.223,684.434,1356.67,1919.15,2988.36
448,154,603.795,650.337,509.966,378.305,428.58,611.76,508.223,479.353,999.025,694.887,2842.02
448,156,387.514,532.863,530.872,192.637,235.943,479.353,831.028,1069.96,913.906,1086.13,953.728
448,157,432.065,431.069,305.382,311.853,164.513,266.058,402.945,552.774,1254.13,1012.22,1538.11
448,158,385.274,274.769,507.975,735.705,351.924,136.638,196.37,450.731,966.67,1630.7,1189.17
448,159,334.253,489.806,783.242,836.254,571.44,162.024,173.224,452.722,1729.25,1691.92,1975.15
448,160,350.43,449.984,411.407,447.496,543.565,198.859,222.503,451.727,2654.36,1372.6,2751.92
448,161,723.509,466.909,256.601,203.09,349.933,400.705,394.981,643.617,1535.37,2364.66,1441.05
448,163,493.041,294.929,169.242,261.081,297.169,567.956,463.175,632.417,1005.25,748.149,1465.44
448,165,382.039,657.555,506.979,342.964,330.271,218.272,392.99,667.012,1542.34,1468.92,1611.78
448,166,363.621,548.543,475.62,298.413,369.594,250.876,378.803,726.247,1196.14,900.715,1824.83
448,167,446.251,300.155,337.488,214.539,231.961,348.688,311.604,468.153,1067.22,1272.3,690.656
448,168,422.358,212.05,148.584,129.42,157.295,241.667,356.901,507.975,961.443,809.623,842.227
448,170,197.117,86.1143,80.141,111.003,171.731,132.407,202.344,210.059,630.426,747.153,1116.5
448,171,136.389,102.79,73.67,77.6522,92.0875,94.8252,161.278,301.898,324.795,680.701,874.085
448,172,87.3587,55.7503,61.2257,76.6566,53.7592,48.7815,72.9233,121.207,179.695,614.249,771.544
448,173,53.7592,57.7414,52.017,78.8966,93.083,97.8119,60.9769,82.6299,173.473,250.627,668.257
449,142,637.644,473.131,457.949,341.968,465.913,929.088,586.373,479.353,1417.4,407.425,357.15
449,143,761.589,456.206,384.279,605.04,799.17,1794.96,2436.59,2037.87,2985.38,1231.48,490.055
449,144,653.821,312.6,356.404,1145.87,1078.67,1976.65,4533.19,4698.95,3977.43,3554.08,2059.03
449,145,357.15,205.579,340.724,1493.06,1450.25,2397.76,4210.39,5100.9,3398.78,6460.06,4874.66
449,146,186.415,164.762,194.379,1063.98,1750.41,3628.75,1962.21,2381.58,1574.95,7008.85,6883.67
449,147,173.224,115.483,113.243,388.51,1310.38,3904.26,2543.86,1973.66,1900.98,3627.75,5997.39
449,148,151.571,130.167,198.361,295.427,472.135,2203.88,3709.88,3862.7,3666.82,1197.64,2328.32
449,149,175.464,143.856,220.263,298.413,209.064,1154.58,2544.85,4053.34,3248.45,3964.49,932.324
449,150,183.179,135.394,261.827,398.963,209.064,486.322,977.372,2120.5,3265.62,4767.15,3163.33
449,151,221.01,287.462,533.859,595.831,294.929,346.697,427.087,890.262,3200.66,2608.07,4632
449,152,312.351,484.579,868.36,637.146,459.691,572.187,550.285,849.694,1663.3,1996.06,3966.73
449,153,274.271,435.3,531.868,639.386,528.881,676.221,876.325,787.473,783.739,2258.13,1588.39
449,154,310.36,273.774,419.62,495.281,397.47,930.084,708.825,689.412,1799.44,909.924,1265.83
449,155,239.676,328.28,788.219,229.97,171.731,1144.37,828.041,851.685,1589.13,1080.91,793.197
449,157,242.912,181.437,224.494,449.735,468.9,244.654,364.866,771.046,1667.28,1515.96,1753.15
449,158,316.831,532.863,562.978,585.378,771.046,137.633,144.105,547.547,1515.96,1563.99,1750.16
449,159,786.477,1300.42,1090.61,399.958,664.523,210.059,161.278,762.833,1066.22,2166.05,1290.47
449,160,1013.71,1468.42,866.12,316.084,311.604,389.505,347.693,759.846,1656.08,1325.56,2467.45
449,161,798.424,727.989,423.851,315.089,298.164,546.552,656.559,867.863,1405.21,889.516,1552.55
449,162,286.467,340.973,467.406,436.296,344.706,371.088,792.948,910.671,651.83,1059.5,753.126
449,163,226.485,448.989,792.45,527.388,427.585,301.898,353.666,527.139,1634.93,504.49,1115.5
449,164,181.935,395.479,672.985,521.166,476.117,278.254,313.595,675.225,1438.81,1294.95,647.848
449,165,645.11,391.247,546.303,509.717,448.242,322.306,263.569,600.809,1176.73,2268.34,1432.83
449,166,822.317,538.09,516.188,353.417,444.011,348.688,409.914,695.634,1191.16,1034.86,1964.95
449,167,441.771,444.758,332.511,194.877,251.623,320.066,381.79,675.225,890.511,1177.23,816.592
449,168,232.957,240.174,195.375,164.762,195.624,309.862,298.662,360.883,1218.54,761.589,904.698
449,170,116.727,146.842,83.1276,108.763,173.971,178.451,187.411,291.693,570.694,956.963,1016.2
449,171,104.781,75.6611,74.9144,77.6522,114.985,89.5987,173.224,234.45,497.521,506.73,1065.48
450,142,1319.34,1234.47,1788.49,1592.37,889.267,1313.62,1078.67,842.476,1095.59,402.198,260.832
450,143,583.138,558.001,1083.4,2434.84,2867.16,4091.92,1647.37,1577.93,3663.84,1406.45,1264.83
450,144,453.718,376.563,268.049,1910.44,3578.22,6415.26,3570.51,2481.63,7205.72,3706.65,3999.58
450,145,438.536,440.527,373.825,1482.61,1760.61,4890.59,5507.83,3564.78,8503.66,5911.52,6134.52
450,146,315.835,353.417,192.139,1791.48,997.781,2481.38,5099.66,4324.63,4890.34,7066.1,5465.27
450,147,216.779,180.442,147.589,948.999,1353.94,3231.03,2585.92,3931.89,1842.99,5234.8,3065.27
450,148,210.308,170.984,221.259,219.766,685.181,3368.66,1772.56,2320.36,4909.76,1574.2,1448.01
450,149,183.179,117.474,252.37,130.665,180.193,1684.95,2550.82,2815.14,4732.05,1608.05,1442.04
450,151,571.191,577.911,700.114,467.406,269.045,605.786,566.463,1364.64,1109.78,5662.63,3352.73
450,152,656.061,964.928,1383.3,694.141,558.001,1081.16,458.944,552.774,1348.46,3108.82,7690.05
450,153,767.064,1338.26,1438.56,505.735,637.644,1101.57,671.741,499.761,579.654,851.685,5314.69
450,154,698.372,852.681,811.117,176.211,265.063,685.43,755.864,816.841,1239.7,757.358,1181.96
450,155,285.222,447.993,619.973,368.848,221.508,715.794,488.064,777.268,1938.57,562.978,618.231
450,156,207.072,225.49,381.292,1019.43,618.977,470.144,471.14,592.596,972.643,1335.77,998.776
450,157,279.747,320.066,508.97,1641.15,1403.46,303.889,286.467,531.37,543.067,1609.04,960.946
450,158,610.266,830.779,1006.49,1628.7,1858.92,229.472,235.445,233.454,812.361,732.967,1973.16
450,159,551.778,724.754,631.422,695.136,1268.07,280.494,283.48,398.714,769.553,731.971,1226.01
450,162,427.585,301.151,252.37,312.849,187.411,733.216,832.023,1079.17,425.345,666.266,955.968
450,163,531.121,608.275,542.072,552.276,428.58,294.68,489.059,975.132,1511.98,352.172,779.757
450,164,636.399,820.325,948.252,733.465,558.996,217.277,313.595,622.213,1888.79,735.953,539.334
450,165,611.511,739.438,972.145,645.608,550.783,278.254,239.428,593.591,1152.59,1760.61,682.692
450,166,448.242,664.026,894.244,361.63,447.247,417.132,284.476,455.958,1438.81,1068.71,1054.03
450,168,212.299,256.103,154.807,237.188,231.961,312.102,337.737,549.787,1111.77,960.199,1258.86
450,169,160.282,140.62,111.252,187.659,209.064,190.646,307.622,474.126,635.653,820.823,1018.19
450,170,164.513,143.856,110.256,131.66,161.526,202.841,198.361,454.962,516.686,1007.24,803.401
450,171,116.727,93.5808,73.67,95.323,139.873,73.4211,156.3,243.659,574.676,467.655,1069.46
450,172,77.6522,64.2124,65.4568,80.8877,128.425,54.0081,88.1053,123.447,232.459,443.264,540.33
451,143,714.798,619.973,799.668,4606.37,2897.27,2932.12,5284.33,5652.68,3764.39,3494.6,2108.31
451,144,417.878,195.126,369.843,3233.52,3265.62,5042.41,4717.62,7411.3,5392.1,5889.87,5506.09
451,145,227.73,230.965,444.509,932.573,1943.79,6418.25,3118.28,5503.85,6770.17,6155.18,8933.73
451,146,203.837,200.353,349.933,997.781,653.075,4938.38,4539.17,3940.1,6787.35,3718.84,9784.17
451,147,179.695,199.357,391.496,877.569,593.093,2347.73,5913.01,6124.07,3533.67,2851.73,6389.38
451,148,167.749,180.442,332.511,307.622,446.251,1632.94,2898.77,5071.28,1640.9,4713.88,3702.66
451,149,230.965,245.401,461.184,132.656,251.623,1545.08,951.488,1570.71,3133.71,3340.04,5609.37
451,150,286.467,369.346,488.064,234.201,142.86,771.046,853.178,1187.18,4588.94,1668.53,4261.66
451,151,617.982,556.009,499.512,360.635,210.059,611.76,438.038,875.08,2271.57,5263.42,1791.97
451,152,580.898,737.447,788.219,541.823,349.933,958.706,340.724,438.536,705.589,5646.46,3715.11
451,153,360.386,805.641,963.932,432.065,467.904,1096.34,548.294,455.958,803.152,1710.34,4600.39
451,154,432.065,386.021,424.847,350.181,430.571,693.394,1064.73,1340.25,626.444,917.142,2280.29
451,155,545.058,497.273,578.658,682.692,683.19,317.08,639.635,1262.59,1304.9,1799.44,1342.74
451,156,468.9,1043.58,1329.3,1160.3,948.252,457.949,477.113,448.74,1464.19,1219.04,4166.34
451,157,665.768,1471.41,1877.84,1433.83,1207.84,685.43,448.989,396.723,596.08,1564.99,2354.95
451,158,719.029,2099.6,2346.24,1065.23,960.697,855.667,620.471,665.021,523.903,1799.44,2189.19
451,159,892.004,1632.94,1538.11,591.6,701.856,1002.51,1046.56,1031.13,1492.56,743.171,3179.76
451,160,402.696,513.948,452.971,366.857,494.784,962.688,1130.93,1294.2,1453.99,1069.71,1135.91
451,161,285.222,265.56,308.618,656.808,436.793,651.581,640.63,1217.8,682.194,1375.84,1295.7
451,162,550.534,466.909,919.133,1660.81,1070.21,402.696,333.755,751.633,821.321,638.639,996.785
451,163,394.981,640.879,1616.01,1568.72,1414.91,260.085,244.405,979.114,1153.58,990.812,630.426
451,164,553.769,657.555,1566.23,884.787,898.475,279.498,226.485,533.361,1424.62,883.293,1763.35
451,165,911.666,715.296,1030.38,424.847,447.247,338.484,279.498,664.026,1040.84,1053.28,1175.98
451,166,589.609,840.236,651.332,236.192,249.383,374.323,341.719,415.14,1823.58,865.871,690.656
451,168,263.569,228.725,228.477,285.969,262.823,329.275,321.56,696.63,810.37,1299.93,1373.35
451,169,192.886,157.544,119.465,210.308,271.285,233.454,302.644,439.531,701.607,619.226,1389.77
451,170,189.65,143.856,121.456,161.775,181.188,200.85,239.428,560.987,452.722,818.832,717.287
451,171,177.704,122.7,111.252,160.531,165.758,98.8074,142.113,252.867,442.518,437.042,842.227
452,141,1078.92,2143.65,3547.86,3677.03,3147.65,3349.25,1300.42,630.177,866.12,341.968,387.763
452,142,694.141,660.79,1918.41,3487.38,4637.23,5647.2,2581.93,1801.18,3144.91,1140.39,818.583
452,143,532.116,449.984,531.868,2635.69,4217.86,7373.97,5707.43,4293.02,7569.34,3244.96,1342.74
452,144,254.858,280.245,538.09,1511.73,1731.74,5838.1,9158.97,8960.61,10257.3,8180.85,2779.55
452,145,181.935,133.402,688.665,1077.42,880.805,3324.86,7432.21,11104.5,5895.84,13826.3,7712.7
452,146,210.308,206.824,759.349,573.929,1194.4,5139.23,3012.01,6540.2,6262.45,12571.2,12771.5
452,147,227.73,290.698,808.13,541.823,947.008,5141.47,3686.98,3021.22,9134.09,7002.63,10405.4
452,148,376.563,432.314,742.673,304.635,461.682,1470.66,3119.28,3199.67,4996.12,7406.08,4385.36
452,149,516.934,672.239,787.224,195.873,189.402,557.752,867.116,2029.66,1121.97,6172.6,3239.24
452,150,260.334,365.115,486.073,210.308,241.17,443.513,256.601,865.871,3198.67,1837.27,2317.12
452,151,415.638,245.401,232.708,227.979,244.405,400.705,470.144,448.74,3458.51,1196.64,2101.09
452,152,588.613,445.753,245.152,349.186,305.382,671.99,659.546,474.126,1379.82,2553.81,1507.5
452,153,452.722,286.467,410.163,783.242,716.291,1147.36,921.373,544.561,1400.23,2588.65,1980.38
452,154,504.988,465.664,725.002,1173.99,1187.18,853.676,1308.39,1219.79,2084.66,1726.77,3252.43
452,155,494.037,908.431,959.701,1184.2,1319.84,594.587,724.754,1046.31,1152.59,4462.01,2232
452,156,660.292,1203.11,1162.29,757.358,1128.2,822.068,727.74,619.973,1031.63,3731.04,6759.72
452,157,1043.08,1618.25,1267.07,358.395,462.677,706.834,500.259,468.153,1329.05,1335.77,4990.4
452,158,696.381,1198.88,746.904,629.928,288.707,1115.75,738.94,1092.36,956.466,2404.48,1979.38
452,159,1045.32,779.259,579.654,1350.95,949.248,1218.79,913.409,1490.08,1232.73,1619.25,4178.78
452,160,663.528,569.698,701.109,1688.93,1309.38,637.395,722.762,979.114,1171.75,1198.63,1754.14
452,161,351.675,311.604,1001.26,1976.89,1535.12,196.868,331.764,837.25,946.261,1250.9,1549.56
452,162,1098.58,846.458,1948.52,2022.44,1635.42,200.85,366.857,446.749,1687.69,754.371,1489.08
452,163,1174.74,1581.67,2815.64,1320.09,1223.52,205.828,289.702,588.364,796.93,2311.4,1253.63
452,164,684.185,1504.01,1750.16,467.406,557.005,353.915,287.711,262.076,993.052,1393.01,2898.27
452,165,476.615,918.884,683.439,239.428,235.943,441.522,306.627,593.591,730.976,882.298,1361.15
452,166,399.461,490.802,297.169,246.645,202.841,395.727,386.768,644.613,1476.39,868.111,917.888
452,167,246.147,234.948,256.601,337.737,234.948,340.475,381.79,572.187,676.221,1194.65,1088.87
452,168,224.494,238.183,254.61,319.071,247.392,216.032,341.719,775.028,573.68,1255.87,921.124
452,169,232.957,160.531,164.264,260.085,304.387,219.268,250.378,444.758,672.239,515.939,1267.07
452,170,158.042,156.3,141.367,152.318,203.837,182.433,260.583,586.373,414.145,603.795,658.052
452,171,187.411,132.158,147.589,171.98,140.869,114.238,127.18,219.268,374.572,405.434,561.734
453,138,2001.04,1348.71,2334.79,1148.11,1658.32,1019.93,904.2,744.415,245.65,127.927,156.549
453,141,677.714,2352.46,3659.86,4062.3,2249.18,1897,4423.93,2877.36,669.999,921.124,639.635
453,142,487.566,620.968,2348.23,5679.81,3906.5,3647.16,4946.34,6263.69,3485.14,1244.67,1696.9
453,143,297.169,326.288,801.908,3385.83,4389.84,7869.75,4154.14,9327.72,12783.7,1249.9,1799.19
453,144,187.411,322.057,396.723,809.126,1982.12,9404.62,4160.12,5487.42,14968.2,5524.5,1200.37
453,145,147.091,181.437,419.62,1301.42,570.445,4650.92,6307,6560.61,13660.1,11853.7,3104.1
453,146,166.753,224.494,711.563,1155.32,1101.32,2228.52,4755.95,8801.33,6415.76,10788.2,4871.68
453,147,226.485,387.016,823.561,718.034,1097.09,2982.14,1792.72,5362.98,5964.78,4344.29,3192.2
453,148,258.094,596.827,815.348,307.622,521.663,1073.94,851.187,1463.69,4485.16,2665.56,4197.2
453,149,264.565,626.195,881.8,417.629,477.113,293.684,734.709,1241.19,2507.02,2295.97,7464.07
453,150,342.964,430.074,421.611,553.272,724.505,556.756,504.241,1686.94,1489.58,3890.82,5197.97
453,151,234.201,176.211,342.715,440.278,919.133,1000.52,668.754,1105.55,2231.01,3461,6969.53
453,152,493.041,217.277,386.519,527.388,746.407,1232.98,799.917,817.837,3225.05,1181.21,5289.06
453,153,364.617,209.81,576.418,837.25,890.262,1479.87,1075.68,1124.96,3536.91,4065.79,2166.55
453,154,213.543,887.276,2063.76,1009.23,890.262,1139.15,1281.26,1497.29,6740.56,3272.59,4589.19
453,155,308.12,1334.02,2122.99,1003.01,833.267,1175.98,1100.82,1211.57,5081.49,6771.42,2393.78
453,156,434.305,745.66,1070.7,457.949,827.045,1021.92,1214.06,1440.05,1860.17,7676.12,6776.15
453,157,484.331,739.438,467.406,253.863,236.939,509.966,787.97,1439.05,2821.86,2340.02,6431.19
453,158,549.538,294.929,334.502,914.902,488.562,526.143,501.255,940.288,1859.17,3446.56,2262.86
453,159,736.451,715.296,1369.86,1460.96,864.378,485.326,290.698,773.037,1430.59,2750.43,4971.98
453,160,1621.49,1350.95,2174.76,1776.79,1207.84,462.926,794.939,559.992,1357.67,1579.43,2493.08
453,161,1197.64,1586.89,2648.39,1681.47,1370.36,623.208,642.621,920.875,1345.47,2056.54,1974.16
453,162,689.661,1501.77,2177.99,677.714,761.837,668.008,683.688,316.084,2270.58,1105.55,2130.71
453,164,836.503,884.289,534.854,331.515,184.175,399.71,401.95,253.863,1053.03,1279.52,2215.82
453,165,545.058,540.33,396.723,295.427,230.965,335.497,313.595,479.353,488.313,1038.85,934.315
453,166,226.485,201.597,389.505,311.853,228.725,312.102,335.746,810.868,810.37,1144.37,1435.82
453,167,238.432,271.783,312.6,318.075,250.627,298.662,384.776,603.795,686.425,548.543,1406.2
453,169,211.303,112.247,197.366,261.081,233.952,224.246,297.667,417.132,617.235,527.139,841.232
453,170,146.096,113.492,149.58,175.215,182.184,140.62,277.507,555.761,415.14,501.504,557.752
454,140,595.084,2484.62,4757.69,3082.19,3839.05,6313.22,3744.97,1678.73,1236.71,401.203,188.157
454,141,769.055,818.085,2628.72,2338.52,3172.54,6756.98,6282.11,4780.59,1438.81,1523.18,548.543
454,143,205.828,355.657,957.71,1763.35,1130.44,5046.64,12642.4,14932.6,4173.56,2242.7,3338.55
454,144,255.854,175.215,864.129,649.59,1062.99,3449.3,5949.1,13804.4,8049.69,2330.81,4051.85
454,145,317.826,149.082,565.965,589.609,629.431,4430.4,3229.53,5430.43,5275.37,2964.47,4565.55
454,146,263.569,153.313,289.702,566.711,324.048,2716.08,5313.45,6050.4,6537.47,3602.11,4719.11
454,147,202.593,193.135,408.172,582.391,428.58,928.093,3371.15,6099.43,5496.63,10162.7,7772.93
454,148,255.854,240.174,278.502,930.333,887.027,507.726,1041.58,3016.99,3117.54,14563.3,14916.7
454,149,240.672,163.766,251.374,1110.77,1290.72,498.766,588.364,1417.65,5909.03,8237.1,15055.8
454,150,192.886,263.32,206.824,1257.87,1207.84,944.27,1124.96,1793.96,3097.13,6561.61,9166.94
454,151,158.042,254.858,261.827,974.883,1167.52,936.306,1231.23,2547.84,2292.73,5642.23,6338.11
454,152,323.302,167.997,459.193,698.372,707.083,1125.96,1380.57,2675.27,5569.8,1742.2,4571.77
454,153,297.169,122.7,379.052,478.606,493.788,1616.51,2227.02,4240.01,4712.64,5707.68,2185.96
454,154,260.334,422.856,907.684,642.373,415.14,1556.28,2212.84,5043.66,9547.48,3564.28,5348.54
454,155,304.884,630.426,815.348,984.341,684.185,1536.87,1591.12,2930.37,7635.3,6292.31,1744.93
454,156,625.697,597.822,514.197,571.938,696.63,1211.57,1647.37,2410.2,3193.69,8271.95,5161.13
454,157,493.041,507.726,276.263,720.025,553.769,498.766,1290.22,2315.38,4575.75,3242.72,5531.72
454,158,667.012,497.273,499.512,634.159,690.407,242.663,447.993,1014.7,2301.94,5942.13,3225.8
454,159,665.768,788.717,984.59,393.736,293.933,912.662,306.627,736.451,3068.75,3701.42,6790.58
454,160,1917.41,1267.07,1079.17,455.958,361.381,1086.13,1024.66,652.826,2580.19,3140.43,3299.47
454,161,1698.89,1737.97,1188.18,437.291,344.706,836.254,632.417,1097.33,1569.72,3900.03,3766.13
454,162,725.749,1022.67,646.106,399.958,326.04,801.659,565.467,448.74,2267.34,1454.48,3339.54
454,163,350.43,412.154,373.825,409.167,347.693,535.352,621.466,739.438,723.011,2177.25,1187.18
454,164,309.115,334.751,639.884,421.611,293.933,350.679,303.64,457.949,1674.5,1004.25,1824.83
454,165,276.511,314.84,682.443,351.177,281.489,320.066,350.679,533.361,1164.53,1401.22,923.115
454,166,331.017,359.888,527.637,333.755,200.85,233.454,312.6,706.834,611.262,1912.18,1735.73
454,167,222.254,239.179,305.382,287.96,214.29,268.049,321.56,543.565,766.566,617.235,1707.1
454,168,224.494,172.229,233.703,268.298,169.74,219.268,304.635,623.208,660.043,726.745,461.433
454,169,213.543,90.3453,270.04,221.757,136.638,322.306,340.724,390.501,561.485,653.075,729.731
454,170,111.252,112.247,190.148,227.979,147.091,165.26,332.759,435.549,460.935,530.125,582.391
454,173,57.9902,93.5808,125.687,129.42,174.966,111.998,118.22,188.655,166.504,429.825,561.734
454,174,54.7547,75.6611,106.025,88.1053,146.096,144.851,192.388,128.425,148.087,277.258,530.125
455,134,511.459,195.126,595.084,278.751,142.86,174.22,99.0563,124.443,163.269,126.931,108.514
455,135,783.242,395.479,911.915,467.406,357.15,235.445,137.136,98.8074,122.7,127.927,120.709
455,136,625.697,931.328,1691.92,603.049,548.543,378.305,264.565,185.668,100.301,121.705,152.318
455,137,606.035,1128.45,2537.38,975.879,893.249,1094.35,467.157,351.924,182.682,109.509,142.113
455,140,431.069,1638.16,3608.09,3468.71,2252.41,3546.12,3641.69,2634.45,2040.11,535.352,343.71
455,141,491.797,570.694,2559.04,3257.41,3664.09,7305.77,3507.29,4009.54,4241.5,1235.47,506.481
455,143,184.175,650.337,834.014,1275.54,1075.43,11302.9,8804.81,9437.97,10674.7,6576.79,2594.38
455,144,236.441,320.066,822.565,1184.2,1033.12,2456.99,5221.11,7823.21,7905.34,10147.3,5949.35
455,145,312.351,271.783,785.233,455.958,887.027,3146.41,2760.39,4716.37,10362.8,11410.4,9456.64
455,146,403.692,221.508,450.731,211.303,347.693,3930.64,2793.49,4017.75,14924.4,11344.9,10279.5
455,147,411.407,249.632,437.291,753.126,279.498,1889.78,2007.26,2142.9,14653.4,14958.5,9813.79
455,148,290.698,200.353,437.291,1597.59,1107.54,760.842,2200.89,3976.94,4682.28,15103.8,13778.5
455,149,487.566,210.806,397.718,1313.86,1338.26,936.306,1317.35,3756.67,6640.26,6664.9,11972.1
455,150,440.776,408.172,481.842,1083.65,712.06,1591.12,1651.35,2110.3,3200.66,4638.97,3139.94
455,151,344.955,301.151,446.749,697.376,432.811,1195.4,2410.45,4284.81,3458.51,4375.9,4709.9
455,152,275.516,207.819,461.184,539.832,281.489,1791.97,2201.89,4274.6,6964.06,2234.49,2993.59
455,153,320.066,207.819,621.217,551.281,414.145,2212.09,3009.02,5836.36,2896.03,7109.16,2631.21
455,154,363.621,338.982,546.303,710.816,460.686,1637.91,2044.34,5878.17,6724.38,2675.76,6199.98
455,155,419.123,633.662,825.801,837.25,448.242,1339,975.381,2284.77,4871.18,3684.99,1395
455,156,534.356,700.612,872.342,859.898,494.784,1461.45,1352.44,2295.97,4893.58,4792.53,2907.48
455,157,616.986,672.239,769.553,993.55,686.176,598.569,952.483,1863.4,6264.44,4030.94,2724.3
455,158,730.976,939.79,972.145,418.625,561.983,270.289,638.639,1347.22,2981.4,8123.61,4085.45
455,159,578.907,561.236,447.744,205.081,224.743,747.651,548.294,1812.38,5348.54,4121.04,7275.66
455,160,626.693,583.138,285.72,344.955,268.049,692.398,637.644,913.906,3388.57,5430.43,3872.65
455,161,647.35,514.943,380.048,723.26,712.06,426.34,531.37,1398.24,1659.07,4586.95,5938.9
455,162,411.407,587.369,866.12,790.459,772.291,614.995,490.055,815.846,2086.65,1528.15,3864.44
455,163,189.65,633.662,1025.16,398.963,441.024,384.528,572.436,906.689,920.875,2202.88,1760.36
455,164,269.045,595.831,719.776,350.181,267.054,325.293,468.153,1104.55,2456.25,1173.99,2375.36
455,165,461.433,630.426,667.759,266.307,248.387,334.502,453.967,704.843,1769.82,1792.22,1283.25
455,166,270.04,430.074,419.62,266.307,134.647,185.668,214.29,528.383,623.457,2184.46,1670.27
455,167,401.701,238.183,271.036,250.876,164.513,219.268,246.396,452.722,839.739,727.74,1454.24
455,168,196.121,189.899,261.827,173.971,138.629,273.276,193.384,395.727,582.889,967.168,650.835
455,169,216.779,134.398,298.164,185.419,97.3141,397.718,293.684,288.458,556.258,766.566,1012.22
455,170,154.807,117.474,213.046,265.312,124.194,163.02,231.463,267.054,465.913,567.956,659.048
455,171,117.723,98.8074,169.242,171.98,197.615,107.021,73.9189,103.038,323.8,625.448,596.578
455,172,113.492,102.79,144.353,132.656,121.207,94.8252,146.096,231.463,189.899,561.983,683.688
455,173,68.9412,95.5719,126.683,104.781,117.972,153.811,86.1143,159.038,119.714,382.785,575.174
456,135,534.356,1143.13,1378.33,1121.97,956.466,240.672,239.428,158.042,204.086,190.397,181.188
456,136,888.769,2511.75,3124.01,1908.45,1890.03,590.356,473.131,320.315,211.055,222.006,267.054
456,137,1138.9,2790.75,5202.2,2509.26,3184.98,1627.71,1029.64,560.987,250.627,244.654,326.537
456,138,937.55,2039.86,4817.92,2411.95,3768.62,3705.4,2832.56,1284.99,532.116,169.989,236.441
456,141,436.296,576.916,1048.06,2833.56,1937.57,3696.19,10444.5,13625,5236.79,789.215,1190.17
456,142,315.835,349.435,814.352,1638.16,2578.45,5111.85,5379.65,15105.1,12764.6,1733.98,1043.82
456,143,302.644,276.014,346.946,948.004,1599.34,5048.64,3241.73,6975.75,15146.9,6384.4,1260.85
456,144,262.325,150.078,330.271,796.681,1049.55,3572.75,6281.11,6923.74,13000,12775,4237.02
456,145,240.672,193.135,298.164,353.417,551.778,2925.15,7553.42,12781.5,9475.31,12375.8,8606.2
456,146,145.1,201.597,421.611,310.858,267.054,1421.63,3158.35,9449.17,14201.4,6404.81,8457.62
456,147,252.618,256.103,462.18,734.709,712.06,1469.67,1410.68,2306.17,7184.32,7979.26,3975.94
456,148,191.642,249.632,473.628,1274.29,891.258,1848.97,3342.03,4946.84,2667.55,6537.96,2307.91
456,149,281.987,241.419,411.407,760.593,911.915,1399.23,1820.84,4109.59,5875.43,2777.06,2408.21
456,150,373.328,411.158,505.735,369.843,360.137,2265.1,1728.51,1639.16,2007.51,7011.84,5914.51
456,151,468.9,340.973,735.456,233.205,185.419,1600.08,2508.76,4505.32,4817.42,3634.97,8735.12
456,152,452.722,316.831,619.973,372.083,374.821,1826.57,1512.97,2466.2,6140.49,3065.77,2529.92
456,153,509.219,366.11,802.903,346.199,383.034,1526.66,2436.59,3826.86,1589.13,7454.11,3734.52
456,154,400.456,548.543,842.227,290.2,300.155,635.404,1042.58,3155.86,4249.71,2262.12,6642.25
456,155,375.568,572.685,850.689,322.306,366.359,1057.51,1074.69,1630.94,2854.46,2289.74,1458.47
456,156,393.985,573.68,680.203,477.611,319.817,1104.55,1384.55,2804.94,7199.75,1999.05,1582.16
456,157,487.566,676.47,805.89,359.639,245.401,587.369,794.939,1469.67,5812.46,4909.26,1005
456,158,532.116,547.547,740.433,203.09,174.966,671.99,1673.5,2710.11,3375.38,7402.84,3847.02
456,159,650.586,358.892,441.522,247.641,179.197,504.739,1164.04,3229.28,5064.07,3742.49,5126.29
456,160,396.225,378.803,368.848,522.161,325.044,606.782,711.812,1287.23,2172.02,5889.87,4042.64
456,161,605.04,862.138,761.34,760.593,821.819,539.583,747.9,1780.77,1774.05,3274.58,6417.01
456,162,573.431,1411.68,1277.53,437.291,549.538,575.174,566.463,974.136,2363.91,1695.16,3527.7
456,163,398.465,798.175,800.664,162.771,199.855,556.756,706.834,1262.59,1323.07,2436.34,2808.17
456,164,491.797,587.369,448.74,183.428,172.975,477.362,771.793,1712.58,2193.42,1317.35,2514.49
456,165,516.934,513.948,427.834,150.327,137.633,261.081,435.051,647.599,1225.51,1440.3,1135.91
456,166,392.99,289.453,234.699,186.415,88.1053,192.637,165.26,494.535,780.753,1363.39,1049.05
456,167,419.123,264.316,247.143,141.865,125.189,208.068,241.419,386.519,862.138,751.384,855.667
456,168,251.623,192.139,219.268,105.776,93.083,233.454,138.131,297.667,435.549,1112.77,898.475
456,169,211.303,160.531,208.815,173.971,64.2124,314.093,164.264,195.873,540.081,647.848,1009.98
456,170,185.171,162.771,236.939,221.757,118.967,103.038,149.331,144.851,413.149,634.657,643.617
456,171,93.8297,102.79,200.601,136.887,161.526,151.82,121.207,108.016,225.241,664.274,782.993
456,172,93.8297,109.261,130.914,96.3186,96.3186,99.8029,192.388,240.672,143.109,412.403,640.63
457,134,308.12,305.382,635.653,946.012,426.589,189.65,154.309,181.437,239.428,196.37,180.193
457,135,493.041,713.305,879.809,1906.46,1034.12,430.322,305.631,330.519,388.759,289.702,224.992
457,136,572.436,1449.51,1212.07,3086.42,1904.47,1024.91,464.171,337.488,402.945,368.35,299.907
457,137,1060.5,1990.58,1817.61,4247.97,3218.09,3007.78,1276.28,615.991,331.017,390.999,384.776
457,142,325.542,588.364,1098.83,3795,3268.86,5219.87,11351.9,15528.2,9634.84,1533.38,2531.91
457,143,247.143,406.927,615.991,2172.77,2949.04,3771.61,4682.53,13208.8,15375.4,4393.32,3126.5
457,144,325.542,342.964,436.296,752.131,1193.4,5117.83,4232.29,5949.6,13456,10940.7,5157.15
457,145,265.809,241.419,279.498,451.727,607.529,4834.35,5437.64,8032.27,7479.99,14350.5,9678.65
457,146,224.494,162.771,470.642,1590.38,901.462,1607.3,2927.88,5680.31,2704.14,12063.5,12639.6
457,147,298.413,192.139,368.848,1347.96,2369.39,2424.39,1859.92,1996.06,1375.84,3934.87,11389
457,148,329.773,205.579,241.916,920.128,1343.48,3211.61,3847.27,4524.48,6458.32,1499.53,4524.73
457,149,401.701,183.677,161.029,475.62,862.138,1130.93,1205.1,2747.69,7720.67,6559.37,1962.96
457,150,354.91,142.86,181.686,211.303,506.232,2329.32,2005.27,1723.78,1988.09,9747.09,7275.66
457,151,421.114,180.442,345.95,297.418,275.267,1096.34,1775.55,3936.12,5715.15,2893.79,7794.59
457,152,360.386,280.245,388.51,480.846,513.45,1909.2,1607.3,1337.01,5722.12,3957.27,1998.8
457,153,500.508,641.875,517.183,373.079,489.557,1264.59,2842.52,3590.42,2155.84,7229.86,4923.69
457,154,461.433,883.045,858.903,570.943,558.996,1087.13,1484.85,2165.3,2655.36,2113.78,5839.84
457,155,494.037,652.328,747.9,483.833,759.846,1844.99,2449.53,3160.84,2281.78,1832.29,1270.06
457,156,337.488,672.239,550.534,291.196,411.905,959.701,1627.21,3171.05,6535.48,1109.53,1787
457,157,282.982,410.163,585.876,294.182,315.835,1390.02,1169.01,1338.26,3290.01,3950.06,883.293
457,158,260.334,342.964,407.176,304.635,345.701,1407.45,2264.11,3056.81,3015.99,4056.58,1840.01
457,159,202.593,296.92,699.118,233.205,228.725,678.212,906.191,2415.18,3165.07,2934.6,2181.98
457,160,234.201,280.245,480.846,357.399,245.401,756.611,646.604,953.728,1161.55,4557.09,3161.34
457,161,327.782,574.925,654.319,431.069,375.817,667.012,769.802,1831.79,2089.64,2192.68,4483.67
457,162,398.465,715.296,625.2,225.988,236.939,597.573,547.298,966.919,2159.83,2132.2,2913.7
457,163,461.433,444.758,302.395,168.993,208.068,645.608,702.852,1292.21,1112.77,1884.56,2740.72
457,164,401.701,406.927,303.391,103.536,141.865,430.322,546.303,1160.55,1308.89,874.085,1508.49
457,166,411.407,199.357,142.362,120.212,91.092,240.672,271.534,693.394,1003.26,836.254,642.621
457,167,237.436,181.437,166.255,84.8698,120.212,178.451,214.29,296.671,693.394,987.825,688.665
457,168,370.092,132.158,126.683,87.1098,75.6611,157.047,112.994,280.494,329.026,948.75,978.368
457,169,187.411,228.725,151.571,126.434,75.6611,160.033,138.131,228.477,427.336,587.618,814.601
457,170,128.674,207.819,229.472,160.531,141.865,105.03,114.238,149.829,316.831,624.453,721.518
457,171,114.487,144.851,199.357,133.651,123.198,221.259,207.321,160.033,174.468,465.664,818.583
458,132,264.565,447.993,897.48,196.868,249.383,269.294,281.489,209.064,175.464,115.732,90.0964
458,133,370.092,847.454,1777.04,204.086,170.735,248.885,350.679,268.298,246.645,167.749,157.544
458,134,415.638,1179.96,2704.39,442.518,176.957,318.075,358.892,420.118,334.999,226.237,220.014
458,135,396.225,1111.77,3524.96,907.684,381.043,549.787,464.171,515.939,434.553,277.258,217.028
458,136,215.783,755.118,3274.58,1657.82,763.829,947.506,491.05,425.345,425.345,328.528,197.366
458,137,543.067,478.357,1864.4,2681.24,1681.97,2437.58,918.386,638.39,395.976,366.359,257.845
458,142,647.35,437.54,852.681,2653.36,1864.15,8590.77,12887,15638.4,8576.58,3462.99,2306.92
458,143,515.69,306.378,438.287,837.25,1093.1,3445.32,7508.37,15272.3,15449.5,6037.46,3814.41
458,144,363.621,270.787,611.76,732.469,905.693,3877.63,4842.06,10689.4,15298.2,12615.2,6342.34
458,145,491.797,437.54,530.872,981.105,637.644,4234.78,3877.38,5753.73,15170.3,15358.7,10869.1
458,146,381.043,452.224,771.793,3140.43,2086.65,1519.69,1573.2,2365.4,5816.69,15282.8,15042.6
458,147,559.245,416.385,493.29,1785.25,3337.05,4637.48,3780.07,3347.51,2821.86,10001.9,15132.7
458,148,547.298,459.442,402.945,822.565,1091.11,2926.14,4220.35,7164.41,10497,2111.79,9006.41
458,149,573.431,417.629,332.511,416.634,635.653,1219.79,1009.48,2460.23,8500.42,6582.02,2030.41
458,150,402.696,414.394,285.72,278.751,346.697,1970.42,3204.65,3449.55,2560.03,8240.34,4365.94
458,151,252.618,368.101,519.423,337.737,310.609,1110.53,1350.45,4322.64,7665.66,2820.12,4970.73
458,152,184.175,349.435,443.513,392.741,547.547,2855.71,2707.12,2459.23,5075.27,5998.38,2828.83
458,153,251.623,553.769,494.286,411.407,381.043,1540.1,2584.92,3816.65,1898.74,6516.56,5786.58
458,154,467.904,746.904,826.796,608.275,544.561,1992.82,1399.73,1584.9,2161.82,1487.34,4653.65
458,155,623.457,794.939,923.364,412.403,447.247,2038.87,2302.19,3404.75,1946.53,2493.58,1562.75
458,156,455.958,742.673,670.994,454.962,397.47,994.296,1138.9,2087.9,3570.26,1358.42,2730.52
458,157,402.696,501.504,585.876,360.635,552.774,1989.84,1563.99,1388.03,1476.39,1645.88,1283.25
458,158,311.355,512.952,551.529,229.97,357.15,1062.74,1792.72,2276.55,2410.7,1306.15,466.66
458,159,290.698,318.822,672.985,206.326,238.183,540.579,490.055,916.893,1607.3,1984.86,583.387
458,160,195.126,289.453,408.172,273.525,284.725,702.603,844.218,1047.56,1132.18,2326.58,1560.76
458,161,107.021,300.155,582.64,315.089,270.289,475.122,638.639,1529.9,1609.54,1643.89,1938.32
458,162,190.646,201.597,419.62,265.312,206.077,506.73,406.927,737.447,957.461,1574.2,2089.89
458,163,261.329,257.098,302.395,164.762,187.411,386.519,461.184,774.033,644.613,769.802,1697.89
458,164,172.229,201.597,240.921,112.994,122.203,342.715,290.698,432.314,776.771,485.077,817.588
458,165,236.441,110.256,107.021,92.3364,133.651,302.893,524.152,761.837,796.93,716.54,709.074
458,166,209.064,134.398,122.7,69.439,130.416,260.085,345.701,715.047,819.33,857.658,652.826
458,167,221.01,88.1053,99.8029,68.4434,79.6432,146.842,159.286,185.668,396.972,953.977,770.548
458,168,205.828,132.158,81.1366,99.5541,64.2124,111.998,143.109,214.041,384.776,639.635,840.236
458,169,149.331,202.593,185.917,151.322,112.745,99.8029,165.26,242.663,327.782,641.875,699.865
458,170,102.541,204.584,248.387,147.091,146.096,168.246,131.162,177.455,257.845,516.934,802.406
458,171,92.8342,157.544,197.366,143.109,135.642,234.45,248.387,206.077,169.491,333.755,635.404
459,135,692.896,1849.96,3044.11,257.098,152.069,959.701,747.9,756.86,315.586,215.037,228.228
459,136,460.438,1326.81,3080.45,637.146,258.841,1027.9,858.156,728.238,310.609,177.953,138.131
459,137,276.511,394.483,1696.15,1399.73,623.208,1435.07,1121.97,1021.92,338.982,227.232,151.322
459,139,764.824,1808.15,2360.68,1285.74,1177.97,3525.71,782.993,1010.72,1163.54,206.824,158.54
459,140,505.984,2010.49,4455.54,411.407,705.838,8283.89,3434.12,1652.35,2212.59,431.816,244.654
459,143,550.534,1207.09,923.364,1984.11,2657.1,9942.22,14056.3,15505.8,15301.2,4623.79,2311.89
459,144,572.436,877.818,1998.3,883.791,1704.86,6810.99,9601.99,15198.9,15478.9,9476.8,4288.29
459,145,803.899,826.548,1255.63,2014.23,910.92,2235.49,3303.95,8795.35,15357,15418.9,7961.34
459,146,557.005,722.762,998.029,3155.86,3002.8,3661.35,3587.68,3644.43,9518.11,15425.2,13684.5
459,147,702.852,656.559,576.418,988.323,2060.77,5260.69,6783.36,9844.9,8936.22,13092.4,15174.5
459,148,474.375,647.101,612.755,628.933,572.436,1190.17,2530.66,8089.51,12343.2,7514.59,11810.6
459,149,415.638,477.362,477.859,317.08,531.121,2646.64,2697.17,2128.71,6493.91,8437.7,6208.19
459,150,324.297,422.856,439.282,526.392,374.821,1548.07,3748.96,6265.68,5609.37,6891.13,5426.19
459,151,210.308,269.543,592.098,476.615,588.862,1883.81,1538.11,3575.98,8214.21,5016.78,4886.86
459,152,150.327,182.682,323.053,309.862,557.005,2408.96,2911.71,3070.99,2374.12,7571.83,4506.07
459,153,204.832,252.867,309.613,408.172,296.173,967.914,1534.13,2914.94,3255.42,4182.51,5749.74
459,154,328.777,354.661,326.04,346.199,432.811,1462.45,1090.86,1574.7,3282.05,2417.67,4014.02
459,155,408.172,529.628,416.634,629.928,346.697,1210.58,1373.6,2371.38,1292.71,4217.36,3016.99
459,156,535.352,516.188,378.057,760.593,825.054,1297.19,901.213,1256.62,1078.42,1658.32,3908.49
459,157,537.592,467.904,387.514,347.195,727.74,2046.83,1741.45,1697.15,931.079,491.299,2709.11
459,158,378.803,401.701,319.817,211.303,273.276,686.425,1225.26,1494.31,1366.63,539.334,1228
459,161,92.8342,172.229,316.831,159.535,146.096,322.306,354.661,746.655,629.431,1373.6,1126.7
459,162,99.3052,128.176,255.605,202.095,139.873,389.505,422.856,441.522,493.539,898.724,1675.25
459,163,124.443,142.86,276.263,168.993,155.304,251.872,344.706,545.556,831.525,611.013,1189.17
459,164,148.336,109.261,222.254,188.655,127.429,523.157,362.875,381.292,761.589,796.432,1117.49
459,165,165.758,110.256,138.131,124.443,126.185,403.692,567.458,851.685,655.812,839.241,997.781
459,166,141.865,82.8788,83.1276,63.2168,75.6611,221.259,214.29,429.327,426.34,813.854,706.087
459,167,121.207,73.4211,72.6745,71.43,44.5504,136.638,123.198,143.856,332.013,662.283,727.74
459,168,112.496,132.158,102.79,95.323,82.8788,137.633,177.206,184.424,378.554,540.33,711.314
459,169,99.3052,160.531,145.349,143.109,113.989,130.416,164.264,198.859,254.858,605.04,661.039
459,170,85.1187,152.069,214.041,185.419,136.638,247.641,136.14,150.824,237.436,410.412,702.105
459,171,68.9412,148.087,274.271,163.766,140.869,189.65,215.286,169.242,161.278,259.836,459.442
460,137,369.097,935.559,2082.42,264.316,223.499,1443.04,1324.32,1065.73,200.85,134.149,102.292
460,140,651.581,1755.64,2971.44,388.51,446.251,4997.61,1463.69,1107.54,1084.39,507.726,356.155
460,143,439.78,921.871,846.458,2618.27,2573.22,11999.3,13113.8,15513,10151.8,3605.1,3611.57
460,144,483.086,856.912,2428.12,1412.17,1450.25,5150.68,8435.96,15336.6,15388.6,5997.39,5613.6
460,145,726.745,1032.13,1229.74,2722.8,1846.48,3842.04,5453.82,9758.29,15290,12158.8,7703.49
460,146,607.031,740.433,1159.06,1652.6,2311.4,6940.41,7908.57,10744.6,14259.4,15268.6,10767.5
460,147,656.061,829.534,608.773,822.565,992.554,3104.59,5340.33,11975.6,12754.4,14101.6,13513.5
460,148,474.375,613.502,857.907,741.927,978.119,2088.64,1525.91,3899.28,9508.91,11113.7,11696.9
460,149,309.115,372.332,558.747,489.059,658.301,3666.58,4171.32,4022.73,6083.75,8768.47,8616.4
460,150,344.955,276.014,360.386,765.571,479.353,1623.73,2523.7,5552.88,7795.83,6673.11,6760.97
460,151,237.436,267.552,474.624,567.707,772.291,2056.04,1660.31,1709.34,4879.39,7152.21,5481.45
460,152,145.1,237.188,331.266,344.955,474.126,2105.07,2603.84,3329.09,2367.89,6675.1,5678.07
460,153,149.331,198.361,360.386,419.62,420.367,1172.75,1888.04,2920.17,4884.37,3771.11,6385.15
460,154,193.882,178.451,248.387,376.065,462.677,1201.37,1425.61,2309.16,2483.87,4518.26,4962.52
460,155,247.143,218.272,209.81,706.585,391.247,946.51,1075.68,1381.06,603.049,4309.45,4487.65
460,156,359.141,248.636,206.824,624.702,718.283,1549.31,849.196,1121.97,579.654,2041.11,5227.83
460,157,279.747,294.929,261.827,281.738,445.007,1425.86,1115.75,1126.95,891.507,986.83,4206.41
460,158,219.019,218.272,205.579,245.65,239.179,608.773,544.312,647.599,725.002,671.492,1881.07
460,159,164.513,140.62,180.691,122.203,212.299,823.063,555.263,521.166,851.934,743.171,810.619
460,160,127.678,125.936,110.256,119.216,138.629,385.523,416.883,585.378,730.976,1132.18,786.975
460,161,114.487,92.3364,121.456,164.762,211.303,465.913,295.676,323.302,502.499,1171,1176.98
460,162,110.256,117.474,142.362,173.971,199.855,477.362,635.653,667.012,750.389,759.597,1227
460,163,126.434,119.714,195.375,154.309,118.967,333.506,346.697,601.804,866.12,847.454,1091.86
460,164,126.434,112.247,137.136,147.091,105.527,494.535,312.6,425.345,526.89,821.819,1228
460,165,113.492,111.252,134.149,62.2213,77.6522,285.471,240.423,448.74,339.977,591.6,814.601
460,167,92.8342,92.3364,78.8966,66.4523,55.9992,183.428,136.14,161.029,380.794,424.847,570.943
461,141,920.377,2420.66,3939.35,855.916,536.099,6060.35,1962.21,1593.11,3475.93,2092.38,801.41
461,142,876.822,861.143,1599.34,1623.48,1082.65,9746.34,5726.6,6121.83,4342.05,4207.15,2359.93
461,143,993.052,1629.95,1908.95,1783.01,1443.04,8869.27,8818,13538.4,6326.41,6070.06,4877.65
461,144,450.482,840.236,2330.56,1838.02,1510.24,6826.42,8913.32,14507.3,11730.7,7186.81,7086.26
461,145,510.463,1015.2,889.018,1617.26,1492.56,7338.38,8137.05,12647.8,14514.2,9041.75,8157.96
461,146,557.005,676.47,1252.64,799.917,926.351,4741.51,5885.88,11243.4,11792.7,11534.3,8766.73
461,147,472.384,963.932,696.878,1037.1,774.282,1326.81,1881.07,6179.07,9275.2,10723.7,9161.96
461,148,432.065,546.552,973.141,755.366,1132.43,3517.74,2343.25,2735.5,7422,9496.21,9115.92
461,149,232.957,331.515,569.2,465.166,581.645,2843.51,3028.19,4702.19,7549.93,8038.49,8429.99
461,150,251.623,300.155,360.386,647.599,448.242,1203.36,909.177,2126.72,6630.05,7364.01,6975.75
461,151,164.513,352.421,432.065,427.834,554.765,2211.1,1861.91,1554.29,3557.07,7882.94,6516.31
461,152,133.154,325.293,491.299,493.29,395.479,2319.36,2645.15,3708.64,3954.29,6705.71,7996.18
461,153,133.154,187.908,476.864,441.273,608.773,1600.08,1886.05,2983.39,3604.85,5097.67,7977.76
461,154,128.674,140.62,279.498,289.205,393.239,1378.82,1370.61,1491.07,1174.74,4531.7,5617.59
461,155,113.492,173.224,191.144,369.843,268.049,882.049,895.24,936.306,660.043,3483.4,5312.7
461,156,164.513,182.682,192.139,282.982,288.707,1073.94,535.352,892.502,798.175,1988.84,5663.63
461,157,214.539,173.224,186.913,312.849,235.943,562.978,478.108,468.153,711.812,956.963,3378.37
461,158,262.325,116.478,171.482,210.308,341.719,505.735,350.679,354.91,619.226,619.226,1711.09
461,159,198.361,110.256,142.362,164.762,209.064,514.943,505.237,511.957,753.375,761.589,1448.01
461,160,115.732,112.247,111.252,187.659,190.397,274.271,273.525,358.892,576.667,919.133,1034.62
461,161,99.3052,111.252,140.371,138.878,185.419,691.403,397.967,436.545,549.29,756.362,806.388
461,162,98.3096,81.8832,107.021,108.763,129.42,465.913,569.449,687.421,604.044,708.327,720.523
461,163,77.6522,86.1143,85.1187,145.1,106.523,259.089,224.494,398.714,420.367,646.853,966.172
461,164,91.8386,122.7,164.264,122.203,106.523,254.858,135.145,210.059,266.058,407.425,699.865
462,141,1266.08,2444.8,2678.5,568.951,289.951,2385.56,1123.97,2092.88,4002.82,1395.25,506.481
462,143,1437.81,2306.17,2613.05,1071.2,894.244,7938.94,6023.27,7396.87,5887.63,5041.42,3187.97
462,144,842.974,732.22,1177.72,763.58,735.953,7337.38,6544.68,9644.05,7249.53,6067.07,5156.15
462,145,644.115,1006.99,929.586,358.395,386.021,4484.66,4702.68,8284.39,8114.65,6480.72,6237.81
462,146,470.144,546.552,898.475,485.824,318.822,1679.73,2821.61,5766.92,8120.62,7194.03,6467.03
462,147,284.227,618.977,608.773,743.918,660.292,2066.24,2588.9,4740.76,8556.42,8044.71,6903.08
462,148,287.462,318.822,640.879,390.75,598.32,2607.82,2687.21,4949.83,8494.45,8734.62,7738.34
462,149,172.229,314.84,456.953,348.19,291.942,897.48,1076.68,3191.45,7800.81,8426.5,8040.23
462,150,138.38,278.005,408.172,417.629,473.131,1407.45,944.27,896.484,5938.4,8535.02,7626.59
462,151,84.1232,238.183,383.283,425.842,426.589,2460.98,2422.4,2414.19,3958.27,8827.71,8464.83
462,152,113.492,232.957,397.718,594.836,515.441,1799.19,1898,2866.16,3122.51,6729.36,9522.1
462,153,86.3631,161.526,362.626,350.181,581.645,1672.51,1157.07,1256.62,1902.98,4464,7351.32
462,154,116.727,148.087,254.61,205.081,348.937,1152.34,1250.15,737.447,930.084,3878.63,5322.91
462,155,129.669,136.389,190.148,200.104,244.405,682.194,638.639,952.483,782.744,2702.39,5759.95
462,156,146.096,136.389,150.576,306.627,203.837,560.987,398.963,496.775,720.771,1253.88,3963.74
462,157,184.175,137.385,166.255,421.611,339.479,498.766,346.697,327.284,557.503,963.186,1883.07
462,158,148.336,159.535,195.375,224.743,357.15,614.995,410.909,388.51,476.117,985.834,2314.88
462,159,124.443,161.526,160.033,155.553,168.744,439.531,402.945,418.127,428.331,768.806,1815.62
462,160,97.0652,102.79,156.798,77.6522,97.3141,306.875,196.37,290.698,476.117,507.726,689.661
462,162,96.0697,75.6611,75.91,140.869,131.411,172.229,192.388,285.471,275.018,619.226,785.979
462,163,63.4657,110.256,116.478,152.318,143.856,141.616,129.171,129.42,264.814,309.115,681.448
463,143,1189.92,1061.5,1016.7,631.919,558.001,4004.06,3032.17,4477.69,3747.96,3007.53,2109.3
463,144,1358.42,661.786,387.514,598.818,601.307,3326.85,3458.26,5292.54,4926.93,4212.13,3805.21
463,145,597.324,656.559,767.562,566.711,639.635,2363.16,3392.06,5361.98,6360.76,5218.37,5345.31
463,146,484.331,274.769,553.521,538.836,598.32,2842.52,3688.98,6096.44,7594.73,6308.74,6347.32
463,147,236.441,229.721,307.373,300.404,427.585,2709.86,3297.73,6407.55,8090.26,7450.13,7069.83
463,148,220.014,247.641,344.955,245.65,250.627,982.101,1467.92,4464.5,7717.68,7796.08,7489.45
463,149,185.171,205.579,307.373,378.305,400.705,748.647,476.117,1672.76,6948.87,7699.76,7108.91
463,150,111.252,186.913,474.624,325.293,478.108,2061.27,1484.85,1452.49,5032.71,8245.32,7220.41
463,151,111.252,151.073,293.933,400.954,367.603,1648.12,1552.05,2083.67,2843.26,7409.06,8083.04
463,152,103.785,146.842,231.712,412.403,459.691,1155.57,681.696,992.305,1927.37,4627.77,7500.9
463,153,95.0741,149.082,256.601,272.529,395.479,1549.31,1001.51,436.545,1419.64,3332.82,5480.45
463,154,99.3052,109.261,240.921,206.326,285.72,985.087,1007.49,937.301,913.906,3131.22,5140.72
463,155,111.252,139.625,209.81,173.971,289.951,524.152,470.144,659.795,902.706,1614.27,4526.72
463,156,91.8386,153.313,153.811,243.41,198.859,530.374,362.875,299.907,1022.42,1071.7,2048.82
463,157,104.781,120.709,170.486,201.099,205.081,469.149,345.701,335.497,669.003,1713.57,1906.71
463,158,108.016,97.563,130.914,124.443,168.744,418.127,219.517,299.907,390.75,1432.09,2609.81
463,159,99.3052,91.3409,116.478,79.8921,69.439,268.049,172.229,227.481,696.63,575.174,1397.99
463,161,90.5942,85.1187,86.3631,194.877,171.731,89.5987,128.176,177.455,279.249,1084.89,913.906
463,162,63.4657,88.1053,134.149,125.438,223.499,140.62,195.375,217.277,379.799,509.717,1140.14
463,163,67.6968,81.8832,136.14,102.541,109.758,143.856,218.521,223.25,509.717,328.528,524.899
464,142,1156.32,933.568,764.326,462.18,249.383,1397.24,837.996,1407.45,2157.83,1316.35,864.876
464,143,1520.44,633.662,551.529,832.023,599.315,2509.01,1999.29,2826.34,3181.5,2441.31,1687.69
464,144,832.272,602.053,545.307,828.788,806.388,3292.25,3361.94,4595.91,4314.67,3665.58,2914.69
464,145,719.029,257.098,475.62,589.609,654.07,3220.82,3500.32,5493.64,5072.28,4648.18,4111.08
464,146,514.694,205.579,244.156,284.973,342.715,2691.44,2908.72,5429.43,5193.98,5038.43,4813.19
464,147,215.783,195.126,321.062,156.549,148.087,1231.98,1786.75,4329.85,5255.96,5206.18,4891.09
464,148,207.072,203.588,306.378,362.626,212.299,360.883,642.621,2423.39,5364.72,5151.92,4659.63
464,149,126.434,158.54,329.275,376.065,393.239,1041.34,525.148,1300.42,4775.61,5395.58,4621.8
464,150,110.256,110.256,336.493,248.636,314.591,1202.36,782.993,1227,3198.67,5862.24,5223.6
464,151,69.9367,93.5808,210.806,276.76,266.058,578.16,360.883,784.237,1959.72,5017.77,6256.23
464,152,78.6477,97.563,147.589,259.089,307.373,922.866,402.945,416.136,1803.42,3408.73,5666.87
464,153,75.4122,109.261,171.482,257.098,236.939,1218.79,869.107,788.468,1204.36,2883.58,4579.98
464,154,83.1276,88.1053,207.819,280.742,281.489,688.416,635.653,770.051,788.966,1989.84,3979.18
464,155,90.5942,113.492,172.477,156.549,307.373,458.944,276.511,334.502,1364.64,977.621,2567.75
464,156,77.6522,134.398,114.238,106.772,169.74,486.322,337.737,225.241,1367.62,1546.57,1460.46
464,157,91.8386,123.945,99.8029,80.8877,127.429,218.272,315.586,311.106,509.717,2095.36,2084.66
464,158,97.0652,112.247,96.5674,80.8877,112.745,156.051,163.269,347.693,635.653,1107.54,2134.94
464,159,88.3542,94.5764,141.367,127.429,89.1009,108.016,118.22,227.481,1072.2,563.974,960.946
464,160,77.6522,107.021,120.46,236.192,136.638,128.425,139.127,184.424,576.667,1318.34,728.736
464,161,54.7547,112.247,141.367,179.197,220.512,241.667,238.432,402.696,311.604,1080.91,1308.89
464,162,51.5192,82.8788,172.477,135.642,167.749,308.866,397.967,457.949,563.476,401.203,1146.12
464,163,41.8127,61.9724,94.5764,111.003,131.411,172.229,277.507,377.31,563.476,436.047,511.708
465,142,1219.29,821.321,842.227,283.978,135.642,1191.16,678.71,1151.59,1763.85,987.825,624.204
465,143,886.529,672.239,684.434,438.287,285.72,2381.33,1472.9,2188.94,2393.28,1813.87,1296.69
465,144,668.008,295.924,422.856,319.071,301.151,2590.65,1955.24,3081.2,2608.57,2432.11,2105.07
465,145,702.852,218.272,202.593,193.882,205.081,1869.38,1649.36,2938.59,2449.28,2584.67,2640.42
465,146,316.831,309.613,264.814,129.42,152.069,1149.35,1355.43,2557.05,2538.63,2382.08,2624.99
465,147,255.854,203.588,308.618,132.656,142.86,616.986,1162.04,2456.99,3254.42,2512,2510.5
465,148,149.331,196.121,271.036,214.539,160.531,490.553,756.86,1838.02,3893.31,3219.33,2750.93
465,149,110.256,157.544,268.049,167.997,135.642,498.766,464.171,1081.16,3476.93,4264.4,3419.18
465,150,90.5942,100.798,205.579,181.437,126.185,234.45,295.676,694.638,2400.5,4554.1,4547.13
465,151,108.016,94.5764,173.473,218.521,188.406,420.118,339.728,581.396,1888.79,3802.72,5086.47
465,152,74.4167,104.034,188.157,197.864,213.295,895.489,627.439,733.216,1569.72,2944.06,4419.2
465,153,88.3542,81.8832,128.923,305.631,210.059,638.39,532.365,680.203,883.293,2327.82,3525.71
465,154,102.541,90.3453,107.021,270.538,281.489,290.698,197.366,432.314,967.665,1380.81,2867.65
465,155,117.723,134.398,98.8074,150.327,231.961,394.732,165.26,317.08,1467.18,1115.75,2065.25
465,156,95.0741,169.989,103.785,138.878,181.188,289.702,243.41,251.872,965.674,1606.06,1634.43
465,157,64.4613,176.211,161.029,136.887,138.629,113.243,180.193,329.275,385.772,1459.71,1732.74
465,158,66.7012,152.069,268.049,99.5541,108.763,114.238,132.158,435.549,745.162,771.793,1503.52
465,159,65.7057,104.034,221.259,148.087,88.1053,105.03,112.994,267.054,865.125,843.472,1068.46
465,160,73.1722,86.1143,136.14,169.989,127.429,184.424,159.286,244.654,434.553,1112.77,1066.47
465,161,80.8877,88.1053,121.456,187.659,148.087,321.311,240.423,383.532,331.017,635.653,1129.94
465,162,61.2257,72.4256,120.46,279.747,142.86,292.689,312.6,407.923,495.53,289.702,776.771
466,143,715.794,378.803,340.724,136.887,122.203,864.876,630.426,1100.57,1553.54,1553.79,1271.06
466,144,561.485,218.272,182.931,239.428,179.197,818.832,675.723,1173,1471.41,1920.4,2003.77
466,145,321.062,314.84,176.708,307.622,251.623,959.701,934.315,1245.42,1504.76,1854.69,2362.17
466,146,288.458,253.863,287.711,182.433,244.405,1251.39,1397.74,1925.62,2188.2,1840.51,2330.31
466,147,213.543,156.3,208.815,96.3186,157.295,997.532,1372.6,2398.01,3062.53,2345,2532.9
466,148,126.434,203.588,221.259,78.8966,78.6477,463.922,765.82,1806.41,3327.59,3144.66,2954.76
466,149,90.5942,156.3,269.045,138.878,88.1053,224.246,349.684,896.484,2733.51,3637.95,3372.14
466,150,102.541,132.158,189.153,239.428,185.419,328.28,328.777,670.994,1975.9,3416.94,3599.38
466,151,116.727,110.256,214.041,195.873,227.73,588.364,450.98,741.429,1581.91,2755.66,3378.37
466,152,93.8297,111.252,252.37,209.312,151.073,494.535,416.883,617.982,1207.34,2383.08,3109.07
466,153,88.3542,91.3409,177.704,232.21,194.628,169.242,169.242,415.14,853.925,2043.1,3039.63
466,154,93.8297,104.034,131.909,176.211,198.859,197.864,134.149,412.9,968.661,1440.3,2688.46
466,155,98.3096,111.252,102.79,129.42,133.651,246.645,192.388,382.536,965.674,1152.59,1986.35
466,156,96.0697,174.22,119.465,123.447,135.642,118.22,114.238,202.841,628.435,1149.6,1354.93
466,157,80.8877,169.989,263.818,77.6522,118.967,74.4167,71.9278,253.863,475.122,968.412,1128.69
466,158,74.4167,138.629,261.827,77.6522,78.6477,82.6299,76.9055,277.258,572.685,771.793,1177.97
466,159,74.4167,125.936,233.703,108.763,88.1053,84.621,101.047,180.442,425.345,711.314,1024.41
466,160,57.9902,97.563,211.801,134.647,123.198,114.238,107.021,200.85,258.841,535.352,753.126
466,161,76.4077,78.8966,157.793,234.201,126.185,217.277,136.14,219.268,289.205,312.102,579.156
466,162,36.3372,77.6522,117.474,248.636,170.735,192.637,177.206,218.272,294.431,237.436,438.038
467,143,433.06,326.288,301.151,222.752,152.069,507.726,492.046,762.833,1354.43,1187.43,883.293
467,144,286.467,232.957,286.716,331.515,236.939,859.649,790.957,955.719,1495.8,1524.17,1275.04
467,145,275.516,139.625,207.819,261.081,246.396,1231.98,1232.23,1520.69,1664.3,1687.94,1481.86
467,146,247.143,135.394,149.58,117.225,162.522,1177.97,1258.36,2042.85,2155.84,1773.8,1636.42
467,147,136.389,167.997,96.5674,98.5585,86.8609,722.016,919.382,1916.42,2332.55,2101.59,1897.5
467,148,100.55,194.13,224.494,117.225,97.3141,305.88,446.002,1277.03,2059.28,2307.17,2194.17
467,149,93.8297,181.437,268.049,155.553,144.851,246.645,258.592,683.439,1810.39,2170.03,2253.66
467,150,72.1767,149.082,201.597,164.762,149.082,336.493,282.485,567.956,1622.73,2154.6,2188.2
467,151,69.9367,130.167,230.717,121.207,109.758,308.866,257.596,498.766,1298.68,2124.98,2503.29
467,152,90.5942,88.1053,173.473,166.753,79.6432,109.012,158.291,385.523,931.079,2021.69,2773.58
467,153,64.4613,105.03,139.127,169.989,150.078,146.842,150.327,351.924,712.807,1576.44,2603.59
467,154,86.3631,97.563,146.593,140.869,138.629,224.246,211.303,399.71,638.639,1063.49,1943.54
467,155,100.55,87.1098,92.5853,153.313,115.98,111.998,139.127,302.893,570.694,770.797,1260.85
467,156,87.3587,120.709,105.03,144.105,135.642,61.2257,76.9055,142.611,532.116,680.701,820.823
467,157,100.55,131.162,186.913,100.55,133.651,115.234,92.0875,155.055,424.349,691.901,738.94
467,158,58.9858,152.069,201.597,125.438,106.523,120.212,112.994,146.842,320.813,590.604,755.366
467,159,54.7547,144.851,263.818,104.781,113.989,74.4167,98.0607,161.029,229.472,388.012,616.986
467,160,56.9947,93.5808,281.489,128.425,95.323,97.8119,74.9144,147.838,274.023,269.045,422.607
467,161,43.8038,66.2035,162.024,211.303,122.203,172.229,141.118,114.238,268.049,297.916,375.568
468,146,129.669,172.229,118.469,133.651,102.541,539.583,610.515,1253.39,1142.38,904.946,721.518
468,147,117.723,206.824,163.02,156.549,125.189,366.11,476.117,979.114,1191.16,1062.49,947.755
468,148,78.6477,141.616,218.272,98.5585,110.754,274.271,368.848,764.824,1327.06,1225.26,1134.92
468,149,61.2257,142.86,210.806,87.1098,110.754,221.259,305.631,644.613,1453.99,1490.32,1408.19
468,150,49.2793,101.794,201.597,97.3141,77.6522,190.646,204.335,493.539,1348.46,1802.68,1825.82
468,151,81.8832,79.8921,162.024,125.438,82.8788,146.842,153.313,303.889,925.106,1875.35,2175.75
468,152,73.1722,87.1098,116.478,146.096,98.3096,147.838,182.184,280.494,568.454,1331.78,2100.09
468,153,84.1232,70.4345,144.353,109.758,105.527,233.454,229.472,301.898,448.74,812.61,1477.88
468,154,88.3542,70.4345,161.029,136.887,88.1053,166.255,184.424,265.063,418.376,550.783,990.563
468,155,75.4122,81.8832,111.252,125.438,110.754,85.6165,95.0741,191.642,405.185,475.868,789.961
468,156,86.3631,113.492,95.5719,102.541,106.523,152.815,90.0964,165.26,396.972,454.464,609.022
468,158,46.0438,137.385,143.358,103.536,90.0964,132.407,127.18,170.237,249.632,440.029,544.312
468,159,62.4702,96.5674,243.161,73.67,85.8654,81.6343,115.234,198.859,295.427,372.581,537.343
468,160,74.4167,73.4211,185.917,107.767,79.6432,136.638,100.052,148.833,349.186,328.528,450.233
469,145,108.016,164.762,182.931,131.66,100.55,319.071,285.471,547.547,511.708,552.774,589.36
469,146,140.62,132.158,183.926,198.859,138.629,355.906,368.848,631.173,643.617,629.431,694.887
469,147,123.198,92.3364,136.14,154.309,155.304,504.739,530.374,789.464,965.674,757.358,738.94
469,148,77.6522,113.492,95.5719,100.55,82.8788,380.297,520.17,885.284,1341.24,993.798,835.01
469,149,49.2793,117.474,136.14,93.3319,92.0875,185.668,280.494,704.843,1213.32,1369.61,1108.29
469,150,74.4167,72.4256,160.033,138.878,123.198,124.443,134.149,366.11,825.552,1448.51,1438.81
469,151,56.9947,75.6611,126.683,140.869,127.429,183.428,176.211,204.832,447.744,1140.39,1484.85
469,152,63.4657,97.563,107.021,87.1098,79.6432,229.472,228.477,240.672,403.941,683.688,1166.77
469,153,54.7547,74.6655,129.918,106.772,68.4434,181.437,183.428,276.263,474.126,565.965,814.601
469,154,76.4077,70.4345,122.7,100.55,79.6432,89.5987,137.136,206.077,378.554,646.853,822.814
469,155,67.6968,97.563,84.1232,60.2302,65.2079,124.443,150.327,229.472,350.181,522.908,815.597
469,156,52.5148,87.1098,103.785,69.439,73.4211,167.251,168.246,253.863,482.339,390.003,597.573
469,158,53.7592,105.03,130.914,68.4434,60.9769,90.5942,125.189,171.233,314.591,617.235,668.257
469,159,65.7057,74.6655,156.798,72.6745,67.199,94.8252,144.105,251.872,308.618,485.077,723.509
469,160,55.7503,93.5808,140.371,71.43,68.4434,108.016,129.171,175.464,329.026,355.159,512.703
470,145,111.252,118.718,197.366,84.8698,77.6522,297.667,265.56,388.51,435.549,569.2,585.378
470,146,112.496,112.247,138.131,97.3141,86.8609,503.744,394.981,602.8,528.881,513.699,575.174
470,148,74.4167,141.616,157.793,111.998,89.1009,268.049,358.892,744.415,978.865,818.832,604.791
470,149,63.4657,91.3409,197.366,127.429,123.198,127.429,144.105,426.34,739.189,1001.02,847.454
470,150,53.7592,74.6655,115.234,129.42,128.425,178.451,170.237,244.654,518.926,924.359,1069.46
470,151,38.3283,76.6566,112.247,108.763,92.0875,242.663,255.605,324.297,530.872,735.953,1063.24
470,152,50.5237,68.1945,107.021,80.8877,71.43,164.015,222.503,363.123,615.244,703.101,875.08
470,153,41.8127,60.9769,81.1366,90.0964,90.0964,100.798,140.122,259.089,535.103,835.259,871.845
470,154,39.5727,45.2971,70.6834,79.8921,82.8788,118.22,156.3,223.25,355.408,780.006,974.385
470,155,47.0393,70.4345,63.4657,66.4523,75.6611,138.629,188.406,312.102,427.336,488.313,811.614
470,156,40.5683,59.9813,77.9011,65.2079,65.2079,118.22,140.122,311.106,647.848,468.9,536.348
470,157,61.2257,69.439,76.9055,61.2257,72.4256,67.199,85.1187,167.251,481.344,673.483,517.93
470,158,62.4702,69.439,59.2347,51.7681,59.9813,124.443,114.238,156.051,257.845,618.231,690.656
470,159,61.2257,67.199,90.3453,56.9947,52.7637,110.007,121.207,204.832,222.254,394.981,653.821
471,148,63.4657,94.5764,181.686,86.1143,86.8609,134.647,205.33,430.322,705.589,688.914,446.251
471,149,43.8038,70.4345,131.909,72.6745,100.55,220.263,179.197,284.476,614.249,821.819,720.523
471,150,56.9947,79.8921,119.465,99.5541,75.6611,264.067,269.543,398.714,634.657,818.832,857.658
471,151,64.4613,82.8788,127.678,154.309,88.1053,152.815,209.312,443.513,692.398,737.944,857.658
471,152,48.2837,57.7414,107.021,132.656,112.745,95.8208,121.207,279.498,575.671,770.797,795.188
471,153,46.0438,56.7458,68.6923,113.989,89.1009,132.407,150.327,177.455,352.172,754.371,815.597
471,154,37.3328,54.7547,48.7815,113.989,106.523,136.638,192.388,263.072,302.395,587.618,806.388
471,155,50.5237,52.5148,50.0259,77.6522,85.8654,104.034,130.167,318.075,432.562,384.776,643.617
472,150,53.7592,70.4345,116.478,115.98,80.8877,158.042,228.477,405.932,541.076,542.57,503.495
472,151,39.5727,100.798,145.349,127.429,100.55,105.03,127.18,258.094,541.076,557.752,496.277
472,152,46.0438,65.2079,126.683,101.545,105.527,202.841,141.118,131.411,348.19,585.378,539.334
472,154,51.5192,42.0616,72.6745,108.763,109.758,107.021,157.295,256.849,243.659,306.129,505.486
