431,324,93.8297,79.8921,82.1321,95.323,89.1009,198.859,101.047,88.6031,184.673,424.847,641.626
431,325,91.8386,106.025,103.785,83.8743,91.092,185.668,118.22,92.8342,255.854,237.436,764.575
432,325,98.3096,74.6655,123.696,61.2257,94.3275,126.434,133.154,131.411,262.823,516.934,880.058
432,326,89.5987,100.798,119.465,115.98,111.749,125.438,144.105,117.225,337.986,193.384,840.236
433,308,72.1767,182.682,438.287,167.997,130.416,85.6165,115.234,137.633,149.082,204.584,251.623
433,323,116.727,74.6655,85.1187,90.0964,89.1009,124.443,141.118,107.021,363.372,423.851,699.865
433,326,79.6432,77.6522,105.03,88.1053,86.8609,122.203,116.229,149.829,322.804,488.313,758.353
433,327,60.2302,70.4345,115.234,94.3275,111.749,271.285,206.326,158.042,235.445,239.428,642.621
434,315,104.781,95.5719,213.046,358.395,376.812,199.855,466.162,445.753,348.19,188.406,379.55
434,320,105.776,120.709,81.1366,201.099,332.262,160.033,229.472,240.672,334.999,308.12,584.382
434,323,103.785,71.43,91.3409,71.43,110.754,129.42,180.193,144.851,398.963,698.123,643.617
434,324,89.5987,92.3364,119.465,55.0036,80.8877,108.016,151.322,141.616,555.263,529.13,915.897
434,325,78.6477,87.1098,107.021,58.9858,64.2124,145.847,179.197,208.068,396.972,592.596,664.274
434,327,80.8877,91.3409,81.1366,127.429,127.429,186.664,154.309,207.072,352.172,474.873,678.461
434,329,96.0697,100.798,130.914,79.8921,95.323,354.91,101.047,148.833,176.708,317.329,591.6
434,330,63.4657,135.394,163.02,87.1098,81.8832,238.681,114.238,100.798,241.667,310.111,544.312
434,332,54.7547,85.1187,160.033,96.3186,96.3186,253.863,148.087,158.042,182.682,278.502,495.281
434,333,64.4613,76.6566,134.149,80.8877,91.092,233.454,112.994,100.798,163.269,171.98,471.637
434,334,67.6968,73.4211,137.136,76.6566,72.4256,305.88,174.22,117.225,158.291,158.54,512.703
435,312,157.047,125.936,245.152,693.145,833.267,296.671,256.601,294.68,211.055,342.964,359.141
435,313,204.832,179.446,217.028,281.738,520.668,352.919,235.445,247.89,258.841,356.155,694.887
435,314,177.704,220.263,239.925,317.08,299.16,451.727,270.538,304.884,249.632,392.99,807.383
435,315,281.987,173.224,259.587,467.406,289.951,368.101,477.113,638.39,342.217,443.264,856.663
435,316,320.066,222.503,195.375,401.95,202.841,182.433,329.773,591.6,556.258,397.221,844.218
435,317,287.462,278.005,224.494,277.756,211.303,194.628,155.304,237.685,722.016,329.524,560.738
435,324,80.8877,89.3498,90.3453,63.2168,56.9947,93.8297,153.313,148.833,492.295,826.05,749.144
435,325,86.3631,104.034,109.012,80.8877,75.6611,96.8163,112.994,100.798,617.235,623.457,1027.4
435,326,122.203,91.3409,125.687,56.9947,97.3141,123.447,124.194,145.847,385.772,588.613,904.698
435,328,108.016,121.705,110.256,91.092,100.55,171.233,106.025,212.05,233.454,465.664,635.404
435,329,77.6522,122.7,105.03,107.767,102.541,222.254,86.1143,125.438,258.841,346.946,584.382
435,330,83.1276,123.945,137.136,81.8832,72.4256,221.259,86.1143,105.03,374.572,367.354,679.456
435,331,69.9367,100.798,153.811,78.8966,73.4211,338.484,97.0652,147.838,361.381,439.033,568.951
436,309,367.852,336.742,430.074,349.186,332.262,113.243,159.286,198.859,143.109,390.003,666.266
436,310,250.378,202.593,356.404,261.081,412.9,115.234,117.225,148.833,170.486,179.197,365.363
436,312,209.064,198.361,311.604,981.105,630.426,444.509,465.166,492.544,547.298,448.242,744.913
436,313,388.51,304.138,524.65,778.015,883.045,350.679,656.559,605.786,746.158,685.679,921.124
436,314,196.121,222.503,576.418,583.387,633.413,232.459,308.618,281.489,795.935,1093.1,774.779
436,315,321.062,214.041,279.498,262.076,330.271,306.875,193.384,230.468,527.885,1314.36,1109.28
436,316,364.617,426.838,239.925,212.548,255.605,218.272,182.184,263.072,244.654,970.403,1270.06
436,317,184.175,317.826,559.743,217.526,306.378,166.255,144.105,185.668,281.24,424.847,941.533
436,318,125.438,141.616,410.163,531.619,355.159,198.859,211.303,187.659,301.4,199.606,557.752
436,323,105.776,111.252,81.1366,82.8788,82.8788,125.438,244.405,290.698,761.589,1377.83,739.936
436,324,100.55,114.487,78.8966,89.1009,91.092,90.5942,156.3,217.277,554.267,1189.42,1194.4
436,325,134.149,82.8788,102.79,128.425,107.767,96.8163,118.22,160.033,409.167,1103.56,986.581
436,326,96.0697,118.718,95.5719,74.6655,109.758,111.998,96.0697,94.8252,672.239,535.352,1396
436,327,131.909,120.709,103.785,96.3186,108.763,136.638,122.203,203.837,408.172,572.187,878.067
436,329,80.8877,133.402,108.016,107.767,109.758,177.455,109.012,208.068,218.272,436.047,674.479
436,330,73.1722,105.03,102.79,94.3275,99.3052,200.85,87.1098,143.856,240.672,395.976,569.947
436,331,71.1812,92.3364,106.025,69.439,88.1053,209.064,96.0697,149.829,535.103,231.214,755.366
436,332,80.8877,86.1143,120.46,87.1098,75.6611,173.224,210.308,134.647,491.299,401.203,464.669
437,308,188.406,243.41,250.378,152.318,88.1053,138.629,190.397,247.89,348.19,572.187,616.986
437,309,222.254,404.936,388.51,472.384,302.147,101.794,131.162,188.655,186.664,465.664,531.121
437,310,270.04,294.929,803.899,578.16,615.991,129.42,145.1,125.438,184.673,230.219,332.511
437,311,278.751,226.734,554.765,234.201,416.136,211.055,201.348,349.684,416.136,461.682,583.387
437,312,267.8,395.479,410.163,611.262,228.725,654.817,307.622,547.547,880.307,598.818,938.546
437,313,267.8,401.701,443.513,778.015,420.367,765.82,583.387,630.177,1035.61,679.705,607.778
437,315,365.612,259.089,353.168,197.864,180.193,186.664,128.176,201.846,690.407,792.201,689.661
437,316,226.485,300.155,273.276,448.74,232.957,219.268,155.304,165.26,412.154,689.91,790.957
437,317,183.179,318.822,292.938,640.381,650.088,277.258,167.251,190.646,283.231,510.712,531.121
437,319,130.914,114.487,267.054,601.058,401.701,573.183,463.175,476.366,283.231,484.082,540.33
437,320,198.361,109.261,123.696,138.878,194.628,224.246,403.941,582.391,689.412,422.607,487.068
437,321,229.721,123.945,100.798,200.104,122.203,274.271,349.684,582.391,1718.05,505.735,683.688
437,322,135.145,105.03,94.5764,117.225,107.767,221.259,314.591,407.923,1668.28,1133.17,819.828
437,324,150.327,120.709,126.683,129.42,161.526,90.5942,157.295,242.663,750.389,1334.77,1524.92
437,325,129.669,107.021,87.3587,162.771,114.985,99.8029,119.216,169.242,372.581,990.812,1084.89
437,326,137.385,116.478,96.5674,115.98,141.865,122.203,120.212,169.242,628.435,1063.49,944.519
437,327,112.496,101.794,78.8966,107.767,68.4434,175.464,118.22,165.26,970.652,373.577,1586.39
437,332,68.9412,61.9724,99.8029,95.323,85.8654,153.811,171.233,122.203,477.113,211.801,532.116
438,308,292.938,177.455,460.189,94.3275,77.6522,165.26,228.477,281.489,375.568,446.251,278.254
438,310,365.612,447.993,683.439,744.913,509.219,280.494,150.327,161.029,278.254,315.337,414.394
438,311,323.302,539.085,1286.74,507.726,609.769,176.46,219.517,398.714,541.076,709.323,704.096
438,312,350.43,483.584,1035.61,169.989,203.837,246.645,133.154,353.915,588.862,631.422,578.16
438,313,183.179,225.49,546.303,175.215,149.082,346.697,173.224,289.702,387.763,385.772,322.306
438,314,299.409,236.192,271.036,313.844,243.161,144.851,137.136,259.089,495.53,679.705,938.546
438,315,299.409,270.787,307.373,473.628,510.215,211.055,152.318,164.264,462.926,1349.21,2418.42
438,316,240.672,442.767,578.658,389.505,462.677,377.31,306.627,248.885,345.204,1062.49,3008.77
438,317,108.016,314.84,1042.83,864.129,511.459,404.936,338.733,341.719,540.081,333.755,1475.64
438,318,122.203,192.139,279.498,442.518,531.121,454.713,248.387,293.684,816.343,500.508,290.698
438,321,227.73,97.563,107.021,100.55,140.869,231.463,650.586,1247.41,1630.7,1473.9,1068.46
438,322,170.984,105.03,116.478,96.3186,113.989,186.664,216.281,514.943,2127.22,1077.92,1827.81
438,323,179.695,104.034,159.038,155.553,75.6611,203.837,293.684,370.092,859.898,1580.42,819.828
438,324,162.522,125.936,130.914,136.887,138.629,150.824,181.188,352.919,608.275,1589.63,1098.08
438,325,131.909,130.167,160.033,119.216,111.749,116.229,93.083,139.625,664.026,532.365,1452.24
438,327,89.5987,96.5674,74.9144,84.8698,79.6432,161.029,133.154,293.684,876.325,657.057,1652.85
438,328,78.6477,101.794,81.1366,52.7637,74.6655,274.271,156.3,239.676,706.585,468.9,945.515
438,330,69.9367,66.2035,89.3498,80.8877,86.8609,160.033,115.234,249.881,413.149,356.155,587.369
439,309,162.522,218.272,484.082,192.637,156.3,145.847,196.37,198.859,290.2,287.711,463.673
439,310,236.441,549.538,286.716,470.393,253.614,199.855,124.194,121.207,558.498,679.705,800.166
439,311,239.676,661.786,535.85,424.847,261.827,189.65,110.007,223.25,473.131,731.971,763.331
439,313,112.496,197.366,292.938,570.943,662.532,134.647,132.158,203.837,1287.48,715.545,662.035
439,314,240.672,237.188,265.809,698.372,876.822,198.859,140.122,187.659,1778.04,2562.02,1988.59
439,315,313.595,395.479,864.129,971.897,908.929,411.905,288.707,193.633,931.079,3823.12,3828.6
439,316,264.565,616.737,772.788,764.575,1056.77,475.122,325.791,220.263,319.817,2226.28,3962.75
439,317,281.987,605.289,577.414,537.841,543.565,404.936,317.577,364.119,416.136,497.521,1632.44
439,318,279.747,293.684,360.386,308.866,315.835,385.523,345.701,673.234,949.248,248.636,264.067
439,320,397.221,173.224,161.029,239.428,193.633,433.309,664.523,929.088,2366.9,892.502,237.436
439,322,254.858,142.86,151.571,100.55,99.3052,159.038,298.662,741.429,1248.91,1870.12,1775.55
439,323,249.383,141.616,180.691,141.865,110.754,167.251,141.118,197.864,985.834,768.806,1143.13
439,325,137.385,134.398,128.923,117.225,123.198,116.229,76.9055,135.642,879.311,430.82,1394.01
439,327,80.8877,118.718,89.3498,115.98,113.989,152.815,145.1,474.126,347.195,1280.51,1109.28
439,328,79.6432,78.8966,70.6834,75.6611,121.207,190.646,149.331,354.91,589.858,351.177,1222.03
439,330,57.9902,77.6522,83.1276,94.3275,107.767,141.616,153.313,254.858,344.208,329.524,718.283
439,331,73.1722,59.9813,91.3409,139.873,121.207,114.238,112.994,168.246,323.8,255.854,436.047
440,309,213.543,368.101,772.788,246.645,213.295,233.454,191.393,171.233,644.613,733.962,661.039
440,310,154.807,209.81,393.736,278.751,231.961,161.029,171.233,192.637,641.626,925.355,859.649
440,311,151.571,206.824,178.7,244.654,241.17,195.624,181.188,193.633,314.591,611.013,662.035
440,312,180.94,418.625,520.419,562.729,383.034,201.846,205.33,193.633,665.021,540.33,789.961
440,313,259.089,496.277,948.252,1075.43,759.846,269.294,183.428,278.502,1925.13,1094.1,1369.37
440,314,250.378,262.325,669.003,1101.32,1107.54,582.391,289.702,337.488,2245.19,2343,1441.05
440,315,787.722,917.64,657.555,1221.53,1156.32,865.871,556.258,561.983,1545.58,2837.54,1613.02
440,316,310.36,429.078,800.664,1113.76,1065.23,661.786,500.259,506.979,649.839,1887.54,1813.38
440,320,461.433,152.069,123.696,186.415,269.045,420.118,887.276,1551.3,2947.8,506.73,836.005
440,323,161.278,151.073,129.918,245.65,220.512,111.998,114.238,272.28,693.394,572.187,833.019
440,324,79.6432,96.5674,112.247,158.54,180.193,119.216,111.003,144.851,317.826,744.167,634.408
440,325,80.8877,101.794,88.3542,291.196,194.628,147.838,121.207,167.251,702.603,408.421,756.362
440,326,79.6432,95.5719,77.9011,146.096,182.184,172.229,124.194,131.411,874.334,598.818,470.642
440,328,91.8386,100.798,99.8029,124.443,132.407,117.225,152.318,535.352,499.512,605.04,839.241
440,330,87.3587,74.6655,111.252,153.313,126.185,139.625,171.233,243.659,235.445,624.453,599.564
440,331,67.6968,76.6566,123.696,148.087,118.967,111.003,117.225,160.033,407.176,225.241,587.369
441,311,176.46,294.929,599.315,305.631,220.512,268.049,248.387,332.511,459.94,738.94,458.446
441,312,342.964,401.701,684.434,401.95,320.813,221.259,203.339,249.881,892.502,1227.25,1249.65
441,313,547.298,1299.43,966.919,416.634,243.161,275.267,207.321,461.931,1492.56,1132.18,1462.45
441,314,417.878,701.607,1515.21,853.676,450.233,675.225,469.149,906.689,1994.32,960.199,616.986
441,315,899.72,689.163,710.318,898.227,639.635,811.863,608.524,925.106,2002.53,1600.83,995.789
441,316,479.851,352.421,479.851,768.806,643.866,1018.94,745.909,760.842,648.844,2052.31,2436.83
441,317,997.532,501.504,240.921,707.58,899.471,1206.6,1755.64,2061.27,851.934,936.555,2203.38
441,318,468.9,294.929,354.164,570.943,510.215,684.185,1303.41,1928.61,1941.55,513.699,635.404
441,320,448.242,183.677,219.268,202.095,220.512,441.522,961.443,1846.23,1504.76,806.637,1076.68
441,321,281.987,281.24,210.806,347.195,281.489,129.42,222.503,488.562,1025.41,746.158,678.461
441,322,185.171,106.025,213.046,152.318,162.522,146.842,227.481,314.093,332.013,694.887,529.13
441,324,108.016,132.158,169.242,204.086,146.096,123.447,120.212,217.277,357.399,446.251,938.546
441,325,121.207,118.718,226.485,300.404,260.832,213.046,139.127,281.489,478.108,352.172,374.572
441,326,119.963,133.402,121.456,185.419,152.069,197.864,141.118,264.067,740.184,433.06,537.343
441,327,126.434,107.021,166.255,208.317,165.758,147.838,165.26,239.676,521.912,585.378,430.82
441,331,57.9902,86.1143,164.264,131.66,121.207,111.998,151.322,273.276,515.69,262.076,502.499
442,311,149.331,310.609,749.891,172.975,116.976,239.676,273.525,339.479,1357.67,950.99,412.403
442,312,291.693,321.062,687.67,265.312,225.739,161.029,242.414,496.775,1520.19,1788.24,1084.89
442,313,402.696,790.957,976.376,162.771,177.953,224.246,395.976,904.698,879.311,1243.68,1075.68
442,314,443.016,729.98,1045.82,352.172,183.179,476.117,741.927,1669.77,1937.32,718.531,719.527
442,315,415.638,494.037,825.801,392.741,219.517,360.883,626.444,1355.43,2581.19,2334.79,2217.82
442,316,1207.34,487.815,465.415,1230.99,889.267,1581.91,573.431,455.958,840.734,2871.14,3768.37
442,317,786.477,1046.81,918.137,1027.9,1098.33,2200.89,1778.78,1774.8,554.267,1023.66,2391.79
442,318,451.727,267.552,546.303,669.252,418.127,818.832,1191.16,1744.19,1013.46,532.365,562.729
442,320,482.091,207.819,370.839,204.086,169.74,276.263,404.936,986.332,532.116,440.029,731.722
442,322,239.676,241.419,289.702,138.878,162.522,148.833,269.543,220.263,654.817,263.072,779.757
442,324,178.7,232.957,201.597,193.882,142.86,200.85,198.361,443.513,344.208,691.901,981.354
442,325,184.175,151.073,327.284,183.428,168.744,243.659,270.538,583.387,517.681,327.533,383.781
442,326,140.62,173.224,156.798,163.766,99.3052,160.033,145.1,423.105,372.581,652.079,599.564
442,327,138.38,155.304,166.255,192.637,142.86,186.664,165.26,252.867,546.303,291.693,764.575
442,331,64.4613,74.6655,130.914,147.091,114.985,142.611,138.131,290.698,609.271,254.858,383.781
443,311,238.432,260.085,206.824,115.98,110.754,257.845,368.848,940.288,2474.67,862.885,255.854
443,312,275.516,649.341,639.884,225.988,213.295,268.049,528.134,1208.59,2153.85,1662.3,544.312
443,313,607.031,346.199,715.545,213.543,233.952,312.102,427.087,828.041,1265.08,1419.64,664.274
443,314,543.067,696.381,603.546,195.873,278.502,771.046,976.376,1633.93,2536.64,1986.85,1023.42
443,315,419.123,676.47,1326.31,311.853,148.087,448.74,1392.51,2173.51,2500.05,3981.91,3073.48
443,316,972.394,898.973,863.134,923.115,431.567,826.05,439.033,731.225,690.407,3059.55,3953.54
443,317,400.456,1100.32,1146.61,375.07,351.924,1179.96,635.653,816.841,1859.17,841.481,1681.47
443,318,830.032,309.613,281.489,305.631,191.393,419.123,363.87,605.786,2222.79,1967.44,1123.72
443,319,496.277,737.447,539.085,167.997,173.971,278.254,271.534,375.319,436.545,2540.62,2742.71
443,320,302.644,250.876,290.947,279.747,214.29,259.089,307.622,342.715,520.917,579.405,1524.92
443,322,255.854,316.831,239.925,258.094,317.826,215.037,334.751,386.519,1092.61,517.93,1228
443,323,180.94,237.188,354.164,161.775,254.61,192.637,224.494,294.68,817.339,786.228,459.442
443,325,154.807,151.073,255.605,217.526,244.405,279.498,447.993,772.042,680.203,389.007,434.802
443,327,85.1187,129.171,159.038,176.211,186.415,150.824,155.304,424.349,532.116,404.189,1079.66
444,313,245.152,292.689,223.25,364.617,260.832,389.505,874.085,1438.06,3254.42,1330.79,369.346
444,314,267.8,900.964,971.15,367.852,425.345,1129.94,1048.55,1685.95,4500.59,3243.97,1024.41
444,315,312.351,538.09,1011.72,270.538,441.024,1083.15,1362.65,1641.15,2935.6,4583.72,2653.86
444,316,195.126,602.053,541.076,310.858,405.683,597.573,915.4,1045.32,1373.85,2595.87,2739.73
444,317,316.831,272.778,451.727,306.627,365.363,600.56,1413.67,2485.62,4362.46,1507.75,925.106
444,318,379.799,438.536,251.374,224.743,233.952,293.684,858.156,1494.31,4105.61,3939.85,1957.73
444,319,142.86,345.204,411.407,172.975,124.194,231.463,282.485,369.097,683.19,3913.22,3847.02
444,320,145.1,177.455,245.152,248.636,180.193,355.906,321.56,405.932,1503.76,755.366,1896.5
444,322,79.6432,217.277,219.268,449.735,433.807,561.983,779.011,1013.71,1115.01,1365.38,1951.76
444,323,98.3096,145.847,240.921,321.311,368.599,315.089,493.041,719.029,1094.6,569.2,870.849
444,325,78.6477,136.389,226.485,210.308,276.511,353.915,482.091,604.791,926.102,566.96,505.486
444,327,74.4167,109.261,179.695,150.327,170.735,174.22,273.525,540.579,616.24,473.877,1226.01
444,329,85.1187,101.794,128.923,99.5541,114.985,192.637,169.242,215.037,267.054,284.476,518.926
445,313,377.808,338.982,183.926,227.979,209.064,1365.63,2289,3671.8,3580.46,1127.95,811.614
445,314,155.802,309.613,377.061,355.408,245.401,1116.75,2339.27,4448.08,4278.09,2611.3,1296.69
445,315,341.719,279,259.587,538.836,349.933,828.041,924.359,2002.28,2438.08,2990.11,2197.41
445,316,201.597,241.419,306.378,553.272,445.007,1213.56,741.927,1225.01,1315.86,1389.03,1905.71
445,317,427.585,350.43,191.144,342.964,333.257,1502.27,1984.36,3927.91,3812.92,934.564,578.16
445,318,248.387,349.435,336.493,176.211,161.526,605.786,1105.8,2021.45,2725.54,2548.83,1042.83
445,319,451.727,351.426,419.62,236.192,241.17,290.698,369.843,524.152,844.716,2044.09,1828.81
445,320,137.385,252.867,508.97,147.091,180.193,298.662,423.851,747.651,3109.32,673.483,743.918
445,321,121.207,193.135,353.168,303.64,172.975,427.336,352.67,365.115,1158.56,3101.61,1125.71
445,322,121.207,155.304,290.947,362.626,278.502,824.059,889.267,1249.4,1061.99,2033.89,2619.02
445,323,85.1187,120.709,221.259,273.525,284.725,390.501,528.134,755.615,1058.01,779.011,1096.09
445,324,83.1276,124.94,175.464,266.307,270.289,443.513,389.754,283.48,562.48,1146.37,948.75
445,325,100.55,79.8921,191.144,196.868,231.961,304.884,412.9,388.51,876.325,741.18,786.975
445,326,64.4613,112.247,138.131,167.997,179.197,229.472,270.538,365.115,279.249,1365.38,931.328
445,327,92.8342,90.3453,106.025,112.994,154.309,284.476,466.162,612.009,606.035,380.794,1119.49
445,329,67.6968,108.265,80.141,93.3319,137.633,212.05,210.308,274.271,290.2,252.867,620.222
446,311,211.303,137.385,252.37,474.624,404.687,1024.91,482.091,602.8,1203.36,882.298,414.394
446,312,187.411,198.361,324.048,449.735,447.247,1998.05,934.315,1350.45,1851.21,1333.78,924.111
446,313,305.88,324.297,462.18,426.838,677.963,2677.26,2487.61,3664.83,2668.55,1840.51,1722.29
446,314,278.751,398.714,601.307,221.757,454.464,1772.56,2555.8,4716.37,2670.54,2634.7,2477.65
446,315,212.299,371.337,568.205,218.521,246.396,416.136,744.913,1738.96,1526.16,2843.51,3000.81
446,316,259.089,225.49,283.48,164.762,144.851,870.849,610.515,1162.79,973.639,1683.96,2492.09
446,317,243.907,414.394,312.6,164.762,158.291,1133.17,1328.55,2761.13,1764.84,771.793,1084.89
446,319,299.409,523.405,373.825,270.538,255.605,564.969,731.722,1184.2,1772.81,562.978,407.176
446,320,221.01,241.419,447.744,138.878,170.735,400.705,893.249,1569.72,3650.65,1239.7,503.495
446,321,200.353,222.503,359.39,120.212,114.985,388.51,337.737,461.931,1030.63,3400.52,1858.43
446,322,129.669,118.718,255.605,171.98,148.087,556.756,659.546,1004.5,1286.49,1572.21,2421.4
446,323,145.1,97.563,200.601,216.53,181.188,317.08,355.657,471.14,942.279,1246.67,988.572
446,324,74.4167,87.1098,177.704,185.419,186.415,344.706,350.679,292.689,608.275,1440.3,1579.18
446,325,103.785,72.4256,138.131,163.766,172.975,239.676,280.494,313.098,720.771,734.958,1163.54
446,326,67.6968,68.1945,118.469,164.762,181.188,341.719,341.719,497.77,239.428,1121.97,931.328
446,327,62.4702,68.1945,85.1187,130.665,148.087,419.123,526.143,574.178,397.967,358.146,994.794
446,329,52.5148,70.4345,70.6834,93.3319,142.86,200.85,203.339,250.876,293.436,222.006,648.844
447,311,394.981,165.758,285.72,325.293,170.735,423.105,709.82,1293.21,1664.3,771.793,265.063
447,312,406.927,273.774,219.268,765.571,459.691,959.701,656.559,1414.66,2427.87,1580.42,762.335
447,313,239.676,416.385,298.164,816.343,663.528,1820.59,1206.1,2092.88,3300.22,2447.54,1718.3
447,314,386.27,313.595,362.626,463.175,417.132,1238.2,1146.86,2293.97,3759.16,3415.95,2640.42
447,315,300.404,189.899,229.472,247.641,249.383,311.106,584.382,1394.25,2901.01,3767.87,2840.03
447,316,421.114,326.288,252.37,162.771,129.42,589.36,594.338,1229.99,1708.85,2674.77,2446.04
447,317,394.981,311.604,410.163,392.741,366.359,602.8,701.607,1212.57,752.38,1238.45,1442.04
447,318,359.141,262.325,219.268,261.081,383.034,441.522,595.333,830.281,752.38,525.148,738.94
447,319,273.276,204.584,214.041,221.757,175.962,896.484,1155.08,2283.77,3010.76,474.873,321.311
447,320,491.797,200.353,181.686,180.193,209.064,430.322,804.895,1632.94,2965.22,2015.47,704.096
447,321,195.126,209.81,301.151,119.216,99.3052,260.085,353.666,458.944,725.998,2817.13,1893.27
447,322,159.038,117.474,235.694,159.535,138.629,296.671,624.453,1076.93,1725.27,947.755,1494.06
447,323,141.865,90.3453,170.486,133.651,107.767,235.445,251.374,351.924,756.362,1797.45,792.201
447,324,81.8832,84.1232,145.349,86.1143,112.745,293.684,304.635,347.693,696.63,1402.22,1954.74
447,325,96.0697,67.199,98.8074,141.865,110.754,226.237,286.467,299.907,758.353,648.844,1194.4
447,327,52.5148,64.2124,94.5764,124.443,151.073,353.915,418.874,404.936,227.481,555.761,1049.05
447,328,61.2257,68.1945,76.9055,125.438,148.087,245.65,195.375,166.255,184.673,438.038,908.68
447,329,56.9947,86.1143,81.1366,73.67,138.629,171.233,184.424,207.072,313.595,248.636,570.943
448,311,322.306,765.571,1160.05,186.415,113.989,615.991,646.604,1260.6,1176.73,414.643,256.849
448,312,354.91,439.531,740.433,322.306,165.758,663.777,672.737,1675.74,2119.26,1053.28,576.169
448,313,184.175,195.126,339.728,237.188,177.953,814.85,951.488,2124.48,3377.37,1847.72,1238.2
448,314,295.178,143.856,182.931,226.983,192.637,837.25,1311.38,2649.88,3727.8,2631.71,1954.74
448,315,289.702,345.204,271.036,226.983,257.845,712.807,1251.15,2461.23,2518.22,3178.26,2282.28
448,316,556.009,346.199,396.723,274.52,228.725,617.982,640.63,1277.03,1134.17,2655.36,2415.18
448,317,444.011,413.398,302.395,437.291,402.696,679.208,476.117,608.773,610.266,1621.49,2338.52
448,318,513.699,265.56,310.609,140.869,188.406,773.037,995.541,1676.74,1462.2,760.593,1588.39
448,319,426.589,174.22,156.798,301.649,226.734,719.029,1166.03,2342.76,2934.6,1007.24,615.991
448,320,439.78,247.641,200.601,195.873,238.183,225.241,376.812,789.464,1624.72,2335.79,963.932
448,321,193.882,158.54,239.925,191.642,141.865,385.523,606.533,751.633,979.861,1767.83,1489.08
448,322,198.361,100.798,145.349,156.549,182.184,285.471,684.683,1058.76,2052.06,847.454,715.296
448,324,91.8386,100.798,150.576,71.43,86.8609,262.076,391.994,604.791,1007.24,1142.38,1997.8
448,325,89.5987,75.6611,117.474,108.763,75.6611,236.441,305.631,362.128,1013.46,703.101,972.145
448,327,71.1812,57.7414,80.141,151.322,146.096,242.663,291.693,263.072,196.868,737.944,1153.33
448,328,61.2257,62.9679,65.4568,151.322,152.069,176.46,161.278,138.629,200.85,356.155,922.119
448,329,41.8127,99.8029,96.5674,108.763,155.304,118.22,144.105,185.668,270.04,230.219,489.059
449,312,246.147,546.552,504.739,290.2,286.716,540.579,637.644,1322.82,1436.81,979.612,665.27
449,313,165.758,236.192,317.826,341.968,385.025,868.858,1006.49,2131.7,2402.49,1664.3,1352.94
449,314,196.121,190.895,156.798,409.167,360.137,1212.57,1013.46,2010.25,3124.5,2354.2,2235.24
449,315,155.802,347.195,407.176,367.852,341.719,961.692,684.683,1283,2843.26,3215.1,2908.47
449,316,231.961,172.229,346.946,299.409,235.943,406.927,330.768,570.196,1877.59,3590.91,3248.45
449,317,374.323,325.293,236.939,225.988,193.633,626.195,495.281,864.876,1155.57,2653.12,3083.69
449,318,514.694,254.858,385.274,156.549,115.98,724.007,863.134,1776.79,1452.99,1181.21,1886.05
449,319,296.173,290.698,208.815,262.076,270.289,318.075,629.431,1377.83,1767.83,1071.7,775.775
449,320,285.222,160.531,247.143,129.42,138.629,317.08,268.547,349.684,795.935,1491.32,962.937
449,321,270.04,107.021,123.696,209.312,157.295,669.999,720.771,1012.71,1452.99,860.894,927.097
449,322,227.73,110.256,81.1366,150.327,176.957,297.667,446.002,675.225,1587.14,1241.69,549.538
449,323,126.434,161.526,116.478,164.762,146.096,251.872,328.777,397.718,441.522,2056.54,1419.39
449,324,89.5987,104.034,155.802,130.665,173.971,365.115,601.555,871.098,1286.49,812.61,1793.96
449,325,55.7503,109.261,153.811,104.781,95.323,303.889,357.897,410.909,943.275,885.284,743.918
449,327,69.9367,71.43,98.8074,165.758,160.531,177.455,221.508,214.041,181.686,648.844,1164.53
449,328,57.9902,68.1945,65.4568,197.864,155.304,110.007,126.185,111.998,176.708,314.093,795.188
450,311,281.987,263.32,281.489,320.066,198.859,275.267,211.303,408.918,1037.6,501.504,259.836
450,312,196.121,386.021,351.177,469.397,320.813,635.404,550.285,1026.15,1667.28,1156.57,676.47
450,313,131.909,257.098,393.736,262.076,215.286,650.586,749.891,1634.93,2512.25,2100.34,1429.6
450,314,166.753,222.503,328.28,154.309,144.851,447.744,538.339,1517.7,3481.9,2876.37,2425.63
450,315,97.0652,297.916,455.958,125.438,134.647,296.671,413.896,1157.56,3305.19,3459.75,3090.66
450,316,125.438,110.256,197.366,95.323,85.8654,318.075,395.976,872.094,1793.22,3293.99,2994.59
450,317,174.468,193.135,280.494,96.3186,102.541,504.739,439.033,842.476,843.721,2004.27,2375.36
450,318,201.597,243.41,231.712,195.873,149.082,484.331,457.949,871.098,961.443,996.038,1340.74
450,319,240.672,258.094,248.387,173.971,192.637,232.459,346.697,646.604,1029.64,1042.08,976.376
450,320,248.387,172.229,195.375,153.313,140.869,387.514,355.657,596.578,956.466,1002.01,1170.76
450,321,240.672,157.544,156.798,145.1,170.735,428.331,436.047,866.867,1606.3,962.19,981.354
450,322,196.121,149.082,136.14,134.647,116.976,185.668,178.202,294.68,962.688,1666.53,1086.88
450,323,167.749,177.455,107.021,227.979,187.411,435.549,516.188,577.165,478.108,1532.39,1681.47
450,324,116.727,176.211,216.032,163.766,197.615,458.944,670.745,807.632,1102.81,622.213,1289.47
450,325,67.6968,156.3,202.593,129.42,130.416,279.498,305.631,281.489,575.671,919.133,647.848
450,326,52.5148,112.247,205.579,138.878,113.989,301.898,250.378,192.637,221.259,989.816,864.876
450,327,52.5148,79.8921,149.58,153.313,133.651,137.633,168.246,133.651,202.095,501.504,922.119
450,328,52.5148,64.2124,122.7,197.864,168.744,127.429,142.113,122.203,163.269,344.955,598.569
450,329,47.0393,48.2837,95.5719,215.535,185.419,127.429,174.22,145.847,151.073,269.045,532.116
451,312,252.618,327.284,392.741,137.882,96.3186,516.934,362.875,828.041,1624.72,916.146,594.587
451,313,232.957,120.709,183.926,172.975,129.42,551.778,645.608,1437.06,2216.57,1682.71,1237.21
451,314,109.012,96.5674,136.14,281.738,273.276,510.961,810.121,1769.57,2531.41,2309.41,1998.8
451,315,153.811,121.705,156.798,211.303,257.845,441.522,603.546,1320.83,1911.94,2464.96,2413.19
451,316,146.096,142.86,131.909,122.203,131.411,375.319,333.755,659.795,1038.85,2066.74,2282.28
451,317,112.496,162.771,256.601,68.4434,89.1009,340.475,234.45,416.136,989.07,1523.18,1854.44
451,318,95.0741,154.309,146.593,97.3141,76.6566,436.545,382.785,661.786,1279.52,1420.89,1554.54
451,319,161.278,140.62,207.819,100.55,86.8609,336.493,423.851,822.068,1268.32,1532.39,1553.54
451,320,146.096,234.948,136.14,155.553,123.198,256.849,375.817,774.033,1454.98,1286.74,1397.99
451,321,169.989,172.229,237.934,108.763,125.189,140.62,199.357,492.544,1402.22,1402.22,1196.39
451,322,117.723,140.62,181.686,105.776,85.8654,223.25,174.22,206.077,583.885,1535.37,1358.17
451,323,152.567,158.54,144.353,170.984,140.869,516.934,509.219,636.399,508.721,924.359,1316.1
451,324,115.732,156.3,170.486,124.443,134.647,321.311,402.945,547.547,676.221,564.969,877.071
451,325,99.3052,200.353,207.819,138.878,109.758,227.481,187.411,174.22,334.004,775.775,711.314
451,326,67.6968,177.455,256.601,89.1009,108.763,227.481,218.521,182.433,282.236,542.57,802.406
451,327,42.8082,114.487,234.699,133.651,98.3096,113.243,131.162,129.42,280.245,386.768,503.495
451,328,47.0393,65.2079,194.379,169.989,151.073,142.611,158.291,138.629,165.509,434.056,427.834
451,329,36.3372,65.2079,135.145,204.086,146.096,139.625,146.096,155.055,151.073,279.498,587.369
452,313,303.64,281.24,285.72,270.538,186.415,555.761,462.18,931.079,1392.01,1194.65,940.537
452,314,203.837,86.1143,147.589,239.428,215.286,610.764,490.055,962.688,1534.38,1592.62,1512.72
452,315,167.749,77.6522,94.5764,140.869,135.642,344.706,274.52,561.983,1446.02,1735.97,1811.39
452,316,111.252,160.531,123.696,81.8832,74.6655,170.237,208.317,428.331,1426.61,1723.78,1851.46
452,317,97.0652,115.483,134.149,79.8921,123.198,315.089,378.803,683.439,1392.01,1749.41,1826.82
452,318,99.3052,175.215,191.144,88.1053,109.758,489.557,525.148,925.106,1225.51,1637.66,1702.87
452,319,81.8832,92.3364,165.26,81.8832,78.6477,315.089,443.016,868.858,1245.92,1343.98,1493.06
452,320,80.8877,141.616,101.794,86.1143,77.6522,143.856,277.507,589.36,1301.67,1223.27,1107.29
452,321,81.8832,117.474,188.157,75.6611,76.6566,111.998,135.145,234.45,894.493,1340.99,1108.29
452,322,83.1276,111.252,137.136,86.1143,73.4211,275.267,180.193,244.654,432.562,1110.53,1252.64
452,323,93.8297,101.794,142.362,96.3186,96.3186,327.284,274.52,427.336,483.335,627.439,1028.39
452,324,81.8832,132.158,130.914,105.776,102.541,170.237,175.215,236.441,384.776,540.33,721.518
452,325,78.6477,143.856,152.815,91.092,114.985,200.85,165.26,149.829,241.667,503.495,616.986
452,326,47.0393,170.984,219.268,75.6611,72.4256,183.428,176.211,223.25,370.59,257.845,456.455
452,329,47.0393,76.6566,165.26,108.763,103.536,114.238,125.189,162.024,206.077,266.058,528.134
453,313,212.299,263.32,314.84,109.758,90.0964,248.885,217.277,505.735,1029.64,816.841,581.147
453,314,349.435,98.8074,102.79,90.0964,79.6432,219.268,263.569,614,1252.89,1161.8,915.897
453,315,251.623,119.714,87.3587,92.3364,100.55,201.846,350.679,671.99,1350.45,1411.43,1248.66
453,316,100.55,91.3409,112.247,124.443,129.42,321.311,440.029,732.22,1201.12,1450.5,1483.85
453,317,72.1767,84.1232,88.3542,125.438,142.86,408.918,443.016,731.225,826.548,1333.78,1482.86
453,318,73.1722,106.025,112.247,101.545,108.763,307.871,313.595,604.791,719.776,992.803,1253.63
453,319,73.1722,85.1187,98.8074,63.2168,68.4434,174.22,223.499,501.752,861.143,858.903,897.48
453,320,61.2257,86.1143,107.021,58.9858,78.6477,117.225,162.273,373.328,862.138,1081.9,874.085
453,321,71.1812,86.1143,117.474,77.6522,78.6477,132.407,94.0786,164.264,563.476,1203.86,1207.59
453,322,64.4613,85.1187,98.8074,83.8743,79.6432,175.464,97.0652,190.646,346.199,888.52,1288.48
453,323,63.4657,65.2079,134.149,63.2168,78.6477,134.647,135.145,220.263,343.213,524.152,884.289
454,314,236.441,181.437,134.149,115.98,114.985,313.098,309.613,578.16,886.529,834.263,701.109
454,315,128.674,159.535,144.353,132.656,121.207,348.688,299.658,549.787,829.534,1063.49,971.15
454,316,91.8386,82.8788,129.918,113.989,84.8698,291.693,220.512,382.536,629.431,1072.7,1142.13
454,317,46.0438,76.6566,66.4523,77.6522,85.8654,197.864,178.202,294.68,568.454,866.867,1097.09
454,318,83.1276,62.9679,86.3631,78.8966,82.8788,141.616,165.26,338.484,789.961,671.492,813.606
454,319,74.4167,99.8029,89.3498,95.323,102.541,151.82,194.379,405.932,1000.02,890.511,751.135
454,320,71.1812,95.5719,97.563,84.8698,92.0875,117.225,123.198,315.089,803.152,1331.78,1091.86
454,321,79.6432,88.1053,84.1232,70.4345,71.43,73.4211,84.1232,164.264,407.176,1180.21,1400.97
454,322,55.7503,85.1187,99.8029,81.8832,86.8609,84.621,98.0607,156.051,289.205,676.47,1149.35
454,323,63.4657,56.7458,96.5674,61.2257,58.9858,106.025,87.1098,131.411,243.659,417.629,642.621
454,324,78.6477,67.199,82.1321,74.6655,57.9902,149.829,100.052,119.216,125.687,417.629,595.582
454,325,56.9947,45.2971,67.4479,87.1098,76.6566,123.447,145.1,228.477,253.863,235.445,573.183
455,314,93.8297,119.714,127.678,64.2124,75.6611,193.633,164.264,353.915,604.044,649.839,675.474
455,315,176.46,69.439,89.3498,70.4345,62.2213,149.829,111.998,242.663,557.503,726.745,811.614
455,316,147.091,77.6522,78.8966,78.8966,75.6611,140.62,163.269,222.254,542.072,722.762,921.124
455,317,78.6477,58.7369,82.1321,103.536,112.745,212.05,327.782,410.909,707.58,621.217,802.406
455,318,61.2257,64.2124,88.3542,126.434,126.185,268.049,386.768,608.773,1047.81,680.701,648.844
455,319,60.2302,82.8788,85.1187,91.092,127.429,198.859,284.476,539.583,1058.01,1031.88,756.362
455,320,64.4613,57.7414,89.3498,64.2124,86.8609,109.012,158.291,321.311,732.967,1189.42,1054.03
455,321,64.4613,84.1232,72.6745,62.2213,71.43,75.4122,78.8966,170.237,411.158,949.995,1141.14
455,322,52.5148,72.4256,105.03,78.8966,74.6655,113.243,100.052,137.633,360.386,614.249,835.01
455,323,88.3542,57.7414,84.1232,48.7815,71.43,120.212,112.994,144.851,282.236,575.174,731.722
455,324,50.5237,58.7369,80.141,75.6611,67.199,94.8252,100.052,158.042,151.073,540.33,820.823
455,325,46.0438,42.0616,46.7904,70.4345,64.2124,91.8386,145.1,209.064,210.059,269.045,703.101
456,317,65.7057,75.6611,111.252,101.545,96.3186,360.883,364.866,549.787,628.435,434.056,445.256
456,318,80.8877,45.2971,85.1187,93.3319,88.1053,288.458,338.733,578.16,818.334,561.983,433.807
456,319,56.9947,68.1945,89.3498,93.3319,91.092,152.815,236.441,430.322,778.762,774.779,518.926
456,320,63.4657,59.9813,56.248,83.8743,77.6522,105.03,139.127,264.067,575.671,857.658,699.865
456,321,45.0482,58.7369,64.4613,66.4523,82.8788,110.007,112.994,182.433,526.89,727.74,805.392
456,322,40.5683,62.9679,85.1187,63.2168,75.6611,105.03,112.994,137.633,512.703,704.096,789.961
456,323,63.4657,70.4345,61.2257,70.4345,62.2213,99.8029,99.0563,118.22,324.795,685.679,809.375
456,324,51.5192,72.4256,57.2436,52.7637,57.9902,86.612,80.141,143.856,145.1,486.073,763.331
456,325,51.5192,56.7458,71.6789,65.2079,57.9902,118.22,108.016,180.442,221.259,224.246,480.846
457,320,56.9947,41.0661,76.9055,97.3141,75.6611,105.03,136.14,226.237,539.085,592.596,504.49
457,321,48.2837,41.0661,57.2436,66.4523,83.8743,88.6031,121.207,170.237,480.099,653.075,661.039
457,322,48.2837,52.5148,65.4568,73.67,67.199,77.4033,76.9055,137.633,359.39,585.378,661.039
458,321,49.2793,33.5995,69.6878,75.6611,81.8832,83.6254,118.22,154.06,256.849,465.664,521.912
