381,393,95.0741,81.8832,99.8029,140.869,143.856,109.012,111.998,124.443,210.059,394.981,514.694
382,392,176.46,91.3409,119.465,235.196,184.175,107.021,109.012,152.815,260.832,497.521,566.96
382,393,136.389,86.1143,74.9144,139.873,184.175,91.8386,130.167,139.625,268.049,457.451,724.505
382,394,108.016,115.483,108.016,108.763,152.069,89.5987,105.03,126.434,258.841,403.194,674.479
383,392,161.278,106.025,126.683,121.207,147.091,106.025,125.189,115.234,338.982,649.839,603.795
383,393,153.811,110.256,149.58,180.193,128.425,117.225,122.203,116.229,236.441,632.666,800.166
383,394,143.856,97.563,109.012,132.656,172.975,85.6165,122.203,121.207,212.05,416.634,864.876
383,395,131.909,141.616,130.914,77.6522,106.523,69.1901,96.0697,147.838,189.899,292.689,582.391
384,389,357.15,156.3,255.605,262.076,436.793,95.8208,131.162,144.851,498.517,347.941,355.159
384,390,302.644,134.398,180.691,166.753,198.859,133.651,116.229,134.647,589.858,470.891,535.103
384,392,229.721,98.8074,161.029,214.539,214.29,133.651,211.303,192.637,336.99,778.015,712.309
384,393,172.229,99.8029,98.8074,115.98,187.411,123.447,152.318,140.62,274.023,610.018,796.184
384,394,169.989,168.993,116.478,131.66,130.416,99.8029,120.212,134.647,196.868,497.521,712.309
384,395,121.207,117.474,150.576,111.998,121.207,104.034,100.052,129.42,203.09,284.476,650.835
385,389,290.698,331.515,339.728,505.735,301.151,160.033,196.37,269.294,592.844,649.839,448.242
385,390,304.884,178.451,274.271,311.853,350.928,111.003,197.366,259.089,833.516,676.47,778.762
385,391,308.12,107.021,131.909,114.985,159.535,149.829,153.313,170.237,692.398,725.749,656.061
385,393,295.178,155.304,147.589,192.637,177.953,126.434,228.477,237.685,287.213,628.435,963.932
385,394,217.775,119.714,126.683,109.758,154.309,116.229,136.14,137.633,221.259,431.816,636.648
385,396,112.496,98.8074,208.815,92.3364,98.3096,89.5987,98.0607,120.212,222.254,246.645,386.768
386,383,252.618,241.419,527.637,523.157,486.57,156.051,177.206,145.847,203.09,288.707,320.315
386,384,213.543,332.511,501.752,469.397,443.016,188.655,160.282,196.868,348.19,404.189,515.69
386,385,286.467,224.494,211.801,289.205,317.826,282.485,255.605,292.689,532.116,485.077,624.204
386,386,287.462,290.698,394.732,395.727,255.605,219.268,271.534,250.876,629.431,517.93,563.974
386,387,214.539,500.259,625.2,673.483,507.228,114.238,176.211,162.024,512.703,561.983,461.433
386,388,302.644,330.519,522.41,390.75,550.783,128.425,109.012,224.246,656.808,582.391,323.302
386,390,203.837,231.961,271.036,211.303,148.087,219.268,195.375,272.28,499.512,817.837,758.353
386,391,325.542,218.272,262.823,268.298,231.961,159.038,265.56,283.48,662.035,550.783,672.239
386,394,221.01,206.824,175.464,143.109,116.976,101.794,182.184,191.642,240.672,328.528,587.369
387,381,151.571,166.753,329.275,390.75,281.489,261.081,245.401,185.668,222.254,291.693,336.742
387,382,169.989,315.835,529.628,577.165,385.025,305.88,292.689,200.85,293.436,363.372,336.742
387,383,304.884,425.842,603.546,759.349,573.431,241.667,395.976,246.645,446.749,434.056,343.71
387,384,346.199,546.552,683.439,591.6,588.862,156.051,231.463,180.442,687.421,591.6,441.024
387,385,249.383,423.851,628.435,578.16,636.648,249.881,157.295,249.881,523.903,781.002,585.378
387,386,212.299,245.401,396.723,414.394,622.213,301.898,209.312,388.51,487.317,667.261,670.248
387,387,247.143,154.309,192.139,313.844,275.267,181.437,193.384,292.689,882.298,379.799,536.348
387,388,240.672,365.115,390.501,502.499,304.387,99.8029,166.255,255.854,1057.02,551.778,252.618
387,389,287.462,353.417,399.958,350.181,397.47,105.03,117.225,228.477,853.925,962.19,375.568
387,390,427.585,149.082,201.597,135.642,226.734,160.033,117.225,151.82,533.112,896.733,619.226
387,392,399.461,215.037,236.939,211.303,153.313,147.838,211.303,223.25,355.408,558.747,719.527
388,380,187.411,214.041,397.718,140.869,108.763,219.268,184.424,158.042,243.659,310.111,428.829
388,381,114.487,463.673,712.558,161.775,101.545,360.883,205.33,165.26,296.422,299.907,326.537
388,383,427.585,416.385,622.213,633.164,372.581,504.739,704.843,772.042,769.553,257.845,235.445
388,384,308.12,242.414,349.933,426.838,326.04,307.871,470.144,582.391,1202.12,459.442,197.366
388,386,255.854,500.259,641.875,830.032,429.576,171.233,210.308,362.128,347.195,894.493,468.651
388,387,169.989,534.854,510.961,559.494,599.315,165.26,288.707,658.799,525.894,532.365,601.804
388,388,214.539,239.179,268.049,182.433,304.387,180.442,240.423,492.544,958.457,281.489,459.442
388,390,341.719,315.835,413.398,315.089,335.497,136.638,166.255,228.477,632.417,506.73,407.176
388,393,287.462,189.899,153.811,101.545,117.972,113.243,146.096,175.464,294.431,302.893,731.722
389,372,89.5987,104.034,202.593,126.434,130.416,93.8297,110.007,126.434,179.695,280.494,429.825
389,380,259.089,202.593,319.817,155.553,163.518,162.024,133.154,138.629,263.818,392.99,462.429
389,383,858.156,672.239,681.448,370.839,324.048,482.339,414.892,727.242,327.782,352.172,872.84
389,384,664.772,702.852,861.143,361.63,225.739,337.488,379.799,683.439,501.504,297.916,637.644
389,385,215.783,656.559,824.557,514.943,490.553,198.859,230.468,409.914,586.871,300.902,464.669
389,386,214.539,228.725,244.156,458.944,697.625,201.846,159.286,224.246,579.654,355.159,360.137
389,388,222.254,604.293,550.534,518.179,484.331,160.033,177.206,480.348,466.909,451.478,537.343
390,378,298.413,98.8074,114.238,735.705,587.867,121.207,145.1,182.433,398.963,390.999,391.994
390,379,255.854,114.487,166.255,634.159,640.63,160.033,273.525,312.102,352.172,507.726,587.369
390,380,183.179,145.847,202.593,434.056,457.451,166.255,227.481,251.872,283.231,277.258,394.981
390,382,326.537,1066.72,876.574,614.497,506.232,292.689,449.984,347.693,725.998,932.573,766.566
390,383,624.453,955.47,711.563,531.619,645.857,203.837,384.776,333.506,793.944,1025.66,1206.6
390,384,431.069,321.062,310.609,235.196,242.165,293.684,200.353,315.089,853.925,858.903,1004
390,385,224.494,528.632,537.094,1040.34,623.208,307.871,340.724,408.918,539.085,1083.89,1163.54
390,386,180.94,677.714,775.775,1641.15,1374.59,162.024,340.724,529.379,504.49,697.127,1430.84
390,387,173.224,230.965,314.84,593.591,744.167,136.638,150.327,313.098,909.675,316.333,487.068
390,388,147.091,205.579,264.814,462.18,289.951,127.429,124.194,314.093,490.304,859.898,456.455
390,389,192.886,394.483,310.609,418.625,465.913,174.22,134.149,211.055,535.103,540.33,776.771
390,391,221.01,140.62,148.584,105.776,81.8832,220.263,196.37,281.489,459.94,356.155,790.957
391,377,129.669,351.426,675.225,194.877,155.304,169.242,129.171,128.425,388.759,297.916,320.315
391,378,321.062,317.826,477.859,414.394,208.068,239.676,203.339,186.664,331.017,565.965,545.556
391,379,350.43,215.037,330.271,463.175,287.711,441.522,479.104,385.523,222.254,424.847,605.786
391,380,362.377,260.085,416.634,445.504,377.808,274.271,302.644,328.28,443.762,225.241,287.462
391,381,230.965,536.099,715.545,239.428,213.295,609.769,545.307,471.14,995.043,713.305,381.79
391,382,1025.66,612.506,531.868,697.376,459.691,808.628,1175.98,1338.26,1279.52,1228.25,883.293
391,383,1514.96,779.259,507.975,1125.21,833.267,511.957,1197.14,1473.9,1473.4,1081.9,1007.98
391,384,525.645,1186.19,1470.66,770.797,695.634,246.645,715.794,1104.55,2114.03,1045.07,628.435
391,385,385.274,620.968,1212.07,751.135,613.751,483.335,218.521,438.536,1383.05,1988.84,1099.08
391,386,172.229,400.705,555.761,859.898,480.348,284.476,340.724,556.756,436.545,1532.39,2094.87
391,387,167.749,598.818,713.554,463.175,373.577,169.242,215.286,552.774,1207.34,390.999,1038.85
391,389,286.467,201.597,202.593,349.186,334.253,166.255,124.194,253.863,494.535,786.228,1073.44
391,390,272.28,272.778,245.152,124.443,112.745,117.225,139.127,174.22,399.958,644.861,645.857
391,391,484.331,148.087,186.913,75.6611,67.199,180.442,149.331,207.072,255.854,560.987,815.597
391,392,393.985,158.54,203.588,82.8788,79.6432,130.416,164.264,191.642,297.418,258.841,501.504
392,377,165.758,369.346,706.336,205.081,211.303,155.055,139.127,169.242,562.48,419.62,368.35
392,378,178.7,406.927,716.54,189.65,170.735,278.254,197.366,284.476,353.168,733.962,592.596
392,379,201.597,228.725,431.069,175.215,159.535,484.331,304.635,291.693,308.618,400.207,560.738
392,380,685.43,220.263,360.386,226.983,221.508,364.119,305.631,338.484,1055.02,300.902,320.315
392,383,1065.98,738.442,844.467,558.498,309.613,982.101,999.523,1708.35,955.47,659.297,870.849
392,384,503.744,837.001,1128.94,750.14,505.237,613.004,1158.06,1843.99,1797.2,562.978,333.506
392,385,676.719,944.021,1580.67,666.266,549.538,242.663,428.082,796.432,1349.46,1548.81,550.534
392,386,373.328,301.151,368.848,181.437,247.392,267.054,168.246,306.875,534.108,1479.12,1409.19
392,387,334.253,454.215,573.431,150.327,116.976,237.685,214.29,521.166,1024.41,749.144,1131.93
392,389,427.585,165.758,166.255,120.212,90.0964,122.203,133.154,229.472,388.759,742.176,969.159
393,377,286.467,180.442,201.597,153.313,142.86,141.616,198.361,285.471,1020.43,708.327,519.921
393,379,386.27,230.965,317.826,207.321,170.735,234.45,223.499,241.667,557.503,434.056,478.855
393,380,403.692,172.229,267.054,182.433,172.975,411.905,430.074,656.808,1395.25,437.042,300.902
393,381,1268.07,487.815,670.994,280.742,267.054,521.166,447.993,851.685,1154.58,1143.38,533.112
393,384,315.835,421.611,640.879,194.877,129.42,812.859,654.568,1047.56,1024.41,341.968,308.12
393,387,503.744,189.899,205.579,102.541,96.3186,167.251,156.3,360.883,701.607,995.043,671.243
393,388,508.223,223.499,118.469,104.781,110.754,115.234,132.158,199.855,450.731,778.015,838.245
394,372,101.545,226.734,507.975,185.419,139.873,160.033,173.224,213.046,355.408,221.01,147.34
394,374,200.353,135.394,159.038,299.409,203.837,137.633,139.127,142.611,208.068,457.451,515.69
394,375,203.837,119.714,130.914,400.954,357.15,135.642,132.158,182.433,314.591,206.824,367.354
394,377,254.858,354.661,316.831,559.494,625.2,164.015,333.755,641.377,1025.41,441.024,376.563
394,380,574.427,160.531,302.395,190.646,136.638,410.909,439.033,664.026,1200.12,566.96,376.563
394,391,266.805,213.046,234.699,111.003,83.8743,83.6254,93.083,152.815,234.45,391.994,633.413
395,377,335.248,291.693,345.95,1240.19,890.262,396.723,621.466,757.855,534.108,154.558,194.379
395,379,310.36,301.151,255.605,369.843,510.215,165.26,224.494,436.545,866.12,333.755,484.082
395,380,831.028,162.771,253.365,203.09,277.507,337.488,334.751,559.992,1298.68,644.861,419.62
395,382,509.219,249.632,172.477,258.094,287.711,284.476,217.277,284.476,186.664,500.508,766.566
395,391,371.088,287.462,262.823,132.656,89.1009,98.8074,103.038,151.82,213.046,380.794,647.848
396,379,333.008,233.952,262.823,980.11,802.157,314.093,587.369,809.872,705.589,378.803,474.873
396,380,568.951,247.641,221.259,494.286,657.306,262.076,401.95,683.439,1130.19,390.999,356.155
396,382,741.927,276.014,222.254,670.248,591.102,208.068,337.737,360.883,347.195,691.901,780.753
397,375,353.666,303.142,414.394,738.691,836.254,254.858,183.428,267.054,174.468,195.375,295.676
397,376,332.013,466.909,756.113,608.275,664.523,351.675,221.508,261.081,241.667,147.34,153.562
397,383,531.121,212.05,201.597,369.843,409.914,130.416,148.087,187.659,250.627,346.946,559.743
398,374,355.906,574.925,761.34,968.661,804.397,313.098,442.02,406.927,267.054,267.054,214.788
398,375,328.777,469.895,552.525,1248.41,1142.63,207.072,324.795,250.876,238.432,281.489,318.324
398,377,930.084,318.822,376.065,890.013,861.143,192.637,404.936,407.923,730.976,287.711,312.102
398,378,315.835,1035.11,1074.93,978.119,1138.65,419.123,292.689,253.863,535.103,486.073,292.689
398,391,180.94,122.7,146.593,337.737,343.71,94.8252,106.025,115.234,189.899,485.077,486.073
398,392,130.914,81.8832,138.131,159.535,209.064,115.234,99.0563,124.443,166.504,299.907,592.596
399,373,148.336,703.847,1100.82,358.395,339.479,439.531,388.759,297.667,229.472,200.601,223.001
399,375,340.724,745.66,1022.92,677.714,475.122,533.361,441.024,359.888,420.367,364.368,341.719
399,378,1137.65,378.803,451.727,1639.16,1437.81,335.497,899.222,701.607,602.053,296.92,240.423
399,379,706.087,334.751,525.645,1406.95,1407.69,315.089,407.923,436.545,444.758,353.168,181.188
399,389,146.096,149.082,351.177,168.993,102.541,313.098,222.503,196.868,373.577,328.528,390.003
399,391,108.016,92.3364,130.914,325.293,265.063,106.025,126.185,122.203,159.286,594.587,515.69
399,392,111.252,61.9724,122.7,272.529,308.369,138.629,188.406,155.055,158.291,293.684,574.178
400,391,101.545,95.5719,169.242,270.538,175.962,152.815,94.0786,110.007,141.118,442.269,476.864
400,392,83.1276,76.6566,106.025,285.969,314.591,137.633,155.304,156.051,172.477,184.175,430.82
