108,585,192.886,226.734,333.506,447.496,420.367,357.897,340.724,295.676,281.24,339.728,458.446
108,586,177.704,207.819,323.053,363.621,349.933,358.892,334.751,296.671,248.636,306.129,473.877
108,587,176.46,225.49,329.275,348.19,341.719,348.688,341.719,274.271,250.627,273.276,451.229
109,579,153.811,260.085,476.864,449.735,392.243,343.71,329.773,310.111,232.459,274.271,304.884
109,580,139.625,229.721,462.18,449.735,386.021,376.314,320.564,312.102,253.863,267.054,326.537
109,581,165.758,222.503,391.496,453.718,383.034,348.688,326.786,320.315,290.2,243.659,331.515
109,582,172.229,243.41,368.848,487.068,433.807,390.501,340.724,322.306,394.981,268.049,331.515
109,585,245.152,227.73,325.044,405.185,346.697,355.906,333.755,304.884,286.218,474.873,523.903
109,586,197.117,220.263,341.719,405.185,331.266,366.11,377.808,308.866,258.841,443.264,595.582
109,587,200.353,233.952,337.488,343.959,348.937,367.106,359.888,298.662,250.627,353.168,601.804
109,588,152.567,244.405,313.595,416.634,396.474,366.11,345.701,325.293,260.832,270.289,510.712
110,577,174.468,244.405,332.511,380.297,371.586,418.127,374.821,382.536,259.836,308.12,446.251
110,578,186.415,269.543,489.308,374.074,358.146,358.892,346.697,345.701,248.636,303.889,342.715
110,579,195.126,253.863,472.633,406.181,361.381,358.892,341.719,335.497,253.863,285.471,321.311
110,580,153.811,231.961,452.971,424.847,378.803,366.11,352.67,337.488,258.841,330.519,367.354
110,581,168.993,243.41,414.394,380.297,350.928,410.909,374.821,369.097,309.613,325.542,463.673
110,582,236.441,252.867,453.967,359.639,341.719,343.71,382.785,349.684,419.371,334.751,511.708
110,583,267.8,283.231,448.74,364.617,326.04,360.883,321.56,287.462,494.535,369.594,486.073
110,584,355.906,263.32,401.95,385.523,341.719,356.901,330.768,284.476,514.694,503.495,472.882
110,585,259.089,253.863,349.933,381.292,344.706,353.915,343.71,299.907,343.213,632.666,596.578
110,586,243.907,245.401,336.493,365.861,313.595,361.879,356.901,295.676,278.254,573.183,663.03
110,587,202.593,239.179,342.715,410.412,366.359,382.288,351.675,300.902,221.259,480.099,594.587
110,588,221.01,252.867,337.488,393.736,384.03,368.101,359.888,301.898,254.858,302.893,621.217
110,589,170.984,232.957,357.399,548.045,494.784,346.697,364.866,335.497,255.854,255.854,478.855
111,571,123.198,249.632,433.06,446.5,379.799,340.475,324.795,294.68,280.245,249.632,257.845
111,577,258.094,234.948,360.386,693.145,674.977,380.297,391.994,346.697,315.586,358.146,292.689
111,578,210.308,296.92,484.082,664.026,650.088,365.115,346.697,327.284,317.826,322.306,290.698
111,579,193.882,303.142,597.324,584.382,541.325,365.115,331.764,308.866,334.999,337.737,356.155
111,580,186.415,259.089,461.184,445.504,447.247,348.688,328.777,321.311,374.572,423.851,410.412
111,581,259.089,257.098,411.407,409.167,421.363,357.897,331.764,359.888,326.786,542.57,523.903
111,582,300.404,328.28,396.723,443.513,435.798,367.106,348.688,450.731,424.349,526.143,681.448
111,583,435.3,334.751,430.074,412.403,391.247,351.675,361.879,384.528,523.903,566.96,718.283
111,584,398.465,253.863,413.398,373.079,318.822,365.115,334.751,299.907,525.894,627.439,806.388
111,585,405.932,245.401,351.177,365.861,373.577,352.919,333.755,319.071,463.922,649.839,867.863
111,586,274.271,258.094,378.057,362.626,333.257,390.501,374.821,306.875,354.412,611.013,855.667
111,587,296.173,226.734,368.848,411.407,350.928,382.288,342.715,279.498,253.863,522.908,643.617
111,588,193.882,273.774,453.967,437.291,392.243,408.918,339.728,298.662,251.623,437.042,566.96
111,589,205.828,264.316,357.399,454.962,366.359,359.888,341.719,289.702,256.849,286.467,540.33
111,590,172.229,265.56,396.723,635.155,496.775,372.083,354.661,322.306,255.854,264.067,349.933
112,569,118.967,209.81,410.163,407.176,383.034,339.479,312.6,308.866,242.663,276.263,267.054
112,571,127.678,233.952,504.739,416.634,352.919,350.679,328.777,292.689,233.454,255.854,229.223
112,577,273.276,329.524,563.974,817.588,725.5,455.709,450.98,376.314,315.586,295.676,517.93
112,578,327.782,417.629,599.315,630.924,554.765,385.523,337.737,301.898,306.627,325.542,715.296
112,579,199.357,315.835,457.949,521.166,455.46,347.693,349.684,326.288,436.545,373.577,761.34
112,580,261.329,339.977,429.078,476.615,448.242,349.684,366.857,353.915,732.967,447.247,635.404
112,581,353.666,356.652,387.514,449.735,408.918,352.919,353.666,356.901,731.971,781.997,599.564
112,582,493.041,325.293,416.634,421.611,398.465,379.301,386.768,384.528,585.876,923.364,764.575
112,583,449.487,494.037,494.286,490.055,515.441,386.519,376.812,444.758,684.434,834.263,853.427
112,584,515.69,335.746,381.292,512.952,516.437,368.101,361.879,327.284,547.298,1021.42,917.888
112,585,393.985,284.227,392.741,418.625,389.256,366.11,355.657,326.288,459.94,881.302,1185.19
112,586,357.15,250.876,418.625,370.839,345.701,382.288,360.883,343.71,396.972,640.63,1165.53
112,587,307.124,261.329,450.731,443.513,351.924,375.319,372.83,293.684,307.622,473.877,825.801
112,588,249.383,234.948,387.514,421.611,379.799,372.083,345.701,290.698,260.832,454.464,452.224
112,589,229.721,256.103,433.06,438.287,388.261,383.532,351.675,285.471,243.659,399.212,534.108
112,590,183.179,260.085,336.493,470.393,375.817,344.706,333.755,304.884,232.459,291.693,423.603
112,591,167.749,241.419,373.825,470.393,423.354,366.11,355.657,324.297,261.827,299.907,385.772
112,592,163.518,258.094,361.381,492.046,365.363,355.906,333.755,318.075,283.231,249.632,390.003
113,571,112.496,269.543,501.752,382.288,363.372,391.496,327.782,322.306,240.672,246.645,264.067
113,575,297.169,282.236,507.975,426.838,362.377,423.105,458.944,641.377,477.113,334.751,387.763
113,576,185.171,406.927,769.553,529.379,553.769,479.353,464.171,636.399,452.722,470.891,666.266
113,577,324.297,432.314,548.294,874.582,814.601,469.149,436.047,433.309,456.953,698.123,1000.77
113,578,421.114,346.199,551.529,856.912,718.283,407.923,371.834,316.084,493.539,891.507,1202.61
113,579,376.563,367.106,473.628,505.735,425.345,400.705,380.794,431.318,524.899,955.968,1323.32
113,580,540.827,357.648,401.95,447.496,429.576,432.314,478.108,554.765,729.98,763.58,1186.19
113,581,564.72,366.11,405.185,554.267,552.774,409.914,469.149,546.552,1020.43,675.474,886.28
113,582,615.742,587.369,504.739,700.363,642.87,370.092,424.847,480.348,931.079,986.83,797.179
113,583,727.74,403.941,445.504,565.716,457.451,373.328,382.785,451.727,1061.99,1007.24,901.711
113,584,645.11,408.172,385.274,567.707,561.983,387.514,371.834,407.923,919.88,1242.68,830.032
113,585,503.744,346.199,408.172,553.272,552.774,372.083,372.83,291.693,386.768,1373.6,1194.4
113,586,426.589,294.929,462.18,385.523,397.47,363.123,350.679,355.906,432.562,734.958,1396
113,587,357.15,305.382,435.3,531.619,453.469,431.318,419.869,346.697,335.995,509.717,976.376
113,588,328.777,249.632,385.274,568.951,479.353,363.123,362.875,296.671,303.64,393.985,567.956
113,589,231.961,263.32,413.398,487.068,364.368,392.492,367.852,295.676,272.031,443.264,443.016
113,590,203.837,230.965,368.848,447.496,359.141,340.475,348.688,287.462,241.667,377.559,502.499
113,591,168.993,245.401,427.834,487.068,396.474,389.505,342.715,337.488,241.667,337.737,450.233
113,592,165.758,262.325,409.167,512.952,360.137,337.488,361.879,335.497,256.849,289.702,470.642
113,593,162.522,279,408.172,592.596,402.696,363.123,331.764,283.48,311.604,247.641,311.106
114,569,131.909,261.329,457.949,385.523,400.705,379.301,357.897,313.098,221.259,285.471,336.742
114,570,130.914,289.453,436.296,466.162,398.465,382.288,348.688,308.866,209.064,286.467,356.155
114,571,129.669,311.604,534.854,395.727,374.821,379.301,330.768,330.519,246.645,266.058,337.737
114,573,134.149,354.661,534.854,366.857,356.155,493.539,478.108,571.191,343.213,368.35,480.846
114,574,187.411,542.321,596.08,392.741,357.15,427.336,474.126,598.569,545.307,360.386,505.486
114,575,240.672,354.661,509.966,364.617,327.035,413.896,409.914,476.366,965.674,700.114,673.483
114,576,387.514,517.183,1049.05,419.62,420.367,451.727,454.962,426.34,1142.38,1102.31,850.441
114,577,350.43,968.163,1215.06,546.054,484.331,382.288,382.785,364.119,1033.62,1262.1,851.436
114,578,865.871,642.87,688.665,504.49,486.57,425.345,392.99,396.723,1009.23,1187.43,770.548
114,579,670.248,387.016,485.077,583.387,487.566,432.314,430.074,483.335,890.511,1213.07,978.368
114,580,620.222,558.001,583.636,457.949,414.145,536.348,537.343,712.807,838.743,1143.38,1218.79
114,581,718.034,793.944,792.45,763.58,578.658,515.939,615.493,840.485,981.852,987.825,1099.08
114,582,789.713,671.243,603.546,604.044,571.44,463.922,532.365,863.88,1141.39,977.621,1065.48
114,583,676.719,663.03,560.987,936.555,832.272,427.336,501.255,578.16,1117.99,1134.17,1194.4
114,584,788.717,436.296,447.744,713.803,605.538,367.106,382.785,424.349,1293.71,1036.86,1016.2
114,585,474.375,533.859,557.752,493.29,484.331,425.345,359.888,325.293,597.075,1499.53,940.537
114,586,447.247,398.714,594.089,499.512,433.807,387.514,355.657,330.519,397.967,1030.63,1384.55
114,587,388.51,273.774,375.07,566.711,472.135,366.11,363.87,419.123,438.536,520.917,941.533
114,588,315.835,264.316,476.864,684.932,607.529,403.692,392.99,334.502,315.586,468.9,730.727
114,589,295.178,276.014,377.061,502.499,423.354,406.927,355.657,339.479,357.399,409.416,567.956
114,590,217.775,280.245,497.521,524.401,374.821,398.714,357.897,312.102,312.6,447.247,502.499
114,591,180.94,265.56,370.839,481.842,370.59,349.684,340.724,319.071,260.832,382.785,442.02
114,592,172.229,278.005,446.749,590.604,431.567,366.11,368.848,328.28,261.827,332.511,496.277
114,593,184.175,239.179,371.834,515.939,358.146,378.305,345.701,299.907,321.809,259.836,359.141
115,569,131.909,278.005,509.966,398.963,420.367,394.732,374.821,347.693,237.436,355.159,415.389
115,570,121.207,276.014,436.296,423.851,385.025,363.123,359.888,293.684,223.25,296.92,370.341
115,571,131.909,321.062,511.957,370.839,377.808,360.883,346.697,317.08,308.618,330.519,429.825
115,572,149.331,277.009,380.048,387.514,399.461,443.513,370.839,427.336,295.427,483.086,583.387
115,573,253.614,314.84,395.727,400.954,421.363,471.14,468.153,589.36,409.167,451.478,647.848
115,574,259.089,333.506,434.056,552.276,510.215,459.94,488.064,591.6,1097.58,630.426,630.426
115,575,490.802,379.799,401.95,495.281,405.683,391.496,434.056,530.374,1246.91,990.812,663.03
115,576,574.427,408.172,630.426,420.616,448.242,636.399,553.272,486.57,832.521,914.155,506.481
115,578,585.378,673.483,453.967,1169.76,1177.97,417.132,489.059,637.395,1303.66,703.101,1035.61
115,579,900.715,794.939,610.764,1566.48,1301.17,564.969,719.776,921.871,1641.9,1458.72,1910.69
115,580,895.24,1134.92,1021.92,1259.86,936.804,594.587,578.409,786.228,1365.63,1512.97,1973.16
115,581,1040.84,769.802,772.788,1201.87,949.248,683.19,697.625,926.102,1285.49,1474.89,1122.72
115,582,539.583,1285.74,1323.07,1075.43,849.943,483.335,538.339,918.884,1240.69,1528.15,1331.54
115,583,922.368,593.591,685.43,629.928,535.103,544.561,570.445,961.692,1250.9,1413.67,1451.25
115,584,474.375,812.859,560.987,879.56,756.611,467.157,487.068,400.705,994.047,1222.27,1582.16
115,585,551.778,436.296,557.752,506.73,459.691,452.722,406.927,363.123,838.743,1079.91,1043.82
115,586,517.93,543.316,658.55,661.039,499.015,501.752,437.042,312.102,353.168,1141.39,1068.46
115,587,424.349,297.916,417.629,535.601,491.797,385.523,374.821,409.914,463.922,581.396,923.115
115,588,375.568,369.346,474.624,502.499,419.123,473.131,414.892,369.097,290.2,634.657,798.175
115,589,333.008,260.085,453.967,515.939,463.673,367.106,364.866,338.484,414.145,418.625,863.631
115,590,185.171,245.401,440.527,584.382,397.47,368.101,370.839,367.106,396.972,470.891,527.139
115,591,213.543,263.32,408.172,492.046,392.243,359.888,343.71,314.093,276.014,416.634,455.46
115,592,149.331,252.867,390.501,555.263,419.123,390.501,376.812,329.275,232.459,303.889,456.455
115,593,164.513,266.556,357.399,492.046,378.803,339.479,346.697,317.08,310.609,262.076,346.946
116,568,115.732,218.272,387.514,328.528,311.604,380.297,333.755,367.106,368.599,363.372,331.515
116,569,126.434,246.645,449.735,361.63,384.03,386.519,361.879,363.123,267.054,410.412,406.181
116,570,130.914,247.641,387.514,356.404,333.257,355.906,323.8,327.284,360.386,367.354,374.572
116,571,170.984,303.142,431.069,347.195,340.475,392.492,364.866,347.693,491.299,470.891,508.721
116,572,161.278,308.369,393.736,349.186,336.493,386.519,409.914,342.715,426.34,689.91,692.896
116,573,288.458,422.856,533.859,417.629,459.691,416.136,403.941,534.356,954.475,597.822,629.431
116,574,265.809,370.341,508.97,676.47,703.847,578.16,584.382,897.48,1231.73,854.672,637.644
116,575,271.036,424.847,417.629,541.823,480.348,599.564,601.555,798.672,635.653,704.096,586.373
116,576,272.28,441.522,533.859,412.403,437.789,594.587,557.254,497.77,1221.53,742.176,531.121
116,577,445.007,688.167,820.574,999.772,907.684,766.815,897.231,857.658,2118.26,2459.73,2362.17
116,578,718.034,765.571,1418.65,1567.48,1331.04,1000.52,1217.05,1495.3,2590.4,3548.85,4440.61
116,579,2380.59,1175.73,1308.64,1554.04,1435.57,1202.36,1494.8,2075.7,2439.07,3428.14,4738.52
116,580,1611.78,1189.42,1661.81,1471.16,1534.13,741.429,955.47,1225.01,1961.71,2066.74,3214.6
116,581,599.564,1427.36,1466.43,1257.87,1142.63,629.182,706.834,1297.44,2506.02,1659.32,1014.21
116,582,819.081,702.852,799.668,845.463,771.046,507.726,622.462,731.225,1138.15,2486.36,1529.9
116,583,729.98,929.337,1100.82,984.341,780.504,483.335,489.059,946.51,1385.05,1516.95,1695.9
116,584,549.538,684.932,641.875,524.401,479.353,614,603.546,600.809,775.775,1594.86,1605.81
116,585,687.67,786.726,902.458,731.473,618.977,441.522,387.763,383.532,796.93,855.667,1533.13
116,587,432.065,346.199,464.171,624.702,586.871,391.496,389.754,331.515,477.113,788.219,896.484
116,588,434.305,345.204,424.847,459.94,438.785,495.53,413.896,377.31,329.026,780.006,907.684
116,589,230.965,272.778,555.761,448.74,367.603,403.692,369.843,320.315,331.017,474.873,1118.49
116,590,200.353,246.645,365.612,506.73,397.47,364.119,351.675,381.292,385.772,356.155,610.018
116,591,153.811,289.453,410.163,506.73,469.895,360.883,345.701,306.875,281.24,373.577,409.416
116,592,166.753,267.552,391.496,449.735,356.155,389.505,362.875,343.71,239.428,296.92,382.785
117,571,162.522,277.009,380.048,327.533,315.835,498.766,516.188,450.731,692.398,661.288,523.903
117,572,140.62,360.883,452.971,338.733,318.822,598.569,540.33,488.562,598.071,701.109,684.683
117,573,181.935,444.758,617.982,415.389,421.363,428.331,402.945,555.761,965.674,518.926,452.224
117,574,240.672,303.142,502.748,487.068,501.006,678.212,587.369,999.523,706.585,803.401,850.441
117,575,350.43,256.103,390.501,408.172,403.692,1018.94,874.085,1173.99,756.362,474.873,930.333
117,576,426.589,459.442,699.118,712.807,940.786,1085.14,999.523,1018.94,3184.49,1536.37,892.502
117,577,749.642,587.369,1270.31,2546.59,2755.41,1266.58,1513.97,2183.72,4977.7,4512.04,3101.11
117,578,525.645,866.369,1595.35,4449.82,3910.48,1333.03,1559.02,2847.74,3744.97,5344.31,4490.88
117,579,1463.94,1344.48,1409.44,5385.38,3446.81,1635.92,1619.25,3063.03,2261.37,3573.49,3433.62
117,580,921.373,966.919,1032.38,3229.53,1727.51,1319.59,1482.86,1904.22,1903.97,1605.06,1709.09
117,581,832.272,779.259,1014.7,2094.87,1739.96,626.195,823.063,1536.12,3041.38,1361.4,609.022
117,582,1197.64,1029.89,1012.71,1532.39,1033.12,634.408,726.745,981.105,1601.33,2727.03,1490.08
117,583,727.74,681.696,639.884,1360.41,1268.07,415.14,401.95,570.196,1101.57,1705.36,1753.15
117,584,877.818,558.001,580.649,928.342,758.851,567.956,553.272,677.216,798.175,1525.17,1236.21
117,585,590.853,524.401,616.986,1013.21,768.06,423.105,367.852,363.123,735.207,984.59,1734.73
117,586,647.35,367.106,436.296,809.126,730.727,470.144,433.06,483.335,773.784,783.988,893.498
117,587,450.482,398.714,414.394,601.058,550.783,417.132,372.83,305.88,481.344,989.816,875.08
117,588,249.383,287.462,376.065,531.619,639.635,423.105,375.817,355.906,346.199,873.089,1024.41
117,589,169.989,247.641,501.752,436.296,384.03,402.696,397.967,312.102,264.814,595.831,1200.37
117,590,166.753,313.595,447.744,464.171,365.363,354.91,342.715,350.679,342.217,313.098,692.896
117,591,172.229,258.094,362.626,483.833,431.567,361.879,338.733,283.48,273.027,322.306,366.359
118,572,153.811,311.604,466.411,357.399,327.035,635.404,547.298,571.191,340.973,472.882,515.69
118,573,180.94,334.751,449.735,386.519,369.594,541.574,441.024,399.71,570.694,525.148,402.198
118,574,263.569,329.524,375.07,401.95,348.937,747.651,662.532,598.569,572.685,1040.09,1539.11
118,575,308.12,310.609,516.188,387.514,379.799,890.262,767.811,980.11,1284.5,739.936,1444.03
118,576,322.306,538.09,1745.93,596.827,754.62,1392.01,1367.62,2988.61,3961.26,1410.43,705.092
118,577,1138.9,1274.29,3953.79,1478.38,2117.76,2363.16,2503.78,4824.39,5135.25,2820.12,1238.2
118,578,856.165,4163.6,6107.89,4346.28,5712.66,1723.53,1655.34,3005.79,2624.99,3025.95,1396
118,579,2391.29,5384.13,4915.48,10195.8,9982.29,844.467,761.837,1673.75,1219.54,1424.87,940.537
118,580,1054.03,2290.49,2637.93,5768.91,4382.62,1044.32,1064.73,2244.94,2064.25,726.745,521.912
118,581,1605.31,2591.39,2096.86,2504.28,2214.08,739.438,900.218,1467.68,2260.37,1468.92,835.01
118,582,912.662,1732.49,1777.04,2500.05,1745.18,490.553,561.236,946.51,1768.83,1843.49,1230.24
118,583,960.448,1053.03,979.363,1267.07,1187.18,454.713,495.281,446.749,1067.22,1614.27,1216.8
118,584,984.341,1292.21,1318.1,1237.21,1037.1,444.509,440.029,537.343,731.971,1425.86,1174.99
118,585,551.778,724.754,581.645,1241.19,1008.23,456.953,442.02,466.162,765.571,1123.97,1666.04
118,586,417.878,545.556,452.971,1314.86,1226.51,421.114,389.754,480.348,863.134,821.819,1219.79
118,587,251.623,304.138,378.057,527.388,503.992,373.328,374.821,334.502,452.722,1107.54,1000.77
118,588,205.828,356.652,467.406,610.266,734.958,375.319,353.666,311.106,353.168,798.424,1097.09
118,589,209.064,258.094,370.839,469.397,407.923,379.301,380.794,312.102,239.428,578.409,971.15
118,590,210.308,282.236,433.06,419.62,395.479,360.883,351.675,338.484,284.227,290.698,749.144
118,591,180.94,256.103,382.288,483.833,360.137,373.328,348.688,304.884,310.609,286.467,383.781
119,571,155.802,223.499,328.28,365.861,332.262,402.696,385.772,443.513,340.973,473.877,513.699
119,572,150.327,262.325,413.398,389.505,402.696,455.709,415.887,443.513,749.393,340.724,525.894
119,573,177.704,295.924,420.616,410.412,443.016,562.978,531.37,666.017,2043.1,1436.07,773.784
119,574,198.361,361.879,418.625,435.3,415.14,1024.91,962.439,1063.74,2071.47,2885.57,2772.58
119,575,165.758,317.826,470.642,506.73,549.538,962.688,753.873,685.43,1311.87,1784.26,2236.23
119,576,312.351,750.887,956.466,1015.45,951.239,949.497,917.391,3214.85,3054.57,907.933,529.13
119,577,1122.47,1393.76,3053.32,1427.61,991.558,1334.02,1444.78,4483.91,2701.15,1664.3,915.897
119,578,1148.6,3899.28,9913.1,1482.61,2046.33,932.075,837.001,1962.46,1005.25,1504.76,1561.75
119,579,721.269,4053.34,6900.34,3656.37,5278.85,623.208,627.439,768.06,913.906,667.261,1309.88
119,580,1058.26,2923.9,3715.11,1845.23,2065,583.387,616.489,1624.72,2126.23,1019.43,1022.42
119,581,921.373,3565.78,3575.73,2920.67,2623,816.841,795.935,1260.6,1175.73,1761.61,1396
119,582,688.665,1722.04,1764.6,2058.78,1774.05,449.735,449.984,760.842,1769.82,878.316,1005
119,583,747.402,1199.88,1227.75,1051.54,887.027,643.617,727.74,798.672,1489.58,1622.48,675.474
119,584,580.898,1060.5,1560.01,1035.11,847.703,405.932,407.923,402.696,711.812,1786.25,1527.91
119,585,435.3,726.994,909.924,1132.43,1013.46,479.353,473.131,567.956,747.402,1210.83,1727.51
119,586,290.698,725.749,569.2,1021.67,985.336,424.1,394.981,442.518,732.967,976.625,1462.45
119,587,420.118,280.245,426.838,653.821,522.659,372.083,352.67,342.715,437.54,1029.64,1165.53
119,588,308.12,307.373,555.761,705.589,716.291,360.883,335.746,306.875,302.395,660.292,1089.87
119,589,371.088,271.783,388.51,498.268,433.807,372.083,366.857,324.297,273.027,461.682,658.052
119,590,216.779,260.085,379.052,426.838,431.567,343.71,354.661,358.892,275.018,358.146,606.782
119,591,183.179,253.863,357.399,408.172,377.808,365.115,354.661,335.497,331.017,253.863,423.603
120,571,157.047,239.179,385.274,411.407,390.252,363.123,371.834,369.097,294.431,602.8,625.2
120,572,167.749,303.142,451.727,408.172,406.927,421.114,394.981,463.922,1258.11,433.06,804.397
120,573,162.522,284.227,430.074,409.167,426.589,449.735,513.201,1123.97,3425.16,1767.83,834.014
120,574,163.518,239.179,424.847,422.856,429.576,796.432,781.002,1752.15,3058.55,3795.5,2657.84
120,575,164.513,322.057,874.582,482.837,656.31,770.051,611.511,720.025,770.548,2139.42,2177.75
120,576,304.884,1272.3,2081.43,1091.11,1415.91,1118.74,885.284,1506.5,1824.83,570.196,487.068
120,577,833.267,2503.29,2117.76,1763.35,1813.38,1307.39,1293.46,1770.57,2428.87,2038.12,1535.12
120,578,1185.44,1786,2384.57,1744.68,1290.72,856.663,1166.03,1653.34,3077.71,2742.22,2433.6
120,579,1166.03,1701.13,1532.88,1422.63,1023.66,996.287,1164.04,1499.28,1784.01,2471.93,1937.32
120,580,861.64,2618.77,3689.97,1771.81,1452.24,508.97,523.157,814.85,1184.94,1507.75,1411.18
120,581,997.532,1301.67,2061.52,2317.62,2427.38,799.668,812.112,984.092,809.126,1143.38,1142.13
120,582,1044.32,1514.47,1507,999.772,1021.67,450.731,463.175,737.447,1959.72,606.035,680.452
120,583,737.696,696.381,971.15,1349.95,1007.24,701.607,766.815,1062.74,1674.5,1944.79,703.101
120,584,588.613,444.758,942.03,1117,1011.22,480.348,453.967,409.914,807.135,1884.56,1756.13
120,585,638.639,387.016,576.418,801.908,780.504,477.362,469.149,542.57,685.43,1269.31,1496.3
120,586,373.328,458.446,589.858,616.489,607.529,420.118,395.976,353.915,449.735,1009.23,1448.01
120,587,624.453,334.751,427.834,734.709,636.648,379.301,394.981,355.906,375.568,715.545,1075.68
120,588,235.196,273.774,419.62,534.605,528.881,398.714,375.817,329.275,302.395,456.455,820.823
120,590,162.522,314.84,410.163,514.943,472.135,370.092,347.693,338.484,245.65,401.203,505.486
120,591,178.7,280.245,346.946,392.741,385.025,376.314,343.71,344.706,319.817,273.276,443.016
121,569,110.256,252.867,413.398,456.953,435.798,473.131,483.086,544.561,480.099,294.68,274.271
121,570,131.909,267.552,420.616,513.948,501.006,487.566,498.268,520.17,616.24,434.056,281.489
121,571,131.909,260.085,390.501,518.179,435.798,392.492,383.781,405.932,369.594,717.536,524.899
121,572,167.749,262.325,452.971,398.963,382.039,381.292,367.852,430.322,704.594,610.018,994.794
121,573,148.336,268.547,406.181,378.305,377.808,398.714,430.074,929.088,2052.06,847.454,750.14
121,574,160.282,259.089,387.514,392.741,412.9,519.174,531.37,1263.59,1706.85,1970.42,1077.67
121,575,177.704,278.005,732.22,414.394,480.348,589.36,612.506,670.994,484.331,1114.76,1039.84
121,576,373.328,587.369,1640.9,514.943,740.184,748.647,713.803,788.468,1780.03,683.688,479.851
121,577,1064.98,1280.51,2400.25,663.03,926.351,815.846,761.837,1975.65,4403.03,2304.18,1867.63
121,578,1401.97,1833.29,2195.66,986.332,1228.75,1225.76,1453.74,4116.56,6337.61,3602.11,1983.37
121,579,931.079,1645.63,2183.22,1375.84,1467.68,1389.03,1512.97,2601.85,2329.32,4265.39,1693.66
121,580,1055.02,885.284,1783.26,1127.2,1339.5,641.377,686.674,878.067,816.343,1646.87,1497.29
121,582,787.722,1041.58,1582.91,1803.92,1276.28,512.952,467.157,630.177,1521.19,916.146,431.816
121,583,715.794,410.163,862.138,1547.82,1415.91,634.408,593.342,809.872,1060,1609.04,891.258
121,584,750.638,323.053,557.752,975.879,1038.1,485.326,396.972,377.31,848.947,1131.18,1204.6
121,585,472.384,395.479,621.217,651.83,627.191,441.522,411.905,559.992,673.234,1129.94,913.906
121,586,242.912,470.891,581.645,742.922,721.518,438.536,371.834,308.866,267.054,884.289,1230.24
121,587,253.614,367.106,393.736,644.364,650.088,463.922,415.887,397.718,340.973,381.79,793.197
121,588,172.229,273.774,391.496,430.074,419.123,435.549,402.945,356.901,349.186,309.115,467.655
121,590,164.513,248.636,408.172,504.49,447.247,368.101,331.764,287.462,243.659,436.047,524.899
121,591,173.224,257.098,407.176,391.745,361.381,344.706,351.675,317.08,274.023,274.271,366.359
122,569,123.198,254.858,436.296,470.393,462.677,454.713,475.122,489.557,375.568,340.724,309.115
122,570,145.1,263.32,493.29,525.397,515.441,502.748,513.201,523.157,603.049,313.098,259.836
122,571,118.967,283.231,414.394,540.827,535.103,430.322,434.056,428.331,555.263,583.387,310.111
122,572,155.802,274.769,390.501,494.286,417.132,416.136,414.892,371.088,325.791,799.419,779.757
122,573,145.1,266.556,390.501,398.963,348.937,396.723,384.776,544.561,589.858,491.299,942.528
122,574,140.62,241.419,345.95,362.626,398.465,506.73,438.038,595.582,542.072,536.348,457.451
122,577,600.56,1445.28,1072.94,684.932,526.89,577.165,549.29,947.506,1379.82,1554.79,1916.91
122,578,823.561,1223.02,1477.88,857.907,742.176,932.075,924.359,2523.45,2600.6,956.963,1641.65
122,579,898.475,694.39,920.128,777.019,748.398,863.88,874.085,1504.51,964.679,1401.22,557.752
122,580,833.267,1253.39,1174.74,764.575,604.542,736.202,740.931,1442.29,1537.36,702.105,641.626
122,581,671.243,1351.94,2090.64,1680.47,1535.12,987.327,1000.52,1574.7,1437.81,935.559,384.776
122,582,727.74,591.6,1164.28,1802.68,1901.48,495.53,494.037,450.731,747.402,1196.64,691.901
122,583,603.795,590.604,685.43,839.241,944.021,523.157,504.241,436.545,478.108,857.658,863.631
122,584,435.3,415.389,526.641,977.123,845.712,406.927,380.794,362.128,717.785,481.095,515.69
122,585,394.981,294.929,636.648,679.705,587.867,448.74,380.794,441.522,463.922,928.342,580.151
122,586,271.036,318.822,571.191,744.913,660.292,394.732,364.866,330.519,281.24,622.213,977.372
122,587,267.8,326.288,414.394,473.628,473.131,408.918,410.909,432.314,323.8,285.471,532.116
122,590,175.464,267.552,351.177,377.061,368.599,349.684,359.888,305.88,249.632,382.785,486.073
123,569,135.145,249.632,447.744,452.722,465.913,437.54,418.874,412.9,338.982,398.216,318.324
123,570,128.674,252.867,474.624,539.832,505.237,447.744,427.087,397.718,378.554,326.537,332.511
123,571,124.443,267.552,479.851,484.828,473.131,429.327,397.967,374.323,538.09,347.941,308.12
123,572,125.438,290.698,411.407,497.273,458.446,423.105,393.985,337.488,448.74,708.327,473.877
123,573,148.336,239.179,353.168,425.842,385.025,440.527,422.856,443.513,515.69,787.224,922.119
123,574,143.856,234.948,361.381,372.083,370.59,470.144,523.157,537.343,777.766,478.108,661.039
123,575,149.331,261.329,453.967,361.63,360.137,538.339,477.113,500.757,749.393,504.49,337.737
123,576,260.334,440.527,880.805,393.736,417.132,530.374,468.153,461.931,875.329,805.641,499.512
123,577,467.904,773.037,1148.6,488.064,521.663,632.168,577.414,619.973,587.867,1626.46,1588.39
123,578,620.222,711.065,947.257,564.72,603.546,661.786,581.396,743.42,603.049,1194.65,2178.99
123,579,594.089,651.332,946.261,556.507,608.773,553.769,540.33,829.285,948.252,693.892,1163.54
123,580,551.778,746.904,1721.04,731.473,913.906,775.028,784.984,1639.16,1550.55,707.332,562.729
123,581,613.751,514.943,1297.19,992.554,1207.84,715.794,701.607,1010.72,767.562,1017.44,455.46
123,583,420.118,709.074,1086.38,1132.43,900.466,636.399,631.422,489.557,526.89,399.212,472.882
123,584,352.67,410.163,520.419,1203.86,1057.76,408.918,375.817,341.719,546.303,563.974,331.515
123,585,360.386,315.835,449.735,710.816,712.06,430.322,394.981,332.511,297.418,786.228,732.718
123,586,270.04,279,397.718,502.499,472.135,345.701,364.866,351.924,357.399,406.429,755.366
123,587,189.65,380.794,453.967,571.938,554.765,391.496,364.866,410.909,288.209,392.99,522.908
123,588,216.779,372.332,494.286,667.261,547.547,382.288,353.666,320.315,276.014,351.177,426.838
123,589,162.522,279,380.048,477.611,387.265,368.101,356.901,322.306,299.409,378.803,401.203
124,569,126.434,237.188,452.971,482.837,489.557,402.696,402.945,357.897,348.19,352.172,246.645
124,570,131.909,257.098,426.838,522.161,482.339,392.492,368.848,335.497,272.031,378.803,306.875
124,571,115.732,260.085,443.513,464.171,458.446,376.314,370.839,339.479,393.985,309.115,364.368
124,572,126.434,246.645,430.074,400.954,412.9,406.927,378.803,315.089,515.69,464.669,370.341
124,573,141.865,243.41,344.955,427.834,391.247,464.917,430.074,553.769,675.225,727.74,584.382
124,574,138.38,241.419,370.839,382.288,369.594,739.438,708.825,991.31,1137.16,632.666,641.626
124,575,154.807,278.005,391.496,351.177,347.693,824.059,850.192,1065.73,1106.79,612.009,391.994
124,576,201.597,353.417,460.189,384.528,358.146,520.17,555.263,574.178,825.552,640.63,392.99
124,577,284.227,459.442,528.632,426.838,391.247,404.936,400.954,430.322,901.711,959.203,777.766
124,578,322.306,477.362,518.179,475.62,400.705,443.513,411.905,602.8,845.712,1092.11,1173.74
124,579,296.173,401.701,578.658,467.406,403.692,584.382,554.267,977.123,869.107,778.015,807.383
124,580,326.537,385.025,637.644,454.962,452.473,698.621,600.56,917.888,638.639,571.191,429.825
124,582,360.386,621.964,1183.95,889.018,774.282,708.825,702.852,926.102,841.73,358.146,312.102
124,583,383.034,378.803,990.812,1267.07,1262.84,629.182,652.577,661.786,900.715,638.639,312.102
124,584,314.591,287.462,470.642,878.565,1021.67,401.701,406.927,335.497,418.376,1001.02,624.204
124,585,277.756,289.453,430.074,564.72,611.76,465.913,461.184,415.14,383.781,634.657,870.849
124,586,216.779,268.547,464.171,447.496,460.686,400.705,418.874,450.731,513.699,438.038,512.703
124,587,177.704,345.204,641.875,546.054,638.639,352.919,337.737,356.901,286.218,574.178,575.174
124,588,154.807,332.511,484.082,472.384,492.793,393.736,354.661,308.866,241.667,337.737,565.965
125,568,127.678,228.725,429.078,433.06,448.242,406.927,368.848,319.071,266.058,292.689,280.494
125,569,110.256,239.179,467.406,464.171,484.331,389.505,355.657,323.302,307.622,265.063,240.423
125,570,110.256,259.089,454.962,530.374,500.01,385.523,358.892,329.275,295.427,326.537,238.432
125,571,126.434,256.103,392.741,481.842,442.02,372.083,340.724,354.91,312.6,354.164,339.728
125,572,134.149,246.645,399.958,407.176,360.137,389.505,375.817,329.275,433.558,372.581,423.603
125,573,133.154,247.641,357.399,373.079,385.025,425.345,375.817,382.536,534.108,507.726,442.02
125,574,145.1,229.721,361.381,373.079,371.586,575.174,466.162,694.638,638.639,599.813,505.486
125,575,157.047,254.858,367.603,333.755,368.599,744.415,656.559,890.262,655.812,499.512,434.802
125,576,157.047,293.684,479.851,369.843,332.262,573.183,569.449,647.599,584.88,442.269,361.132
125,577,204.832,397.47,597.324,392.741,412.9,409.914,393.985,429.327,552.276,468.9,417.629
125,578,222.254,376.563,574.427,505.735,502.001,389.505,398.963,484.331,428.331,446.251,463.673
125,579,213.543,295.924,437.291,536.596,526.89,460.935,432.065,513.948,399.958,410.412,472.882
125,580,239.676,364.119,581.645,519.174,483.335,479.353,420.865,452.722,457.949,441.024,581.147
125,581,250.378,404.936,868.36,621.715,584.88,554.765,524.152,805.641,728.985,468.9,517.93
125,582,263.569,328.28,791.455,679.705,816.592,686.425,607.529,1044.32,1104.8,519.921,375.568
125,583,254.858,392.243,583.636,571.938,752.629,488.562,471.14,587.369,964.679,968.412,469.646
125,584,210.308,369.346,485.077,697.376,637.644,401.701,384.776,312.102,353.168,1112.77,900.466
125,585,216.779,300.155,398.963,618.48,545.556,510.961,448.989,460.935,382.785,457.451,741.927
125,586,215.783,249.632,423.851,430.074,422.358,437.54,415.887,425.345,411.158,384.776,329.524
125,587,183.179,308.369,443.513,425.842,454.464,355.906,335.746,327.284,233.454,509.717,555.761
125,589,159.038,413.398,683.439,467.406,447.247,387.514,353.666,341.719,274.023,277.258,249.632
125,590,153.811,304.138,497.521,610.266,512.455,367.106,324.795,307.871,256.849,292.689,278.254
126,569,119.963,218.272,445.504,459.94,424.349,357.897,361.879,327.284,253.863,290.698,280.494
126,570,116.727,243.41,452.971,457.949,468.9,373.328,374.821,321.311,302.395,253.863,253.863
126,572,134.149,241.419,368.848,415.389,387.265,417.132,374.821,380.297,397.967,381.79,405.185
126,573,131.909,232.957,372.83,390.75,377.808,437.54,413.896,396.723,521.912,420.616,472.882
126,574,142.86,234.948,364.617,377.061,342.715,429.327,405.932,363.123,597.075,534.356,450.233
126,575,145.1,253.863,345.95,364.617,343.71,417.132,398.963,376.314,518.926,586.373,460.438
126,576,145.1,280.245,400.954,380.297,364.368,402.696,372.83,382.536,482.339,561.983,443.016
126,577,158.042,281.24,492.295,375.07,363.372,404.936,382.785,377.31,470.144,518.926,429.825
126,578,157.047,256.103,485.077,411.407,404.687,388.51,367.852,367.106,543.067,517.93,495.281
126,579,158.042,245.401,454.962,415.389,416.136,418.127,390.75,446.749,691.403,689.91,713.305
126,580,158.042,274.769,493.29,402.945,443.016,430.322,407.923,576.169,631.422,806.637,815.597
126,581,177.704,293.684,517.183,406.181,456.455,582.391,521.166,740.433,545.307,572.187,591.6
126,582,186.415,340.973,508.97,459.94,462.677,533.361,479.104,557.752,690.407,442.269,331.515
126,583,176.46,408.172,759.349,693.145,637.644,408.918,385.772,380.297,613.253,697.127,465.664
126,584,184.175,337.737,596.08,989.567,868.36,397.718,354.661,305.88,306.627,647.848,630.426
126,585,198.361,252.867,393.736,583.387,557.005,392.492,364.866,341.719,310.609,343.959,428.829
126,588,153.811,295.924,559.743,384.528,326.04,413.896,393.985,395.727,334.999,254.858,242.414
126,589,139.625,307.373,614.995,424.847,407.923,369.097,357.897,358.892,310.609,316.333,217.028
126,591,142.86,323.053,543.316,419.62,394.483,341.719,326.786,314.093,227.481,264.067,283.48
127,573,126.434,243.41,352.172,400.954,385.025,424.1,403.941,431.318,485.326,475.868,495.281
127,574,134.149,259.089,368.848,406.181,375.817,452.722,428.082,493.539,617.235,499.512,549.538
127,575,135.145,242.414,383.283,387.514,364.368,460.935,472.135,502.748,686.425,593.591,503.495
127,576,140.62,254.858,394.732,393.736,359.141,454.713,442.02,484.331,648.844,680.701,534.108
127,577,147.091,287.462,392.741,416.634,390.252,426.34,426.091,447.744,634.657,662.283,560.738
127,578,143.856,270.787,401.95,410.412,394.483,398.714,362.875,438.536,642.621,711.314,610.018
127,579,124.443,257.098,378.057,449.735,386.021,405.932,378.803,432.314,510.712,682.692,644.613
127,580,146.096,262.325,382.288,429.078,374.821,391.496,385.772,391.496,306.627,540.33,539.334
127,582,180.94,313.595,634.657,448.74,474.126,497.77,446.002,363.123,448.74,410.412,346.946
127,583,169.989,296.92,738.442,630.924,751.384,421.114,378.803,346.697,373.577,508.721,497.273
127,584,158.042,269.543,463.175,691.154,848.698,373.328,355.657,317.08,360.386,422.607,500.508
127,585,169.989,266.556,391.496,423.851,453.469,355.906,335.746,319.071,344.208,385.772,409.416
127,590,123.198,273.774,517.183,415.389,375.817,367.106,332.759,301.898,243.659,311.106,285.471
127,591,114.487,234.948,485.077,431.069,417.132,340.475,330.768,299.907,224.246,256.849,254.858
128,574,139.625,220.263,372.83,392.741,396.474,403.692,384.776,401.701,439.531,446.251,462.429
128,575,131.909,252.867,401.95,388.51,383.034,416.136,384.776,422.109,496.526,503.495,522.908
128,576,128.674,256.103,393.736,389.505,395.479,447.744,377.808,418.127,466.909,548.543,615.991
128,577,131.909,251.872,390.501,402.945,388.261,397.718,364.866,353.915,373.577,546.552,652.826
128,578,150.327,237.188,427.834,363.621,370.59,376.314,366.857,362.128,336.99,484.082,582.391
128,579,150.327,230.965,430.074,407.176,393.239,367.106,362.875,356.901,325.791,386.768,517.93
128,580,147.091,240.174,393.736,409.167,410.909,420.118,382.785,393.736,461.931,345.95,381.79
128,581,147.091,262.325,403.941,379.301,387.265,455.709,443.016,474.126,579.654,459.442,407.176
128,582,147.091,278.005,472.633,394.732,399.461,469.149,435.051,478.357,492.295,588.613,498.268
128,583,152.567,292.689,459.193,431.069,492.793,396.723,367.852,362.128,451.727,561.983,555.761
128,584,164.513,269.543,400.954,451.727,445.007,344.706,351.675,338.484,456.953,556.756,558.747
128,585,160.282,285.471,409.167,394.732,392.243,349.684,323.8,332.511,325.791,534.356,536.348
128,586,161.278,250.876,384.279,419.62,445.007,394.732,344.706,343.71,250.627,364.368,453.22
129,575,137.385,220.263,353.168,365.861,374.821,372.083,354.661,310.111,388.759,413.398,424.598
129,576,115.732,234.948,387.514,383.283,369.594,384.528,355.657,308.866,335.995,483.086,452.224
129,577,131.909,260.085,387.514,375.07,397.47,379.301,368.848,329.275,284.227,447.247,512.703
129,578,148.336,240.174,370.839,404.189,365.363,358.892,347.693,327.284,320.813,388.012,459.442
129,579,131.909,226.734,379.052,387.514,369.594,369.097,359.888,391.496,467.904,343.959,402.198
129,580,130.914,241.419,359.39,375.07,337.488,409.914,389.754,508.97,566.463,444.26,411.407
129,581,133.154,279,395.727,372.083,360.137,448.74,408.918,533.361,498.517,515.939,439.033
129,582,131.909,294.929,500.757,436.296,412.9,435.549,380.794,391.496,419.371,510.712,457.451
129,583,146.096,273.774,459.193,510.712,444.011,376.314,344.706,322.306,460.935,479.104,465.664
129,584,168.993,239.179,399.958,485.824,443.016,375.319,334.751,323.302,438.536,525.148,487.068
129,585,167.749,241.419,371.834,392.741,402.696,364.119,323.8,297.667,296.422,471.886,461.433
129,586,148.336,269.543,368.848,340.973,377.808,335.497,339.728,312.102,251.623,380.794,452.224
130,575,123.198,230.965,379.052,401.95,381.043,378.305,374.821,304.884,317.826,380.794,385.772
130,576,135.145,234.948,383.283,380.297,373.577,369.097,343.71,307.871,282.236,337.737,413.398
130,581,129.669,247.641,445.504,384.528,393.239,380.297,334.751,336.493,310.609,359.141,340.724
130,582,135.145,265.56,477.859,387.514,386.021,386.519,347.693,307.871,305.631,310.111,332.511
130,583,130.914,247.641,439.282,431.069,440.029,387.514,338.733,319.071,363.372,337.737,325.293
130,585,131.909,266.556,360.386,369.843,349.933,339.479,334.751,285.471,284.227,424.847,474.873
130,586,146.096,247.641,366.608,381.292,351.924,327.284,311.604,291.693,245.65,370.59,468.651
131,575,134.149,240.174,390.501,378.305,388.261,382.288,344.706,295.676,285.222,336.742,352.919
131,584,138.38,281.24,397.718,380.297,360.137,363.123,339.728,306.875,347.195,421.611,426.838
131,585,133.154,273.774,410.163,394.732,349.933,339.479,325.791,289.702,290.2,408.421,452.224
131,586,136.389,242.414,362.626,382.288,374.821,332.511,328.777,276.263,232.459,322.306,405.185
132,583,130.914,239.179,385.274,380.297,383.034,341.719,355.657,346.697,345.204,380.794,336.742
132,584,133.154,236.192,386.519,374.074,356.155,340.475,339.728,312.102,307.622,407.425,365.363
