408,228,231.742,386.236,463.483,231.742,463.483,386.236,386.236,308.989,308.989,308.989,308.989
407,229,308.989,386.236,308.989,308.989,463.483,386.236,386.236,231.742,308.989,231.742,231.742
408,229,308.989,540.73,463.483,386.236,463.483,231.742,231.742,231.742,231.742,231.742,231.742
411,229,308.989,386.236,463.483,463.483,231.742,154.494,154.494,154.494,308.989,231.742,231.742
416,229,308.989,386.236,308.989,231.742,154.494,154.494,154.494,154.494,154.494,154.494,154.494
417,229,231.742,386.236,231.742,231.742,154.494,231.742,154.494,154.494,154.494,154.494,154.494
406,230,231.742,231.742,154.494,231.742,231.742,308.989,231.742,231.742,231.742,154.494,154.494
407,230,231.742,386.236,308.989,386.236,308.989,231.742,154.494,154.494,154.494,154.494,154.494
408,230,231.742,386.236,231.742,308.989,231.742,154.494,154.494,231.742,231.742,231.742,308.989
410,230,308.989,695.225,772.472,772.472,231.742,154.494,154.494,154.494,231.742,154.494,231.742
411,230,231.742,463.483,386.236,386.236,154.494,77.2472,154.494,154.494,154.494,154.494,154.494
422,230,386.236,308.989,308.989,231.742,154.494,154.494,77.2472,154.494,154.494,77.2472,154.494
423,230,386.236,308.989,308.989,231.742,231.742,231.742,231.742,308.989,231.742,154.494,231.742
409,231,386.236,926.966,926.966,695.225,308.989,231.742,231.742,154.494,231.742,154.494,154.494
410,231,308.989,772.472,540.73,463.483,154.494,154.494,154.494,154.494,154.494,154.494,154.494
412,231,463.483,772.472,772.472,540.73,154.494,154.494,154.494,231.742,231.742,154.494,231.742
413,231,386.236,772.472,540.73,386.236,77.2472,77.2472,231.742,231.742,231.742,231.742,308.989
417,231,386.236,540.73,463.483,308.989,154.494,154.494,154.494,154.494,154.494,77.2472,77.2472
422,231,463.483,386.236,386.236,386.236,77.2472,77.2472,154.494,231.742,231.742,308.989,154.494
423,231,540.73,463.483,463.483,463.483,154.494,154.494,154.494,154.494,154.494,231.742,154.494
424,231,463.483,463.483,386.236,308.989,154.494,154.494,154.494,231.742,231.742,154.494,231.742
425,231,463.483,386.236,308.989,308.989,154.494,154.494,154.494,231.742,308.989,154.494,231.742
426,231,386.236,308.989,308.989,308.989,154.494,77.2472,154.494,154.494,231.742,154.494,231.742
407,232,308.989,386.236,308.989,308.989,231.742,231.742,231.742,308.989,386.236,231.742,308.989
408,232,386.236,1081.46,1081.46,849.719,386.236,308.989,231.742,231.742,231.742,231.742,154.494
409,232,386.236,1081.46,617.978,463.483,308.989,231.742,154.494,154.494,154.494,231.742,231.742
411,232,695.225,1004.21,1081.46,849.719,154.494,77.2472,154.494,231.742,308.989,231.742,308.989
412,232,463.483,617.978,540.73,463.483,231.742,231.742,231.742,231.742,231.742,231.742,308.989
416,232,308.989,540.73,308.989,231.742,154.494,154.494,77.2472,154.494,154.494,77.2472,77.2472
419,232,463.483,386.236,386.236,386.236,77.2472,154.494,231.742,308.989,463.483,231.742,386.236
420,232,1004.21,1004.21,1004.21,849.719,154.494,154.494,231.742,386.236,617.978,386.236,695.225
421,232,1081.46,1004.21,1081.46,772.472,231.742,231.742,308.989,617.978,772.472,617.978,772.472
422,232,772.472,540.73,463.483,308.989,154.494,231.742,386.236,617.978,695.225,695.225,617.978
423,232,617.978,386.236,308.989,308.989,77.2472,154.494,308.989,386.236,386.236,540.73,308.989
424,232,463.483,386.236,308.989,231.742,154.494,154.494,154.494,231.742,231.742,308.989,231.742
425,232,386.236,308.989,231.742,231.742,154.494,154.494,154.494,231.742,231.742,231.742,231.742
426,232,463.483,386.236,308.989,308.989,77.2472,77.2472,154.494,154.494,231.742,308.989,231.742
427,232,463.483,386.236,463.483,386.236,154.494,154.494,231.742,231.742,308.989,231.742,231.742
428,232,386.236,308.989,308.989,231.742,154.494,231.742,308.989,308.989,386.236,308.989,308.989
429,232,463.483,386.236,386.236,308.989,77.2472,77.2472,154.494,231.742,231.742,386.236,231.742
430,232,463.483,386.236,386.236,308.989,154.494,154.494,154.494,231.742,231.742,231.742,154.494
431,232,386.236,308.989,308.989,308.989,154.494,154.494,231.742,308.989,308.989,231.742,308.989
432,232,463.483,386.236,308.989,308.989,154.494,154.494,154.494,231.742,231.742,308.989,231.742
407,233,308.989,386.236,386.236,386.236,308.989,231.742,154.494,154.494,308.989,308.989,154.494
408,233,386.236,926.966,540.73,617.978,308.989,231.742,231.742,386.236,231.742,463.483,308.989
410,233,695.225,1158.71,1158.71,772.472,154.494,308.989,386.236,308.989,386.236,231.742,386.236
411,233,926.966,1158.71,695.225,617.978,308.989,231.742,231.742,154.494,308.989,231.742,308.989
412,233,308.989,463.483,386.236,308.989,308.989,231.742,154.494,231.742,231.742,231.742,308.989
413,233,695.225,1004.21,772.472,540.73,308.989,231.742,154.494,231.742,231.742,231.742,231.742
414,233,695.225,1081.46,695.225,463.483,231.742,231.742,154.494,231.742,231.742,154.494,154.494
415,233,386.236,386.236,231.742,154.494,154.494,231.742,231.742,231.742,154.494,231.742,154.494
418,233,1158.71,1158.71,1158.71,695.225,231.742,154.494,154.494,540.73,463.483,772.472,463.483
419,233,1158.71,926.966,1081.46,540.73,308.989,308.989,386.236,617.978,540.73,695.225,386.236
420,233,926.966,540.73,463.483,463.483,154.494,231.742,386.236,463.483,540.73,386.236,386.236
421,233,1235.96,1081.46,926.966,926.966,231.742,231.742,308.989,463.483,617.978,308.989,617.978
422,233,926.966,926.966,1158.71,926.966,386.236,463.483,463.483,617.978,849.719,463.483,772.472
423,233,849.719,540.73,695.225,540.73,231.742,308.989,386.236,463.483,695.225,540.73,695.225
424,233,926.966,772.472,926.966,695.225,231.742,154.494,308.989,463.483,540.73,463.483,463.483
425,233,695.225,540.73,772.472,540.73,308.989,308.989,463.483,617.978,617.978,463.483,463.483
426,233,617.978,386.236,463.483,386.236,154.494,231.742,386.236,386.236,463.483,540.73,386.236
427,233,772.472,617.978,695.225,540.73,231.742,154.494,231.742,308.989,308.989,386.236,308.989
428,233,772.472,695.225,695.225,540.73,308.989,308.989,386.236,540.73,540.73,308.989,463.483
429,233,772.472,540.73,540.73,463.483,154.494,231.742,386.236,463.483,463.483,463.483,386.236
430,233,849.719,617.978,695.225,540.73,231.742,154.494,231.742,308.989,231.742,386.236,231.742
431,233,617.978,540.73,540.73,463.483,308.989,231.742,308.989,386.236,386.236,231.742,231.742
432,233,540.73,540.73,463.483,386.236,154.494,154.494,308.989,308.989,386.236,386.236,386.236
433,233,463.483,463.483,463.483,463.483,154.494,154.494,154.494,231.742,231.742,308.989,231.742
434,233,386.236,463.483,386.236,386.236,231.742,154.494,231.742,231.742,231.742,154.494,231.742
435,233,386.236,386.236,308.989,308.989,154.494,154.494,231.742,231.742,231.742,231.742,231.742
404,234,308.989,386.236,463.483,386.236,540.73,463.483,463.483,308.989,231.742,154.494,154.494
409,234,463.483,617.978,772.472,463.483,617.978,695.225,617.978,463.483,463.483,231.742,308.989
410,234,540.73,1081.46,540.73,386.236,463.483,386.236,231.742,231.742,231.742,308.989,308.989
411,234,308.989,463.483,231.742,231.742,308.989,154.494,231.742,386.236,308.989,463.483,308.989
412,234,386.236,540.73,308.989,231.742,154.494,154.494,386.236,463.483,231.742,386.236,231.742
415,234,463.483,308.989,386.236,308.989,231.742,231.742,231.742,386.236,386.236,617.978,463.483
416,234,617.978,386.236,386.236,231.742,154.494,154.494,231.742,386.236,386.236,772.472,540.73
418,234,1390.45,1235.96,1004.21,1004.21,231.742,308.989,772.472,1467.7,1544.94,1313.2,1622.19
419,234,2471.91,2626.4,2780.9,2085.67,463.483,386.236,849.719,1622.19,1776.69,1544.94,1699.44
420,234,1776.69,2085.67,2317.42,1467.7,386.236,308.989,617.978,926.966,1081.46,1081.46,849.719
421,234,1544.94,1158.71,1235.96,1004.21,231.742,231.742,386.236,386.236,463.483,540.73,308.989
422,234,1544.94,1390.45,1467.7,1158.71,463.483,308.989,308.989,386.236,540.73,308.989,386.236
423,234,1004.21,772.472,695.225,617.978,308.989,231.742,308.989,308.989,540.73,308.989,540.73
424,234,1313.2,1235.96,1004.21,1004.21,231.742,231.742,231.742,308.989,540.73,463.483,617.978
425,234,1544.94,1622.19,1622.19,1313.2,617.978,463.483,463.483,695.225,849.719,540.73,695.225
426,234,1004.21,1004.21,1004.21,772.472,540.73,463.483,695.225,772.472,926.966,772.472,695.225
427,234,1235.96,849.719,926.966,849.719,154.494,231.742,386.236,386.236,463.483,695.225,386.236
428,234,1313.2,1235.96,1313.2,1081.46,463.483,308.989,463.483,617.978,617.978,386.236,463.483
429,234,1158.71,849.719,926.966,772.472,386.236,386.236,540.73,617.978,772.472,540.73,617.978
430,234,1081.46,926.966,926.966,772.472,231.742,231.742,308.989,386.236,386.236,540.73,386.236
431,234,849.719,849.719,926.966,772.472,308.989,308.989,308.989,463.483,463.483,308.989,308.989
432,234,617.978,617.978,617.978,540.73,231.742,308.989,386.236,386.236,540.73,386.236,463.483
433,234,540.73,617.978,617.978,463.483,154.494,154.494,231.742,231.742,308.989,386.236,308.989
434,234,386.236,540.73,463.483,386.236,231.742,231.742,231.742,231.742,308.989,231.742,154.494
435,234,308.989,386.236,386.236,308.989,231.742,231.742,231.742,231.742,308.989,231.742,231.742
401,235,231.742,308.989,231.742,154.494,386.236,386.236,308.989,231.742,154.494,386.236,231.742
403,235,231.742,386.236,386.236,386.236,695.225,772.472,772.472,540.73,540.73,386.236,308.989
404,235,386.236,540.73,617.978,540.73,772.472,386.236,308.989,231.742,231.742,231.742,154.494
407,235,386.236,540.73,617.978,540.73,463.483,849.719,849.719,695.225,617.978,617.978,695.225
408,235,617.978,1467.7,1390.45,926.966,1235.96,1158.71,1081.46,617.978,695.225,308.989,386.236
409,235,695.225,1622.19,1158.71,849.719,1004.21,617.978,463.483,308.989,231.742,231.742,231.742
411,235,1081.46,926.966,1235.96,540.73,386.236,540.73,849.719,926.966,695.225,540.73,463.483
412,235,463.483,695.225,849.719,540.73,617.978,695.225,772.472,695.225,463.483,308.989,308.989
413,235,617.978,1004.21,772.472,540.73,540.73,617.978,617.978,617.978,540.73,463.483,540.73
414,235,1081.46,1004.21,540.73,308.989,231.742,231.742,463.483,695.225,772.472,540.73,772.472
415,235,772.472,540.73,540.73,386.236,231.742,386.236,617.978,849.719,926.966,772.472,926.966
416,235,1158.71,849.719,849.719,617.978,308.989,386.236,617.978,772.472,849.719,772.472,849.719
417,235,1622.19,1622.19,1699.44,1004.21,308.989,463.483,617.978,695.225,772.472,540.73,849.719
418,235,1390.45,1544.94,1931.18,1313.2,695.225,1004.21,1235.96,1544.94,1699.44,772.472,1544.94
419,235,2394.66,2471.91,2703.65,2240.17,926.966,1158.71,1467.7,1776.69,2394.66,1004.21,2008.43
420,235,2471.91,2935.39,2626.4,2240.17,772.472,617.978,926.966,1158.71,1776.69,1004.21,1544.94
421,235,2008.43,1776.69,1467.7,1390.45,386.236,308.989,463.483,617.978,849.719,926.966,772.472
422,235,2240.17,2240.17,1931.18,1544.94,386.236,231.742,386.236,540.73,540.73,849.719,540.73
423,235,1235.96,1158.71,1313.2,1004.21,463.483,308.989,617.978,849.719,617.978,926.966,463.483
424,235,849.719,617.978,695.225,617.978,231.742,231.742,695.225,772.472,540.73,926.966,617.978
425,235,1235.96,1313.2,1467.7,1467.7,386.236,308.989,540.73,772.472,772.472,1004.21,926.966
426,235,1313.2,1544.94,1622.19,1313.2,849.719,695.225,926.966,1313.2,1313.2,1158.71,1081.46
427,235,1467.7,1158.71,1235.96,1004.21,463.483,386.236,695.225,695.225,849.719,1004.21,695.225
428,235,1776.69,1622.19,1622.19,1390.45,463.483,386.236,540.73,695.225,617.978,617.978,617.978
429,235,1467.7,1313.2,1313.2,1081.46,540.73,540.73,772.472,926.966,1004.21,695.225,772.472
430,235,1235.96,1158.71,1081.46,926.966,308.989,308.989,463.483,386.236,617.978,772.472,540.73
431,235,1004.21,1158.71,1158.71,926.966,386.236,308.989,386.236,540.73,386.236,386.236,386.236
432,235,695.225,772.472,695.225,617.978,386.236,386.236,463.483,463.483,617.978,386.236,540.73
433,235,617.978,695.225,617.978,463.483,231.742,231.742,231.742,231.742,386.236,463.483,386.236
434,235,386.236,463.483,463.483,386.236,231.742,231.742,231.742,231.742,231.742,231.742,154.494
435,235,308.989,386.236,308.989,308.989,231.742,231.742,231.742,231.742,308.989,231.742,231.742
400,236,231.742,308.989,231.742,231.742,463.483,540.73,386.236,231.742,154.494,308.989,231.742
401,236,231.742,231.742,154.494,154.494,463.483,386.236,386.236,308.989,231.742,463.483,463.483
402,236,231.742,231.742,231.742,231.742,463.483,695.225,617.978,540.73,463.483,540.73,463.483
403,236,386.236,540.73,540.73,617.978,849.719,617.978,540.73,386.236,386.236,386.236,386.236
404,236,386.236,617.978,540.73,463.483,540.73,231.742,386.236,540.73,386.236,463.483,463.483
406,236,1081.46,1313.2,1467.7,1158.71,463.483,463.483,617.978,617.978,540.73,308.989,231.742
407,236,772.472,926.966,695.225,695.225,617.978,849.719,540.73,231.742,231.742,231.742,231.742
408,236,1081.46,1853.93,1158.71,1004.21,1004.21,772.472,386.236,231.742,231.742,386.236,154.494
409,236,926.966,1390.45,617.978,540.73,617.978,463.483,617.978,772.472,386.236,540.73,463.483
410,236,926.966,1158.71,1622.19,1158.71,849.719,926.966,1158.71,1235.96,926.966,540.73,617.978
411,236,1931.18,3012.64,3321.63,2240.17,1390.45,1081.46,926.966,617.978,695.225,308.989,463.483
412,236,617.978,1544.94,1235.96,1004.21,1081.46,695.225,386.236,308.989,463.483,540.73,617.978
413,236,540.73,695.225,617.978,463.483,772.472,540.73,386.236,463.483,617.978,695.225,849.719
414,236,772.472,926.966,1235.96,772.472,463.483,386.236,308.989,463.483,540.73,386.236,540.73
415,236,1158.71,1467.7,1853.93,1313.2,463.483,540.73,463.483,926.966,772.472,772.472,849.719
416,236,1235.96,1235.96,1158.71,1081.46,695.225,540.73,695.225,1313.2,1235.96,1235.96,1081.46
417,236,2085.67,2162.92,1931.18,1853.93,617.978,463.483,463.483,695.225,772.472,772.472,617.978
418,236,2703.65,3553.37,3630.62,3012.64,1081.46,1004.21,617.978,849.719,772.472,540.73,540.73
419,236,2858.15,3862.36,3862.36,3012.64,1235.96,1081.46,772.472,1004.21,1081.46,849.719,849.719
420,236,2394.66,3167.13,2935.39,2394.66,849.719,540.73,617.978,772.472,1004.21,1158.71,1004.21
421,236,1081.46,1004.21,1004.21,926.966,540.73,463.483,695.225,772.472,926.966,1081.46,1004.21
422,236,1235.96,1081.46,1081.46,1235.96,386.236,540.73,1004.21,1158.71,1158.71,1390.45,1313.2
423,236,1313.2,1776.69,2085.67,2008.43,772.472,849.719,1390.45,1699.44,1622.19,1931.18,1467.7
424,236,1235.96,1853.93,2162.92,1622.19,1158.71,1004.21,1622.19,1853.93,1544.94,1699.44,1158.71
425,236,1467.7,1853.93,2471.91,2008.43,772.472,772.472,1313.2,1622.19,1313.2,1467.7,1313.2
426,236,1776.69,2240.17,2626.4,2162.92,1081.46,1004.21,1544.94,2008.43,1776.69,1622.19,1622.19
427,236,2008.43,2085.67,2162.92,1699.44,772.472,772.472,1158.71,1158.71,1390.45,1313.2,1004.21
428,236,2317.42,2240.17,2549.16,2008.43,695.225,540.73,695.225,926.966,849.719,772.472,772.472
429,236,1776.69,1776.69,1853.93,1467.7,849.719,849.719,1158.71,1313.2,1235.96,849.719,1081.46
430,236,1467.7,1313.2,1158.71,1004.21,386.236,386.236,617.978,540.73,849.719,849.719,617.978
431,236,1158.71,1235.96,1158.71,1004.21,463.483,308.989,386.236,463.483,463.483,386.236,386.236
432,236,772.472,772.472,695.225,617.978,463.483,463.483,540.73,617.978,617.978,386.236,540.73
433,236,540.73,540.73,540.73,386.236,231.742,231.742,308.989,308.989,463.483,463.483,386.236
434,236,386.236,463.483,386.236,386.236,231.742,154.494,231.742,154.494,231.742,231.742,154.494
436,236,231.742,308.989,154.494,231.742,154.494,154.494,154.494,154.494,231.742,231.742,231.742
399,237,154.494,231.742,231.742,231.742,308.989,463.483,308.989,231.742,154.494,231.742,154.494
400,237,231.742,231.742,154.494,154.494,540.73,386.236,308.989,231.742,154.494,386.236,308.989
402,237,308.989,231.742,231.742,231.742,695.225,617.978,540.73,463.483,386.236,386.236,308.989
403,237,386.236,617.978,695.225,772.472,695.225,463.483,463.483,540.73,463.483,540.73,540.73
404,237,308.989,617.978,463.483,540.73,463.483,463.483,695.225,1081.46,926.966,695.225,695.225
405,237,772.472,849.719,1313.2,1313.2,695.225,695.225,926.966,1004.21,926.966,386.236,386.236
406,237,1467.7,1931.18,1776.69,1699.44,695.225,617.978,772.472,849.719,540.73,463.483,463.483
407,237,617.978,772.472,617.978,617.978,386.236,386.236,540.73,1081.46,695.225,849.719,695.225
408,237,926.966,695.225,695.225,463.483,308.989,386.236,695.225,1081.46,772.472,772.472,695.225
409,237,1081.46,926.966,1004.21,617.978,772.472,849.719,849.719,849.719,695.225,463.483,463.483
410,237,1313.2,2780.9,2626.4,2317.42,1699.44,1158.71,695.225,540.73,540.73,231.742,308.989
411,237,1158.71,3553.37,2394.66,2162.92,1235.96,617.978,463.483,617.978,386.236,463.483,540.73
413,237,540.73,1158.71,926.966,540.73,308.989,308.989,617.978,772.472,695.225,1081.46,849.719
414,237,1235.96,1313.2,1235.96,1081.46,231.742,231.742,540.73,849.719,540.73,772.472,617.978
415,237,2240.17,2471.91,2549.16,2085.67,540.73,617.978,1622.19,2780.9,2008.43,2162.92,1853.93
416,237,2162.92,2240.17,2008.43,1776.69,772.472,926.966,2085.67,3244.38,3089.89,2858.15,2471.91
417,237,1235.96,2008.43,2085.67,2008.43,617.978,540.73,1235.96,1853.93,2085.67,2008.43,1699.44
418,237,1235.96,2858.15,3321.63,3012.64,772.472,540.73,1081.46,2008.43,1622.19,1544.94,1235.96
419,237,1853.93,3089.89,2780.9,2394.66,849.719,772.472,1853.93,2780.9,2085.67,2317.42,1622.19
420,237,1931.18,2780.9,2085.67,2008.43,617.978,849.719,1931.18,2317.42,1853.93,2858.15,1699.44
421,237,1390.45,1699.44,1544.94,1390.45,926.966,926.966,1313.2,1390.45,1158.71,1931.18,1158.71
422,237,772.472,1158.71,1467.7,1235.96,1390.45,1544.94,1931.18,1931.18,1622.19,1699.44,1699.44
423,237,695.225,1467.7,2085.67,2240.17,1544.94,1622.19,2162.92,2549.16,2626.4,2549.16,2549.16
424,237,1544.94,2703.65,3167.13,3244.38,2008.43,1699.44,2085.67,2394.66,2626.4,2317.42,2085.67
425,237,2394.66,4171.35,4789.33,4171.35,2008.43,1544.94,1931.18,2085.67,2162.92,1622.19,1776.69
426,237,2858.15,3785.11,4248.6,3630.62,2162.92,1699.44,2085.67,2317.42,2394.66,1776.69,2008.43
427,237,3012.64,3476.12,3321.63,2703.65,1235.96,1081.46,1467.7,1390.45,1699.44,1467.7,1235.96
428,237,2935.39,3476.12,3553.37,2935.39,926.966,695.225,772.472,1081.46,1081.46,772.472,849.719
429,237,2240.17,2394.66,2317.42,1853.93,1313.2,1235.96,1235.96,1544.94,1544.94,926.966,1235.96
430,237,1699.44,1467.7,1313.2,1081.46,540.73,617.978,849.719,695.225,926.966,926.966,772.472
431,237,1235.96,1235.96,1158.71,1004.21,386.236,308.989,308.989,386.236,386.236,386.236,308.989
432,237,772.472,772.472,695.225,617.978,540.73,540.73,463.483,617.978,617.978,308.989,540.73
433,237,540.73,540.73,463.483,386.236,231.742,308.989,308.989,308.989,463.483,463.483,463.483
434,237,386.236,386.236,386.236,308.989,154.494,154.494,154.494,154.494,231.742,231.742,154.494
435,237,308.989,231.742,231.742,231.742,231.742,231.742,231.742,231.742,231.742,154.494,154.494
399,238,231.742,231.742,231.742,231.742,463.483,386.236,308.989,154.494,154.494,231.742,231.742
400,238,231.742,231.742,154.494,154.494,540.73,308.989,308.989,386.236,231.742,386.236,386.236
402,238,308.989,386.236,386.236,540.73,617.978,386.236,386.236,308.989,308.989,308.989,308.989
403,238,308.989,695.225,849.719,849.719,463.483,386.236,463.483,695.225,617.978,540.73,772.472
404,238,386.236,617.978,1081.46,1004.21,540.73,772.472,849.719,1004.21,1158.71,617.978,695.225
405,238,849.719,1313.2,1622.19,1544.94,772.472,849.719,772.472,540.73,695.225,231.742,386.236
406,238,926.966,1081.46,926.966,1235.96,617.978,617.978,772.472,1235.96,1158.71,540.73,1158.71
407,238,926.966,772.472,1158.71,1313.2,540.73,695.225,1313.2,2008.43,2085.67,849.719,1544.94
408,238,1390.45,1390.45,2162.92,1931.18,849.719,695.225,926.966,1158.71,1544.94,617.978,926.966
409,238,1622.19,2085.67,1622.19,1390.45,849.719,617.978,463.483,386.236,540.73,308.989,308.989
410,238,849.719,1853.93,926.966,926.966,617.978,463.483,386.236,695.225,463.483,386.236,463.483
411,238,1313.2,1390.45,2162.92,1313.2,695.225,540.73,1158.71,2162.92,1467.7,1158.71,1313.2
412,238,1622.19,3244.38,4480.34,2394.66,1235.96,1235.96,1853.93,2394.66,1853.93,2008.43,1544.94
413,238,849.719,1776.69,1544.94,1081.46,849.719,1004.21,1313.2,1081.46,926.966,1313.2,849.719
414,238,1853.93,2549.16,3012.64,2240.17,695.225,695.225,1158.71,1776.69,1390.45,1390.45,1853.93
415,238,2549.16,4789.33,5021.07,3862.36,1931.18,2085.67,3012.64,4171.35,4325.84,3707.87,4248.6
416,238,1776.69,3244.38,3244.38,2780.9,2317.42,2162.92,3167.13,3476.12,4634.83,4094.1,3862.36
417,238,1004.21,2471.91,2549.16,2549.16,1390.45,1158.71,1699.44,1853.93,2703.65,2858.15,2394.66
418,238,1390.45,3939.61,4248.6,4016.85,1622.19,1158.71,1699.44,1931.18,2317.42,2549.16,2394.66
419,238,2240.17,4634.83,4789.33,3553.37,2626.4,2626.4,3244.38,3167.13,3553.37,3321.63,3244.38
420,238,1004.21,2162.92,1931.18,1544.94,2394.66,2858.15,3785.11,3321.63,3630.62,3785.11,3244.38
421,238,772.472,1158.71,1158.71,1467.7,1931.18,1622.19,2162.92,1853.93,1931.18,2858.15,1853.93
422,238,1081.46,2471.91,2935.39,2935.39,2626.4,2240.17,2394.66,2394.66,1931.18,2162.92,1776.69
423,238,1004.21,3398.88,3785.11,3476.12,2858.15,2471.91,3012.64,3167.13,3244.38,3244.38,3012.64
424,238,1390.45,3476.12,3785.11,3785.11,2317.42,1853.93,2317.42,2394.66,2858.15,2935.39,2471.91
425,238,2317.42,5175.56,5252.81,5175.56,2008.43,1622.19,1699.44,1853.93,2240.17,1622.19,1776.69
426,238,3476.12,5716.29,5716.29,4943.82,2471.91,1931.18,1931.18,2085.67,2549.16,1699.44,2162.92
427,238,3476.12,4403.09,3939.61,3244.38,1544.94,1313.2,1622.19,1467.7,1699.44,1544.94,1235.96
428,238,3244.38,3862.36,3630.62,3012.64,926.966,617.978,772.472,1004.21,1158.71,772.472,849.719
429,238,2626.4,2626.4,2471.91,2008.43,1313.2,1158.71,1081.46,1313.2,1544.94,849.719,1313.2
430,238,1931.18,1622.19,1390.45,1081.46,695.225,772.472,849.719,617.978,1004.21,849.719,849.719
431,238,1390.45,1235.96,1158.71,1004.21,308.989,231.742,308.989,386.236,386.236,308.989,231.742
432,238,926.966,695.225,617.978,540.73,540.73,463.483,463.483,540.73,540.73,308.989,463.483
433,238,617.978,540.73,463.483,463.483,231.742,308.989,308.989,308.989,463.483,386.236,463.483
434,238,463.483,386.236,386.236,308.989,154.494,154.494,154.494,154.494,154.494,154.494,154.494
435,238,386.236,308.989,308.989,231.742,154.494,154.494,154.494,231.742,231.742,77.2472,154.494
436,238,308.989,308.989,231.742,231.742,77.2472,154.494,154.494,154.494,154.494,154.494,154.494
399,239,231.742,231.742,231.742,154.494,617.978,386.236,386.236,308.989,231.742,231.742,231.742
401,239,154.494,231.742,308.989,386.236,617.978,386.236,463.483,540.73,540.73,308.989,308.989
402,239,231.742,463.483,772.472,1081.46,386.236,308.989,231.742,308.989,308.989,231.742,308.989
403,239,231.742,617.978,926.966,1235.96,231.742,386.236,386.236,617.978,849.719,463.483,772.472
404,239,540.73,1235.96,2085.67,1853.93,463.483,695.225,695.225,617.978,849.719,540.73,463.483
405,239,849.719,1390.45,1158.71,926.966,463.483,463.483,386.236,231.742,308.989,231.742,308.989
406,239,1004.21,1390.45,1853.93,1004.21,463.483,617.978,617.978,849.719,1081.46,308.989,926.966
407,239,2471.91,2626.4,2317.42,1931.18,926.966,1004.21,926.966,849.719,1467.7,386.236,926.966
408,239,1235.96,1467.7,1235.96,1699.44,926.966,463.483,386.236,308.989,695.225,463.483,386.236
409,239,1467.7,1313.2,849.719,617.978,308.989,308.989,308.989,463.483,308.989,231.742,231.742
410,239,1544.94,1467.7,2240.17,1931.18,386.236,386.236,463.483,849.719,1004.21,463.483,1004.21
411,239,3939.61,5407.3,6875,6025.28,1235.96,1004.21,1235.96,1931.18,2471.91,1313.2,1931.18
412,239,3012.64,7570.22,7338.48,6025.28,2317.42,1853.93,2008.43,1853.93,2085.67,1931.18,1544.94
413,239,1081.46,2240.17,1853.93,1622.19,1699.44,1622.19,1544.94,849.719,849.719,1390.45,772.472
414,239,1853.93,3012.64,3167.13,3012.64,1004.21,1235.96,1622.19,2240.17,2008.43,1853.93,2626.4
415,239,1467.7,4094.1,3553.37,3707.87,3244.38,3167.13,3939.61,4325.84,4634.83,4557.58,5098.31
416,239,926.966,3089.89,2394.66,2780.9,3630.62,2858.15,3398.88,2780.9,3630.62,4325.84,3707.87
417,239,1158.71,3398.88,2858.15,2703.65,1622.19,1544.94,1776.69,1313.2,1776.69,2240.17,1776.69
418,239,926.966,2703.65,2471.91,2935.39,1390.45,1699.44,2008.43,1235.96,1544.94,2394.66,2162.92
419,239,1313.2,4248.6,3321.63,3321.63,2317.42,2780.9,2471.91,1313.2,2162.92,3167.13,2935.39
420,239,849.719,2549.16,1622.19,1622.19,2935.39,3630.62,3012.64,1853.93,2626.4,3244.38,2935.39
421,239,386.236,849.719,772.472,1158.71,2317.42,2317.42,2549.16,1622.19,1931.18,2858.15,2085.67
422,239,695.225,2008.43,2394.66,3244.38,2780.9,2317.42,2549.16,2394.66,2162.92,2935.39,2240.17
423,239,1004.21,3398.88,3630.62,4171.35,3321.63,2935.39,3398.88,3321.63,3785.11,3939.61,3630.62
424,239,1544.94,4634.83,4557.58,4171.35,2703.65,2240.17,2780.9,2703.65,3167.13,3939.61,2935.39
425,239,1776.69,4094.1,3785.11,3707.87,1931.18,1544.94,2008.43,1931.18,2085.67,2162.92,1699.44
426,239,3244.38,5098.31,4403.09,3939.61,1699.44,1544.94,1699.44,1853.93,2394.66,1699.44,2162.92
427,239,3012.64,4171.35,3476.12,3012.64,1390.45,1313.2,1467.7,1622.19,1853.93,1622.19,1467.7
428,239,3012.64,3167.13,2549.16,2240.17,849.719,617.978,926.966,1004.21,1081.46,849.719,772.472
429,239,2703.65,2317.42,2162.92,1931.18,849.719,849.719,772.472,1004.21,1313.2,772.472,1235.96
430,239,2162.92,1622.19,1313.2,1081.46,617.978,617.978,617.978,540.73,926.966,695.225,772.472
431,239,1467.7,1158.71,1158.71,1004.21,308.989,231.742,308.989,308.989,308.989,231.742,231.742
432,239,1081.46,695.225,695.225,540.73,386.236,386.236,386.236,386.236,463.483,231.742,463.483
433,239,772.472,695.225,617.978,463.483,231.742,231.742,231.742,231.742,386.236,386.236,386.236
434,239,540.73,540.73,463.483,386.236,154.494,77.2472,154.494,154.494,154.494,154.494,154.494
435,239,463.483,386.236,386.236,386.236,154.494,154.494,154.494,154.494,154.494,77.2472,77.2472
436,239,308.989,386.236,308.989,231.742,154.494,77.2472,154.494,154.494,154.494,154.494,154.494
398,240,231.742,231.742,154.494,154.494,463.483,463.483,463.483,386.236,308.989,308.989,231.742
399,240,231.742,308.989,231.742,154.494,617.978,308.989,386.236,386.236,231.742,308.989,386.236
401,240,231.742,463.483,695.225,849.719,540.73,386.236,463.483,617.978,617.978,231.742,231.742
402,240,386.236,849.719,926.966,1158.71,231.742,231.742,231.742,308.989,386.236,154.494,386.236
403,240,386.236,695.225,1081.46,1467.7,231.742,308.989,386.236,617.978,849.719,386.236,695.225
404,240,1004.21,1931.18,2085.67,1776.69,386.236,463.483,463.483,386.236,617.978,540.73,386.236
405,240,617.978,849.719,926.966,695.225,231.742,231.742,231.742,231.742,154.494,231.742,154.494
406,240,2085.67,3012.64,2935.39,1622.19,540.73,463.483,308.989,386.236,463.483,308.989,386.236
407,240,2162.92,3089.89,1699.44,1390.45,772.472,463.483,308.989,308.989,386.236,695.225,463.483
408,240,1467.7,1004.21,772.472,463.483,308.989,308.989,463.483,695.225,386.236,772.472,386.236
409,240,2935.39,3476.12,3476.12,1776.69,463.483,463.483,540.73,695.225,463.483,308.989,308.989
410,240,2394.66,3862.36,3244.38,3012.64,695.225,386.236,386.236,463.483,772.472,463.483,926.966
411,240,2240.17,3321.63,2471.91,3321.63,1004.21,926.966,926.966,1081.46,1622.19,926.966,1622.19
412,240,1390.45,4171.35,3244.38,3012.64,1853.93,1622.19,1235.96,1004.21,1235.96,1235.96,1235.96
413,240,1158.71,1776.69,1467.7,1390.45,1544.94,1622.19,1004.21,849.719,617.978,1235.96,617.978
414,240,772.472,2703.65,2935.39,2626.4,1467.7,1853.93,1931.18,2085.67,1776.69,2549.16,2317.42
415,240,1081.46,3244.38,2858.15,2703.65,4712.08,4480.34,4789.33,4171.35,3707.87,4634.83,4403.09
416,240,1313.2,2008.43,2317.42,1931.18,3939.61,3476.12,3244.38,2240.17,2471.91,3089.89,2549.16
417,240,1467.7,2394.66,1622.19,1622.19,1544.94,1931.18,1467.7,1004.21,1004.21,1004.21,849.719
418,240,1158.71,1699.44,1081.46,1004.21,2162.92,2858.15,2085.67,926.966,772.472,1004.21,1081.46
419,240,926.966,926.966,617.978,617.978,2471.91,2703.65,1853.93,849.719,695.225,1776.69,1544.94
420,240,772.472,849.719,849.719,540.73,2394.66,2471.91,1544.94,695.225,849.719,2162.92,1544.94
421,240,1004.21,1004.21,617.978,540.73,2394.66,2780.9,2240.17,1235.96,1313.2,2780.9,1699.44
422,240,540.73,1235.96,1158.71,1699.44,3012.64,2858.15,3089.89,2471.91,2162.92,3939.61,2626.4
423,240,695.225,1776.69,1467.7,2162.92,3398.88,3476.12,3630.62,3012.64,3553.37,4325.84,3939.61
424,240,1235.96,4016.85,3862.36,3939.61,2703.65,2780.9,3167.13,3089.89,3476.12,3862.36,3321.63
425,240,1390.45,4094.1,3939.61,3476.12,2703.65,2240.17,2858.15,2858.15,2394.66,2703.65,1931.18
426,240,2008.43,3089.89,2935.39,2703.65,1699.44,1467.7,1931.18,2085.67,2549.16,2162.92,2240.17
427,240,2317.42,3089.89,3012.64,2626.4,1313.2,1235.96,1622.19,1776.69,2008.43,1699.44,1622.19
428,240,2703.65,2394.66,2162.92,1776.69,1004.21,849.719,1081.46,1004.21,1158.71,926.966,772.472
429,240,2471.91,2085.67,1853.93,1776.69,540.73,617.978,617.978,772.472,1081.46,695.225,1004.21
430,240,2085.67,1622.19,1390.45,1158.71,540.73,463.483,463.483,540.73,772.472,617.978,695.225
431,240,1544.94,1235.96,1081.46,1004.21,308.989,231.742,308.989,308.989,308.989,231.742,231.742
432,240,1235.96,926.966,772.472,617.978,308.989,308.989,308.989,386.236,386.236,231.742,308.989
433,240,849.719,772.472,695.225,540.73,231.742,154.494,231.742,231.742,308.989,308.989,308.989
434,240,617.978,540.73,540.73,463.483,154.494,154.494,154.494,154.494,154.494,154.494,154.494
435,240,463.483,463.483,463.483,386.236,231.742,154.494,154.494,154.494,154.494,77.2472,77.2472
436,240,308.989,386.236,308.989,308.989,154.494,154.494,154.494,154.494,154.494,154.494,154.494
437,240,231.742,386.236,308.989,308.989,154.494,77.2472,154.494,154.494,77.2472,154.494,77.2472
438,240,231.742,308.989,231.742,231.742,154.494,154.494,154.494,77.2472,77.2472,77.2472,77.2472
398,241,231.742,231.742,154.494,154.494,540.73,540.73,463.483,386.236,308.989,308.989,231.742
399,241,231.742,386.236,463.483,386.236,463.483,308.989,386.236,308.989,231.742,308.989,463.483
401,241,386.236,849.719,1313.2,1235.96,463.483,386.236,463.483,540.73,617.978,231.742,154.494
402,241,617.978,926.966,772.472,772.472,231.742,154.494,231.742,308.989,386.236,154.494,308.989
403,241,617.978,1235.96,1467.7,1313.2,231.742,308.989,308.989,617.978,695.225,308.989,463.483
404,241,1390.45,1931.18,1313.2,1004.21,463.483,308.989,308.989,231.742,308.989,540.73,308.989
405,241,695.225,849.719,849.719,617.978,231.742,231.742,231.742,231.742,154.494,231.742,154.494
406,241,2471.91,2780.9,1853.93,1235.96,926.966,308.989,231.742,386.236,463.483,386.236,540.73
407,241,1004.21,1158.71,540.73,463.483,386.236,308.989,540.73,849.719,695.225,695.225,772.472
408,241,3321.63,2394.66,2008.43,1158.71,463.483,772.472,772.472,849.719,772.472,617.978,695.225
409,241,2394.66,4325.84,3476.12,2780.9,1081.46,617.978,540.73,617.978,617.978,308.989,386.236
410,241,1081.46,1699.44,1081.46,1004.21,617.978,386.236,463.483,617.978,617.978,695.225,926.966
411,241,1467.7,2394.66,3012.64,1622.19,1004.21,772.472,540.73,926.966,1004.21,772.472,1158.71
412,241,2858.15,5639.04,5948.03,4248.6,1390.45,1004.21,772.472,1390.45,926.966,1081.46,1004.21
413,241,3012.64,3476.12,3089.89,2162.92,1081.46,1158.71,926.966,2008.43,1158.71,1004.21,695.225
414,241,849.719,2549.16,2780.9,2240.17,1313.2,1931.18,1622.19,1313.2,1235.96,2394.66,1776.69
415,241,849.719,2085.67,2085.67,2626.4,4712.08,4712.08,3476.12,1931.18,2085.67,2471.91,2626.4
416,241,2471.91,4403.09,4634.83,3321.63,3707.87,3089.89,2626.4,2085.67,1622.19,1776.69,1544.94
417,241,2935.39,3244.38,1776.69,926.966,1235.96,1390.45,2008.43,2240.17,1390.45,1699.44,1081.46
418,241,926.966,926.966,695.225,617.978,1776.69,1622.19,1004.21,772.472,772.472,926.966,617.978
419,241,1004.21,772.472,849.719,695.225,1776.69,2085.67,1313.2,1313.2,617.978,1081.46,463.483
420,241,1004.21,1467.7,1390.45,926.966,1235.96,1544.94,1081.46,617.978,540.73,1467.7,695.225
421,241,1081.46,926.966,540.73,463.483,1931.18,2626.4,1931.18,1158.71,1004.21,2935.39,1544.94
422,241,617.978,1235.96,1081.46,1313.2,3321.63,3707.87,3630.62,2626.4,2162.92,4634.83,2780.9
423,241,849.719,1622.19,1081.46,1158.71,3939.61,3707.87,3707.87,2549.16,2858.15,4016.85,3476.12
424,241,849.719,2162.92,2240.17,2935.39,2858.15,3012.64,3321.63,3321.63,3244.38,3089.89,3167.13
425,241,1390.45,4634.83,4480.34,4248.6,3476.12,3012.64,3630.62,3707.87,3321.63,2858.15,2549.16
426,241,1544.94,3553.37,3707.87,3321.63,2085.67,1776.69,2162.92,2317.42,2858.15,2394.66,2626.4
427,241,2240.17,3553.37,4094.1,3476.12,1544.94,1390.45,1776.69,2162.92,2317.42,1699.44,1931.18
428,241,2549.16,3167.13,3167.13,2317.42,1235.96,926.966,1235.96,1081.46,1235.96,1004.21,849.719
429,241,2162.92,2162.92,2008.43,1853.93,540.73,463.483,540.73,772.472,926.966,617.978,849.719
430,241,2008.43,1931.18,1699.44,1390.45,540.73,463.483,540.73,695.225,772.472,540.73,617.978
431,241,1467.7,1158.71,1081.46,926.966,386.236,231.742,308.989,308.989,386.236,308.989,231.742
432,241,1235.96,926.966,849.719,695.225,308.989,231.742,308.989,386.236,386.236,231.742,231.742
433,241,772.472,772.472,695.225,617.978,231.742,154.494,231.742,308.989,308.989,308.989,308.989
434,241,540.73,540.73,463.483,463.483,231.742,154.494,154.494,231.742,154.494,154.494,154.494
435,241,386.236,463.483,463.483,386.236,231.742,154.494,154.494,231.742,154.494,154.494,154.494
438,241,231.742,308.989,231.742,231.742,154.494,154.494,154.494,77.2472,77.2472,154.494,154.494
397,242,231.742,231.742,154.494,154.494,231.742,386.236,308.989,231.742,231.742,308.989,308.989
398,242,231.742,308.989,231.742,231.742,463.483,386.236,308.989,308.989,231.742,308.989,154.494
399,242,231.742,540.73,617.978,617.978,308.989,308.989,308.989,231.742,231.742,308.989,463.483
400,242,308.989,540.73,463.483,540.73,308.989,463.483,386.236,540.73,695.225,386.236,463.483
401,242,463.483,1081.46,1390.45,1313.2,463.483,386.236,463.483,540.73,540.73,231.742,154.494
402,242,695.225,1004.21,695.225,540.73,308.989,154.494,231.742,308.989,308.989,154.494,231.742
403,242,772.472,1467.7,1544.94,1004.21,386.236,308.989,308.989,463.483,463.483,386.236,386.236
404,242,1390.45,1622.19,772.472,540.73,695.225,231.742,231.742,231.742,231.742,617.978,308.989
405,242,1004.21,1081.46,772.472,386.236,308.989,386.236,308.989,308.989,154.494,231.742,231.742
406,242,1622.19,1853.93,1235.96,1004.21,772.472,308.989,308.989,695.225,772.472,386.236,849.719
407,242,1467.7,926.966,617.978,386.236,386.236,617.978,849.719,1158.71,1081.46,463.483,695.225
408,242,2085.67,2780.9,3012.64,2162.92,926.966,617.978,540.73,617.978,463.483,386.236,540.73
409,242,1467.7,2085.67,1544.94,1390.45,926.966,772.472,849.719,1776.69,1004.21,772.472,772.472
410,242,3630.62,3553.37,3476.12,1313.2,463.483,386.236,695.225,1390.45,1390.45,1467.7,1622.19
411,242,3089.89,5407.3,4325.84,3244.38,540.73,463.483,849.719,1235.96,1158.71,1699.44,1235.96
412,242,1622.19,3785.11,3939.61,4325.84,1081.46,1235.96,2471.91,3089.89,2008.43,3167.13,1931.18
413,242,2935.39,5021.07,4171.35,3707.87,1776.69,1622.19,3321.63,3939.61,3012.64,2549.16,1544.94
414,242,1699.44,4016.85,4094.1,3012.64,1390.45,1622.19,1699.44,1081.46,1158.71,2317.42,1158.71
415,242,772.472,2394.66,2549.16,2549.16,2626.4,2780.9,1390.45,849.719,772.472,1776.69,1235.96
416,242,1853.93,4789.33,4480.34,4171.35,3012.64,2549.16,2935.39,3553.37,2240.17,4325.84,2240.17
417,242,1931.18,3476.12,2240.17,2008.43,2626.4,2471.91,3476.12,3476.12,3244.38,3012.64,2317.42
418,242,772.472,1313.2,1313.2,1467.7,1004.21,926.966,1390.45,2008.43,1931.18,1235.96,1313.2
419,242,1081.46,1776.69,2317.42,2085.67,1699.44,2394.66,2317.42,2317.42,1931.18,1390.45,772.472
420,242,849.719,2471.91,2394.66,1699.44,1004.21,1467.7,1158.71,617.978,617.978,1467.7,540.73
421,242,772.472,849.719,849.719,540.73,1467.7,2703.65,2162.92,1313.2,1004.21,3398.88,1776.69
422,242,617.978,772.472,695.225,772.472,3167.13,3939.61,3630.62,2471.91,2240.17,4248.6,2703.65
423,242,772.472,1467.7,1081.46,1004.21,3630.62,3398.88,3244.38,2317.42,2240.17,3167.13,2703.65
424,242,772.472,1622.19,1776.69,2240.17,3398.88,3012.64,3321.63,3476.12,3012.64,2549.16,2780.9
425,242,1004.21,3553.37,3785.11,4171.35,3785.11,3398.88,3707.87,3553.37,3553.37,2703.65,2858.15
426,242,1622.19,4248.6,4403.09,4248.6,2162.92,1776.69,1931.18,2471.91,3012.64,2162.92,2858.15
427,242,3167.13,5484.55,5639.04,4634.83,2008.43,1699.44,2085.67,2317.42,2471.91,1467.7,1931.18
428,242,3012.64,4634.83,4248.6,3398.88,1313.2,1081.46,1390.45,1081.46,1235.96,926.966,772.472
429,242,2549.16,2549.16,2549.16,2085.67,617.978,463.483,617.978,926.966,849.719,540.73,695.225
430,242,2394.66,2394.66,2317.42,1776.69,617.978,540.73,695.225,926.966,926.966,617.978,695.225
431,242,1544.94,1235.96,1081.46,1004.21,463.483,308.989,386.236,386.236,386.236,386.236,308.989
432,242,1158.71,1004.21,849.719,695.225,308.989,231.742,308.989,386.236,308.989,231.742,231.742
433,242,695.225,695.225,617.978,617.978,308.989,231.742,308.989,308.989,386.236,308.989,308.989
434,242,463.483,386.236,308.989,308.989,231.742,154.494,231.742,231.742,231.742,231.742,154.494
435,242,308.989,386.236,386.236,308.989,154.494,154.494,154.494,154.494,154.494,154.494,154.494
396,243,154.494,231.742,231.742,231.742,386.236,154.494,154.494,77.2472,77.2472,154.494,154.494
398,243,231.742,386.236,231.742,231.742,386.236,308.989,231.742,231.742,231.742,386.236,231.742
399,243,231.742,463.483,540.73,695.225,231.742,231.742,231.742,154.494,231.742,308.989,386.236
400,243,308.989,463.483,463.483,617.978,231.742,386.236,386.236,386.236,540.73,386.236,463.483
401,243,463.483,926.966,1081.46,1081.46,386.236,386.236,540.73,540.73,540.73,231.742,154.494
402,243,772.472,926.966,772.472,463.483,308.989,154.494,231.742,308.989,308.989,154.494,154.494
403,243,926.966,1235.96,1235.96,772.472,463.483,231.742,231.742,386.236,463.483,463.483,463.483
404,243,1081.46,1622.19,1004.21,695.225,463.483,231.742,231.742,308.989,386.236,849.719,617.978
405,243,1544.94,1235.96,772.472,463.483,308.989,386.236,386.236,386.236,308.989,308.989,308.989
406,243,1235.96,2008.43,2162.92,1699.44,463.483,308.989,463.483,849.719,1004.21,463.483,1081.46
407,243,1699.44,1776.69,1313.2,926.966,617.978,695.225,1004.21,1467.7,1313.2,540.73,540.73
408,243,1467.7,3707.87,4248.6,2858.15,617.978,463.483,540.73,926.966,695.225,540.73,695.225
409,243,1931.18,1931.18,1467.7,1235.96,926.966,1235.96,1853.93,3553.37,2626.4,1544.94,2085.67
410,243,4094.1,6875,5639.04,3553.37,849.719,926.966,2162.92,2780.9,2626.4,3012.64,2703.65
411,243,1699.44,3089.89,1853.93,1931.18,1622.19,1699.44,2935.39,2703.65,1853.93,2549.16,1776.69
412,243,2240.17,3630.62,3321.63,3321.63,3630.62,4480.34,4171.35,3089.89,3012.64,3476.12,3089.89
413,243,1776.69,5098.31,3707.87,3553.37,5484.55,5021.07,5330.06,3553.37,3785.11,3089.89,2471.91
414,243,849.719,3476.12,3321.63,3012.64,2549.16,1931.18,1853.93,1004.21,1081.46,2549.16,1081.46
415,243,540.73,1931.18,1776.69,1931.18,926.966,1544.94,1622.19,1467.7,1081.46,2394.66,2008.43
416,243,849.719,2858.15,2317.42,2471.91,3012.64,4634.83,6566.01,5098.31,4789.33,6566.01,5021.07
417,243,772.472,1931.18,1313.2,1235.96,3939.61,3553.37,4712.08,3167.13,3862.36,3012.64,2626.4
418,243,1081.46,1158.71,1081.46,1158.71,1776.69,1544.94,1467.7,1699.44,2008.43,1004.21,1313.2
419,243,1004.21,2162.92,2008.43,2935.39,2858.15,2703.65,1699.44,1158.71,1776.69,926.966,695.225
420,243,617.978,2240.17,2008.43,2240.17,1158.71,1390.45,1081.46,926.966,540.73,2008.43,849.719
421,243,1004.21,1622.19,2240.17,1776.69,2008.43,3321.63,2780.9,1699.44,1235.96,3321.63,1853.93
422,243,1544.94,2162.92,2085.67,1313.2,3244.38,3785.11,3012.64,1931.18,1853.93,2858.15,2240.17
423,243,695.225,1004.21,849.719,926.966,3167.13,3244.38,3089.89,2549.16,2162.92,3012.64,2394.66
424,243,695.225,1776.69,1931.18,2317.42,4016.85,3244.38,3476.12,3089.89,2858.15,2626.4,2394.66
425,243,695.225,3167.13,3321.63,3630.62,3553.37,3089.89,3089.89,2626.4,3089.89,2317.42,2471.91
426,243,1313.2,4094.1,4325.84,4557.58,2162.92,1390.45,1699.44,2394.66,2626.4,1622.19,2394.66
427,243,2549.16,5639.04,5716.29,5175.56,2471.91,2085.67,2162.92,2240.17,2394.66,1235.96,1699.44
428,243,3167.13,4403.09,4016.85,3476.12,1313.2,1158.71,1313.2,1004.21,1158.71,849.719,695.225
429,243,3398.88,3398.88,3244.38,2471.91,849.719,540.73,772.472,1158.71,1004.21,617.978,849.719
430,243,2935.39,2626.4,2394.66,2008.43,695.225,772.472,849.719,926.966,1081.46,695.225,849.719
431,243,1699.44,1158.71,1081.46,926.966,463.483,386.236,386.236,386.236,386.236,463.483,308.989
432,243,1235.96,926.966,926.966,695.225,308.989,308.989,308.989,386.236,386.236,154.494,231.742
433,243,617.978,540.73,540.73,540.73,308.989,231.742,308.989,308.989,386.236,308.989,308.989
434,243,463.483,386.236,308.989,308.989,231.742,154.494,154.494,154.494,231.742,308.989,231.742
435,243,308.989,386.236,308.989,308.989,154.494,154.494,154.494,154.494,154.494,154.494,154.494
398,244,231.742,308.989,231.742,231.742,231.742,231.742,231.742,231.742,231.742,386.236,231.742
399,244,308.989,386.236,386.236,540.73,154.494,308.989,308.989,154.494,154.494,308.989,308.989
400,244,463.483,463.483,386.236,463.483,154.494,386.236,386.236,386.236,463.483,386.236,463.483
401,244,540.73,695.225,772.472,772.472,386.236,540.73,617.978,617.978,617.978,231.742,231.742
402,244,926.966,926.966,695.225,463.483,308.989,154.494,308.989,463.483,308.989,154.494,154.494
403,244,1235.96,1004.21,849.719,540.73,308.989,231.742,231.742,463.483,463.483,386.236,695.225
404,244,1158.71,1853.93,1390.45,1004.21,231.742,308.989,308.989,695.225,849.719,1004.21,1081.46
405,244,1699.44,1313.2,1004.21,695.225,231.742,463.483,463.483,540.73,540.73,540.73,386.236
406,244,1544.94,2858.15,3476.12,2626.4,308.989,463.483,540.73,1004.21,1158.71,772.472,1622.19
407,244,1313.2,2394.66,1853.93,1544.94,772.472,1158.71,1622.19,2549.16,2162.92,1081.46,1004.21
408,244,1390.45,3939.61,3630.62,2471.91,695.225,617.978,926.966,1158.71,849.719,926.966,1004.21
409,244,849.719,1931.18,2471.91,2703.65,2085.67,2317.42,2780.9,3630.62,3012.64,1544.94,2394.66
410,244,2240.17,5252.81,3785.11,3862.36,3012.64,3630.62,4712.08,3321.63,3089.89,3244.38,2858.15
411,244,1313.2,2240.17,1853.93,1931.18,4403.09,4480.34,5252.81,3167.13,2240.17,2471.91,1467.7
412,244,1544.94,2549.16,1699.44,2162.92,4171.35,4248.6,2471.91,1158.71,1622.19,1467.7,1853.93
413,244,1313.2,2935.39,3862.36,3398.88,4712.08,4866.57,2549.16,2085.67,2240.17,1853.93,1931.18
414,244,1390.45,3398.88,4789.33,3862.36,2317.42,2008.43,2240.17,2780.9,1622.19,2394.66,1235.96
415,244,1004.21,1622.19,1390.45,1004.21,1313.2,2317.42,2240.17,1931.18,1313.2,1622.19,1931.18
416,244,695.225,1235.96,849.719,926.966,4712.08,8497.19,5948.03,2780.9,3862.36,3862.36,4325.84
417,244,540.73,1158.71,1158.71,1158.71,4480.34,4171.35,3553.37,1544.94,2240.17,1931.18,1544.94
418,244,926.966,1931.18,1699.44,1313.2,1699.44,1004.21,849.719,1081.46,1158.71,926.966,695.225
419,244,617.978,1158.71,926.966,1622.19,1467.7,1004.21,540.73,386.236,617.978,772.472,386.236
420,244,772.472,1004.21,1158.71,1776.69,1004.21,2240.17,2008.43,1622.19,1158.71,2549.16,1467.7
421,244,1158.71,2780.9,3476.12,3630.62,2549.16,3476.12,2394.66,1235.96,1313.2,1931.18,1313.2
422,244,1467.7,2935.39,2240.17,1776.69,2935.39,3089.89,2626.4,2008.43,1390.45,2549.16,2008.43
423,244,1390.45,1776.69,1158.71,1004.21,3630.62,3476.12,3630.62,3012.64,2626.4,3398.88,2703.65
424,244,926.966,1622.19,1622.19,2085.67,3939.61,3321.63,3089.89,2471.91,2549.16,2394.66,2162.92
425,244,849.719,3321.63,3167.13,3398.88,3089.89,2394.66,2471.91,2317.42,2162.92,1776.69,1853.93
426,244,1313.2,4171.35,4557.58,4789.33,2240.17,1467.7,1931.18,2394.66,2471.91,1544.94,2008.43
427,244,2008.43,4789.33,5021.07,4712.08,2394.66,1931.18,1776.69,1776.69,2162.92,1235.96,1467.7
428,244,3553.37,4634.83,4403.09,3398.88,1235.96,1004.21,1004.21,1158.71,1158.71,772.472,772.472
429,244,3707.87,4016.85,3707.87,2935.39,1004.21,772.472,926.966,1235.96,1313.2,772.472,1081.46
430,244,3089.89,2471.91,1931.18,1699.44,695.225,772.472,772.472,695.225,1081.46,772.472,849.719
431,244,2008.43,1235.96,1081.46,849.719,463.483,308.989,308.989,308.989,308.989,386.236,308.989
432,244,1313.2,926.966,849.719,772.472,231.742,308.989,308.989,386.236,386.236,231.742,308.989
433,244,772.472,540.73,540.73,386.236,308.989,231.742,231.742,231.742,386.236,308.989,386.236
434,244,463.483,386.236,386.236,231.742,154.494,154.494,154.494,154.494,231.742,231.742,231.742
435,244,308.989,386.236,308.989,308.989,154.494,154.494,77.2472,154.494,154.494,154.494,154.494
399,245,386.236,463.483,308.989,308.989,231.742,386.236,308.989,231.742,308.989,308.989,231.742
400,245,617.978,540.73,386.236,308.989,154.494,386.236,386.236,386.236,386.236,308.989,463.483
401,245,540.73,617.978,463.483,386.236,386.236,540.73,617.978,617.978,772.472,231.742,386.236
402,245,1004.21,1004.21,772.472,540.73,386.236,231.742,386.236,540.73,386.236,231.742,154.494
403,245,1081.46,926.966,540.73,386.236,231.742,231.742,231.742,463.483,463.483,308.989,617.978
404,245,1158.71,1699.44,1776.69,1390.45,386.236,386.236,386.236,1004.21,1004.21,926.966,1235.96
405,245,1390.45,1776.69,1544.94,1004.21,308.989,463.483,540.73,695.225,772.472,617.978,463.483
406,245,1544.94,3089.89,3398.88,2780.9,231.742,540.73,617.978,1235.96,1235.96,849.719,1931.18
407,245,849.719,2549.16,2240.17,2008.43,1313.2,2008.43,2471.91,3398.88,3244.38,1776.69,1853.93
408,245,1081.46,3244.38,3244.38,2780.9,1622.19,1081.46,1776.69,1467.7,1081.46,1622.19,1081.46
409,245,926.966,3321.63,4094.1,4634.83,3089.89,2935.39,2626.4,2317.42,1776.69,1467.7,1235.96
410,245,926.966,2085.67,1544.94,2085.67,6179.78,5484.55,3785.11,1467.7,1467.7,1467.7,1390.45
411,245,1235.96,2394.66,1776.69,1313.2,5561.8,5716.29,3244.38,1004.21,1158.71,1158.71,695.225
412,245,1158.71,2162.92,2008.43,1313.2,2858.15,1853.93,926.966,540.73,540.73,772.472,772.472
413,245,3167.13,8265.45,7801.97,7724.72,1699.44,1622.19,1467.7,2240.17,2085.67,2162.92,2471.91
414,245,1699.44,4866.57,5098.31,5870.79,4016.85,3398.88,4248.6,4325.84,3630.62,2935.39,2471.91
415,245,1390.45,1544.94,1081.46,1004.21,3553.37,2394.66,2549.16,1931.18,1622.19,1158.71,926.966
416,245,772.472,1313.2,1313.2,1390.45,2626.4,4557.58,1699.44,540.73,1004.21,1235.96,1390.45
417,245,772.472,1544.94,1544.94,1467.7,2394.66,1931.18,1158.71,772.472,695.225,1081.46,772.472
418,245,617.978,1313.2,1158.71,849.719,1467.7,772.472,1081.46,1081.46,926.966,849.719,540.73
419,245,695.225,1004.21,772.472,849.719,617.978,772.472,617.978,386.236,463.483,1081.46,540.73
420,245,1158.71,1158.71,1004.21,1544.94,1081.46,2626.4,1544.94,695.225,1235.96,1544.94,1235.96
421,245,926.966,2085.67,2162.92,2549.16,1622.19,2240.17,1622.19,926.966,695.225,1776.69,926.966
422,245,772.472,1081.46,849.719,772.472,3321.63,3321.63,3553.37,3244.38,2162.92,4016.85,2935.39
423,245,1313.2,1544.94,926.966,926.966,4171.35,3785.11,3553.37,3167.13,3089.89,3089.89,2858.15
424,245,1158.71,1776.69,1699.44,2317.42,3167.13,2549.16,2394.66,2471.91,2162.92,1622.19,1622.19
425,245,926.966,3244.38,3707.87,3939.61,3167.13,2317.42,2703.65,2780.9,2240.17,1776.69,1776.69
426,245,1544.94,4943.82,5639.04,5021.07,2394.66,1853.93,2162.92,2240.17,2471.91,1776.69,1931.18
427,245,2780.9,5561.8,5407.3,4403.09,1699.44,1467.7,1313.2,1235.96,1699.44,1158.71,1235.96
428,245,3939.61,5793.54,5098.31,4016.85,1004.21,772.472,772.472,1235.96,1235.96,695.225,926.966
429,245,3553.37,3553.37,3012.64,2780.9,1004.21,849.719,849.719,1158.71,1390.45,772.472,1158.71
430,245,3321.63,2471.91,1853.93,1313.2,617.978,540.73,540.73,463.483,849.719,695.225,772.472
431,245,2240.17,1544.94,1390.45,1004.21,308.989,231.742,231.742,308.989,308.989,231.742,231.742
432,245,1390.45,926.966,849.719,695.225,231.742,308.989,231.742,463.483,386.236,231.742,386.236
433,245,772.472,617.978,540.73,386.236,231.742,231.742,231.742,231.742,386.236,386.236,386.236
434,245,463.483,386.236,386.236,308.989,154.494,154.494,154.494,154.494,154.494,231.742,154.494
435,245,308.989,308.989,308.989,308.989,154.494,77.2472,154.494,154.494,154.494,77.2472,154.494
399,246,308.989,386.236,308.989,231.742,231.742,463.483,386.236,308.989,308.989,386.236,308.989
400,246,540.73,617.978,463.483,231.742,154.494,308.989,308.989,386.236,308.989,308.989,386.236
401,246,463.483,463.483,386.236,231.742,386.236,463.483,463.483,617.978,772.472,231.742,463.483
402,246,1004.21,1235.96,849.719,617.978,386.236,308.989,386.236,695.225,617.978,308.989,231.742
403,246,695.225,772.472,695.225,463.483,231.742,154.494,231.742,231.742,308.989,231.742,308.989
404,246,1544.94,2394.66,2394.66,2085.67,463.483,386.236,386.236,772.472,849.719,617.978,1004.21
405,246,849.719,2008.43,1853.93,1390.45,617.978,463.483,617.978,849.719,849.719,772.472,540.73
406,246,1390.45,2471.91,2858.15,2626.4,463.483,540.73,772.472,1081.46,772.472,617.978,1158.71
407,246,695.225,3321.63,3321.63,3012.64,2240.17,2471.91,2394.66,2240.17,2471.91,1235.96,1776.69
408,246,617.978,2162.92,1776.69,2162.92,3012.64,2317.42,2394.66,1313.2,1158.71,1390.45,1158.71
409,246,1158.71,3553.37,2935.39,3939.61,2703.65,2703.65,2317.42,1390.45,1081.46,1853.93,1004.21
410,246,1158.71,2317.42,2162.92,1622.19,5484.55,3398.88,2549.16,1622.19,772.472,1235.96,540.73
411,246,1158.71,2703.65,2008.43,1158.71,2240.17,2008.43,1004.21,1313.2,540.73,849.719,386.236
412,246,1158.71,2008.43,1235.96,1313.2,926.966,695.225,617.978,926.966,695.225,772.472,1004.21
413,246,1313.2,3707.87,2008.43,3321.63,1390.45,1776.69,1544.94,1235.96,1853.93,2240.17,2858.15
414,246,1467.7,2317.42,2085.67,2317.42,5252.81,4557.58,3244.38,2085.67,3012.64,3244.38,2935.39
415,246,1699.44,2858.15,2240.17,1390.45,3553.37,2162.92,1776.69,1004.21,1235.96,1622.19,695.225
416,246,695.225,1004.21,772.472,1158.71,849.719,1081.46,617.978,617.978,463.483,617.978,463.483
417,246,617.978,1081.46,926.966,772.472,1467.7,1235.96,1235.96,849.719,772.472,1081.46,926.966
418,246,849.719,1931.18,1776.69,772.472,1853.93,1235.96,1235.96,695.225,849.719,1467.7,617.978
419,246,695.225,926.966,540.73,540.73,540.73,926.966,463.483,308.989,308.989,1313.2,463.483
420,246,617.978,772.472,617.978,926.966,772.472,1622.19,1081.46,695.225,463.483,1313.2,617.978
421,246,540.73,1158.71,1158.71,1158.71,1699.44,2471.91,2780.9,2008.43,1390.45,3707.87,2240.17
422,246,849.719,695.225,386.236,463.483,4557.58,4248.6,4325.84,3476.12,3167.13,4171.35,3630.62
423,246,695.225,926.966,772.472,1158.71,3553.37,3089.89,3089.89,2858.15,2703.65,1931.18,2085.67
424,246,617.978,2085.67,2858.15,3630.62,3089.89,2085.67,2317.42,2935.39,2394.66,1622.19,1776.69
425,246,1004.21,4557.58,5948.03,5716.29,3553.37,2858.15,2780.9,2780.9,2858.15,2162.92,2240.17
426,246,2394.66,6875,7183.99,5793.54,2317.42,1931.18,1931.18,1699.44,2240.17,1776.69,1853.93
427,246,3167.13,6102.53,5330.06,4248.6,1467.7,926.966,1081.46,1235.96,1235.96,926.966,1004.21
428,246,4171.35,5252.81,4094.1,3707.87,926.966,695.225,849.719,1235.96,1313.2,695.225,1004.21
429,246,3707.87,3089.89,2317.42,1931.18,926.966,772.472,772.472,772.472,1235.96,695.225,1004.21
430,246,3476.12,2858.15,2317.42,1622.19,386.236,386.236,386.236,308.989,463.483,463.483,463.483
431,246,2085.67,1544.94,1313.2,1158.71,308.989,231.742,308.989,540.73,386.236,231.742,231.742
432,246,1313.2,926.966,772.472,617.978,308.989,308.989,386.236,386.236,540.73,386.236,463.483
433,246,772.472,617.978,540.73,463.483,231.742,154.494,231.742,154.494,308.989,308.989,386.236
434,246,463.483,540.73,463.483,386.236,154.494,154.494,154.494,154.494,154.494,154.494,154.494
435,246,308.989,386.236,308.989,308.989,154.494,77.2472,154.494,231.742,231.742,154.494,154.494
399,247,308.989,386.236,386.236,231.742,308.989,386.236,386.236,308.989,386.236,386.236,386.236
400,247,463.483,617.978,617.978,308.989,308.989,231.742,308.989,386.236,463.483,308.989,308.989
401,247,540.73,386.236,308.989,231.742,308.989,386.236,386.236,463.483,540.73,231.742,463.483
402,247,1158.71,1467.7,1158.71,772.472,386.236,308.989,386.236,772.472,772.472,308.989,386.236
403,247,617.978,849.719,849.719,695.225,308.989,231.742,308.989,308.989,231.742,386.236,231.742
404,247,1699.44,2626.4,2085.67,2008.43,231.742,231.742,231.742,463.483,540.73,308.989,695.225
405,247,772.472,2317.42,2240.17,1776.69,695.225,540.73,772.472,1081.46,1158.71,772.472,1004.21
406,247,1004.21,2008.43,2085.67,2240.17,772.472,849.719,1081.46,1235.96,926.966,926.966,772.472
407,247,1390.45,4943.82,4789.33,3939.61,2626.4,2085.67,1544.94,1390.45,1081.46,926.966,926.966
408,247,386.236,1235.96,1235.96,1313.2,3012.64,2471.91,1622.19,1158.71,1004.21,617.978,849.719
409,247,540.73,1004.21,772.472,1004.21,1544.94,2162.92,1390.45,1544.94,1313.2,1235.96,1467.7
410,247,1158.71,1467.7,1235.96,1467.7,3321.63,3012.64,2394.66,2471.91,2008.43,1776.69,1622.19
411,247,1081.46,2085.67,1931.18,2240.17,2549.16,1622.19,2549.16,2162.92,1390.45,2085.67,1081.46
412,247,772.472,1699.44,2162.92,1313.2,1313.2,1158.71,1931.18,1313.2,1004.21,1313.2,772.472
413,247,1158.71,2085.67,2240.17,1235.96,926.966,1390.45,1313.2,772.472,772.472,1158.71,1544.94
414,247,1699.44,2703.65,2858.15,3167.13,2085.67,2471.91,1313.2,1081.46,1235.96,2162.92,1853.93
415,247,1081.46,2780.9,2780.9,3167.13,2085.67,1853.93,1390.45,1544.94,849.719,1313.2,617.978
416,247,849.719,772.472,617.978,617.978,1081.46,849.719,1081.46,1313.2,926.966,926.966,617.978
417,247,617.978,926.966,1004.21,926.966,1235.96,1467.7,1235.96,772.472,849.719,1853.93,1081.46
418,247,695.225,2008.43,1699.44,1390.45,926.966,1004.21,617.978,463.483,463.483,1776.69,695.225
419,247,463.483,772.472,617.978,540.73,540.73,617.978,540.73,463.483,308.989,1004.21,386.236
420,247,386.236,540.73,540.73,540.73,1235.96,2085.67,1622.19,926.966,772.472,1853.93,1313.2
421,247,463.483,617.978,849.719,617.978,2626.4,3553.37,2858.15,1622.19,1931.18,3553.37,3012.64
422,247,540.73,849.719,695.225,540.73,4403.09,3862.36,3321.63,2549.16,2394.66,2394.66,2394.66
423,247,463.483,1313.2,1467.7,2317.42,3321.63,2394.66,2549.16,2780.9,2626.4,1699.44,2162.92
424,247,540.73,2858.15,3167.13,4403.09,3321.63,2008.43,2085.67,2549.16,3089.89,2085.67,2780.9
425,247,1158.71,5484.55,6488.76,6720.51,2471.91,2240.17,1931.18,2085.67,2858.15,1776.69,2240.17
426,247,2240.17,6952.25,6179.78,5484.55,2162.92,1467.7,1467.7,1467.7,1699.44,1235.96,1313.2
427,247,3321.63,5175.56,4634.83,3553.37,1390.45,926.966,1081.46,1235.96,1158.71,772.472,849.719
428,247,4557.58,5021.07,3707.87,2858.15,1004.21,772.472,849.719,1004.21,1390.45,772.472,1081.46
429,247,3939.61,3012.64,2162.92,1699.44,772.472,617.978,617.978,540.73,849.719,617.978,772.472
430,247,3012.64,2626.4,2162.92,1931.18,308.989,308.989,308.989,540.73,386.236,308.989,308.989
431,247,1853.93,1158.71,926.966,849.719,617.978,386.236,463.483,617.978,540.73,386.236,386.236
432,247,1158.71,849.719,617.978,540.73,463.483,386.236,463.483,308.989,540.73,463.483,463.483
433,247,617.978,540.73,540.73,463.483,154.494,154.494,154.494,231.742,231.742,231.742,231.742
434,247,386.236,463.483,463.483,386.236,231.742,154.494,231.742,231.742,154.494,154.494,154.494
435,247,308.989,308.989,308.989,308.989,154.494,154.494,231.742,231.742,231.742,231.742,231.742
399,248,308.989,386.236,308.989,308.989,231.742,386.236,386.236,308.989,386.236,386.236,463.483
400,248,308.989,540.73,540.73,386.236,308.989,308.989,386.236,463.483,540.73,308.989,231.742
401,248,540.73,695.225,463.483,231.742,231.742,308.989,308.989,308.989,386.236,154.494,308.989
402,248,1004.21,1158.71,1004.21,849.719,231.742,308.989,308.989,617.978,849.719,231.742,540.73
403,248,1081.46,1776.69,1699.44,1158.71,386.236,308.989,386.236,617.978,463.483,463.483,308.989
404,248,1004.21,1390.45,1004.21,1004.21,231.742,154.494,231.742,386.236,308.989,308.989,386.236
405,248,1390.45,2858.15,2858.15,2317.42,849.719,617.978,540.73,926.966,1004.21,386.236,1235.96
406,248,540.73,1544.94,1853.93,1622.19,1235.96,1081.46,1158.71,1699.44,1622.19,1004.21,1390.45
407,248,1235.96,3398.88,2703.65,2935.39,1622.19,1313.2,1390.45,1544.94,1158.71,1467.7,1004.21
408,248,849.719,2317.42,2162.92,2008.43,2240.17,1622.19,1313.2,1235.96,849.719,1004.21,617.978
409,248,540.73,1158.71,1544.94,1622.19,1544.94,1313.2,1544.94,1622.19,1235.96,772.472,1158.71
410,248,1544.94,2162.92,2394.66,1622.19,2085.67,2240.17,2085.67,2162.92,1931.18,1235.96,1622.19
411,248,1853.93,3012.64,2549.16,2394.66,2935.39,2626.4,2085.67,1313.2,1081.46,1699.44,1158.71
412,248,1081.46,3167.13,3012.64,2394.66,2162.92,2780.9,1776.69,540.73,540.73,1544.94,540.73
413,248,772.472,2162.92,1467.7,1313.2,1776.69,1931.18,1544.94,617.978,463.483,617.978,540.73
414,248,540.73,1081.46,926.966,1853.93,1390.45,1081.46,926.966,1004.21,695.225,772.472,849.719
415,248,849.719,1081.46,1158.71,1776.69,1853.93,1313.2,1467.7,1622.19,1235.96,1235.96,695.225
416,248,926.966,1390.45,1467.7,1081.46,1544.94,1776.69,2394.66,1622.19,1544.94,2240.17,1158.71
417,248,617.978,1004.21,1004.21,926.966,1004.21,1622.19,1622.19,1158.71,1004.21,2240.17,1004.21
418,248,617.978,1158.71,1158.71,926.966,772.472,540.73,695.225,772.472,463.483,1004.21,463.483
419,248,617.978,1081.46,926.966,695.225,926.966,695.225,617.978,386.236,463.483,617.978,463.483
420,248,386.236,1004.21,926.966,926.966,1081.46,1853.93,1004.21,540.73,617.978,1390.45,1313.2
421,248,386.236,926.966,849.719,617.978,1931.18,2394.66,1699.44,1313.2,1004.21,1699.44,1544.94
422,248,772.472,1158.71,772.472,695.225,3244.38,2780.9,2626.4,2394.66,2008.43,1853.93,1853.93
423,248,926.966,1622.19,1313.2,2008.43,3167.13,2008.43,2085.67,2240.17,2858.15,2240.17,2858.15
424,248,695.225,2394.66,2549.16,3321.63,2240.17,1622.19,1544.94,1931.18,2471.91,1622.19,2471.91
425,248,1467.7,5175.56,5870.79,5716.29,1390.45,1313.2,1235.96,1622.19,1853.93,926.966,1313.2
426,248,2317.42,6025.28,5561.8,4403.09,1931.18,1235.96,1313.2,1313.2,1313.2,849.719,849.719
427,248,4557.58,7029.49,6179.78,3939.61,1081.46,1004.21,1081.46,1081.46,1313.2,849.719,1004.21
428,248,4016.85,4712.08,3321.63,2780.9,1081.46,617.978,772.472,926.966,1081.46,695.225,1004.21
429,248,3862.36,2549.16,1776.69,1544.94,617.978,617.978,617.978,695.225,540.73,386.236,463.483
430,248,2626.4,2085.67,1776.69,1622.19,386.236,308.989,386.236,617.978,695.225,308.989,308.989
431,248,1776.69,926.966,772.472,540.73,772.472,617.978,617.978,540.73,617.978,463.483,540.73
432,248,1081.46,849.719,772.472,617.978,308.989,386.236,386.236,231.742,386.236,386.236,386.236
433,248,617.978,540.73,540.73,463.483,154.494,77.2472,154.494,308.989,231.742,154.494,154.494
434,248,463.483,463.483,463.483,386.236,308.989,231.742,308.989,308.989,231.742,154.494,231.742
435,248,386.236,386.236,308.989,231.742,154.494,231.742,231.742,154.494,308.989,231.742,231.742
399,249,308.989,386.236,308.989,231.742,154.494,386.236,308.989,231.742,231.742,308.989,386.236
400,249,386.236,308.989,308.989,308.989,308.989,386.236,386.236,386.236,463.483,231.742,308.989
401,249,695.225,926.966,849.719,540.73,308.989,231.742,308.989,386.236,308.989,231.742,154.494
402,249,617.978,617.978,540.73,463.483,231.742,231.742,231.742,231.742,463.483,154.494,463.483
403,249,1313.2,2240.17,2008.43,1622.19,386.236,308.989,386.236,617.978,772.472,463.483,695.225
404,249,695.225,1390.45,1390.45,849.719,308.989,231.742,463.483,695.225,540.73,540.73,308.989
405,249,1158.71,2317.42,2085.67,2240.17,463.483,386.236,386.236,540.73,540.73,308.989,617.978
406,249,1544.94,4094.1,4480.34,3398.88,1390.45,926.966,849.719,1544.94,1622.19,463.483,1467.7
407,249,695.225,2394.66,2780.9,2240.17,1699.44,1390.45,1699.44,2240.17,1853.93,1313.2,1544.94
408,249,849.719,1699.44,1622.19,1467.7,1235.96,1235.96,1390.45,1544.94,1081.46,1313.2,849.719
409,249,1081.46,1544.94,1622.19,1776.69,1699.44,1622.19,1158.71,1235.96,926.966,772.472,772.472
410,249,1313.2,2162.92,2780.9,3012.64,2626.4,2008.43,1776.69,1931.18,1776.69,1004.21,1390.45
411,249,1158.71,2549.16,2471.91,2162.92,2394.66,1931.18,2008.43,2317.42,1931.18,1467.7,1235.96
412,249,695.225,1313.2,1081.46,849.719,1390.45,1699.44,1313.2,1467.7,926.966,1467.7,617.978
413,249,1313.2,1622.19,1776.69,695.225,1390.45,1544.94,772.472,695.225,386.236,849.719,386.236
414,249,1776.69,2085.67,1313.2,772.472,1544.94,1313.2,1004.21,849.719,540.73,849.719,540.73
415,249,1158.71,1390.45,1622.19,1390.45,2085.67,2626.4,2085.67,1158.71,1313.2,1853.93,1390.45
416,249,540.73,1544.94,1544.94,1622.19,1931.18,3553.37,2626.4,1235.96,1622.19,2626.4,1853.93
417,249,540.73,1004.21,849.719,926.966,1467.7,1931.18,1931.18,1390.45,1158.71,1853.93,1004.21
418,249,849.719,1390.45,1699.44,1390.45,1390.45,926.966,1235.96,1004.21,772.472,1004.21,463.483
419,249,695.225,1467.7,1622.19,1853.93,695.225,695.225,695.225,926.966,540.73,849.719,540.73
420,249,463.483,1081.46,926.966,1235.96,926.966,926.966,1158.71,1467.7,772.472,1081.46,772.472
421,249,849.719,926.966,849.719,695.225,2085.67,2085.67,2394.66,1931.18,1467.7,1699.44,1390.45
422,249,772.472,1081.46,1158.71,1004.21,2549.16,2471.91,2394.66,2085.67,2317.42,2317.42,2471.91
423,249,849.719,1931.18,1699.44,2085.67,2394.66,1622.19,1776.69,2162.92,2317.42,1699.44,2317.42
424,249,926.966,2703.65,2935.39,3553.37,1544.94,1235.96,1390.45,1776.69,1853.93,849.719,1235.96
425,249,1931.18,5561.8,5948.03,5639.04,1313.2,1081.46,1158.71,1313.2,1390.45,695.225,695.225
426,249,3012.64,6257.02,5793.54,4634.83,1390.45,1235.96,1081.46,926.966,1235.96,849.719,849.719
427,249,4403.09,6643.26,5098.31,4094.1,1004.21,695.225,772.472,1004.21,1158.71,772.472,1004.21
428,249,4016.85,3244.38,2085.67,1931.18,1158.71,695.225,849.719,849.719,772.472,463.483,617.978
429,249,3707.87,2626.4,2008.43,1467.7,540.73,617.978,540.73,540.73,617.978,231.742,308.989
430,249,2471.91,1699.44,1622.19,1467.7,463.483,308.989,386.236,463.483,695.225,386.236,463.483
431,249,1699.44,1081.46,926.966,540.73,617.978,540.73,386.236,231.742,463.483,540.73,540.73
432,249,1004.21,926.966,772.472,617.978,154.494,231.742,154.494,154.494,154.494,231.742,231.742
433,249,617.978,540.73,540.73,463.483,308.989,154.494,231.742,386.236,231.742,154.494,154.494
434,249,386.236,463.483,463.483,386.236,308.989,308.989,308.989,231.742,308.989,231.742,231.742
435,249,308.989,386.236,231.742,231.742,154.494,154.494,154.494,154.494,231.742,231.742,231.742
399,250,308.989,308.989,231.742,231.742,154.494,308.989,308.989,231.742,231.742,231.742,231.742
400,250,617.978,386.236,308.989,231.742,308.989,308.989,308.989,308.989,386.236,231.742,308.989
401,250,772.472,849.719,695.225,617.978,308.989,231.742,231.742,386.236,386.236,231.742,154.494
402,250,849.719,1081.46,926.966,540.73,308.989,154.494,154.494,231.742,154.494,231.742,231.742
403,250,926.966,1235.96,1004.21,1158.71,231.742,154.494,231.742,308.989,617.978,308.989,695.225
404,250,1235.96,2858.15,2858.15,1931.18,463.483,463.483,540.73,1004.21,1004.21,617.978,695.225
405,250,695.225,1622.19,1544.94,1235.96,617.978,463.483,695.225,1004.21,617.978,463.483,308.989
406,250,1699.44,3862.36,2935.39,3089.89,617.978,540.73,386.236,617.978,772.472,231.742,926.966
407,250,1931.18,4403.09,4248.6,3630.62,1853.93,1467.7,1235.96,1931.18,2162.92,772.472,1776.69
408,250,1004.21,2317.42,2626.4,2317.42,2008.43,1467.7,1776.69,2471.91,2162.92,1313.2,1544.94
409,250,1081.46,1776.69,2008.43,1622.19,1158.71,1081.46,1313.2,1622.19,1235.96,1004.21,772.472
410,250,1313.2,2549.16,2780.9,2935.39,1853.93,1390.45,1158.71,1235.96,1158.71,772.472,1313.2
411,250,1004.21,2394.66,2703.65,2780.9,2471.91,2317.42,2085.67,1544.94,1931.18,1544.94,1931.18
412,250,1158.71,1544.94,1622.19,1390.45,2240.17,2394.66,3089.89,1931.18,2008.43,2085.67,1467.7
413,250,1313.2,1776.69,1776.69,1390.45,1313.2,1390.45,2394.66,1622.19,1158.71,1390.45,617.978
414,250,772.472,1622.19,1390.45,1235.96,926.966,926.966,1313.2,1467.7,849.719,849.719,540.73
415,250,772.472,1776.69,1235.96,1235.96,1158.71,1622.19,1158.71,1313.2,772.472,1081.46,926.966
416,250,540.73,1004.21,772.472,1004.21,2008.43,2394.66,2162.92,1776.69,849.719,1699.44,1313.2
417,250,772.472,1004.21,849.719,772.472,2780.9,2626.4,2935.39,2085.67,1235.96,1853.93,1081.46
418,250,1004.21,1467.7,1776.69,2008.43,1544.94,1776.69,1776.69,1544.94,1081.46,1467.7,849.719
419,250,1081.46,2008.43,2085.67,2240.17,1390.45,849.719,1235.96,1467.7,1081.46,1081.46,849.719
420,250,1081.46,1853.93,2162.92,1699.44,1931.18,1776.69,1931.18,1235.96,1313.2,1158.71,1158.71
421,250,1313.2,1544.94,1931.18,1776.69,1931.18,2549.16,1853.93,1235.96,1544.94,1544.94,1853.93
422,250,1235.96,1544.94,1544.94,1544.94,2240.17,1776.69,1622.19,1931.18,1776.69,1313.2,1931.18
423,250,772.472,1853.93,1699.44,2471.91,2549.16,1622.19,1776.69,1853.93,1776.69,772.472,1235.96
424,250,926.966,2549.16,2858.15,3630.62,1853.93,1390.45,1390.45,1081.46,1390.45,695.225,772.472
425,250,1699.44,4557.58,4557.58,4403.09,1390.45,1158.71,1004.21,617.978,926.966,695.225,772.472
426,250,2780.9,4557.58,3707.87,3244.38,926.966,772.472,695.225,695.225,926.966,695.225,926.966
427,250,4094.1,4248.6,2935.39,2240.17,1081.46,617.978,772.472,849.719,926.966,540.73,772.472
428,250,4403.09,3321.63,2162.92,1390.45,849.719,772.472,617.978,463.483,540.73,308.989,386.236
429,250,3167.13,2471.91,2085.67,1853.93,308.989,386.236,308.989,308.989,540.73,231.742,386.236
430,250,2162.92,1390.45,1158.71,1081.46,386.236,308.989,231.742,308.989,463.483,386.236,463.483
431,250,1313.2,1158.71,1004.21,617.978,308.989,308.989,308.989,231.742,231.742,308.989,386.236
432,250,772.472,695.225,617.978,617.978,154.494,154.494,154.494,231.742,231.742,154.494,154.494
433,250,540.73,540.73,463.483,386.236,308.989,308.989,308.989,231.742,308.989,154.494,154.494
434,250,386.236,463.483,463.483,386.236,154.494,231.742,154.494,154.494,231.742,231.742,231.742
398,251,308.989,231.742,154.494,154.494,154.494,308.989,231.742,231.742,154.494,154.494,154.494
399,251,308.989,231.742,154.494,154.494,231.742,231.742,231.742,231.742,154.494,154.494,154.494
400,251,463.483,540.73,308.989,231.742,231.742,231.742,231.742,231.742,231.742,231.742,231.742
401,251,617.978,463.483,386.236,386.236,308.989,154.494,154.494,308.989,386.236,308.989,308.989
402,251,926.966,1313.2,1158.71,1004.21,308.989,154.494,231.742,308.989,308.989,308.989,154.494
403,251,926.966,1235.96,849.719,540.73,154.494,231.742,231.742,231.742,231.742,231.742,386.236
404,251,1235.96,2317.42,2008.43,1853.93,308.989,386.236,386.236,540.73,926.966,308.989,926.966
405,251,1853.93,3630.62,3244.38,2394.66,772.472,695.225,772.472,1313.2,1235.96,540.73,695.225
406,251,1313.2,2471.91,2394.66,1622.19,617.978,308.989,540.73,1004.21,540.73,386.236,386.236
407,251,2008.43,3167.13,2549.16,2471.91,695.225,617.978,463.483,772.472,926.966,386.236,1004.21
408,251,1467.7,3167.13,3398.88,3012.64,1853.93,1390.45,1158.71,1544.94,1853.93,695.225,1467.7
409,251,540.73,1699.44,2162.92,2317.42,1776.69,1390.45,1390.45,1390.45,1544.94,1004.21,1081.46
410,251,926.966,2394.66,2240.17,2317.42,1467.7,1081.46,1158.71,1081.46,926.966,926.966,540.73
411,251,1699.44,2626.4,2008.43,2008.43,2008.43,1699.44,1158.71,926.966,695.225,617.978,772.472
412,251,1776.69,1699.44,1081.46,1004.21,2549.16,3167.13,1467.7,695.225,849.719,849.719,1004.21
413,251,849.719,926.966,772.472,772.472,2394.66,3244.38,1931.18,1004.21,1235.96,1158.71,1158.71
414,251,463.483,772.472,772.472,926.966,1776.69,2162.92,2240.17,1467.7,1699.44,1699.44,1313.2
415,251,540.73,926.966,772.472,540.73,1931.18,2317.42,2626.4,1699.44,1853.93,2626.4,1467.7
416,251,540.73,695.225,695.225,695.225,3707.87,3785.11,3398.88,1931.18,1931.18,3012.64,1699.44
417,251,540.73,926.966,849.719,772.472,3244.38,3630.62,2780.9,1776.69,1776.69,2394.66,1622.19
418,251,540.73,1776.69,1544.94,1853.93,2008.43,1776.69,1544.94,1467.7,1313.2,1235.96,1081.46
419,251,849.719,2085.67,2008.43,2085.67,1853.93,1313.2,1081.46,849.719,1004.21,695.225,849.719
420,251,1313.2,3785.11,3785.11,3244.38,1158.71,1544.94,772.472,772.472,772.472,772.472,926.966
421,251,1544.94,3321.63,2935.39,2240.17,1390.45,1158.71,1004.21,1235.96,926.966,772.472,1081.46
422,251,1776.69,2394.66,1931.18,1467.7,2240.17,1390.45,1390.45,1158.71,1313.2,772.472,1081.46
423,251,1158.71,1622.19,1544.94,1931.18,1776.69,1467.7,1004.21,772.472,1158.71,772.472,926.966
424,251,1158.71,2317.42,2317.42,2703.65,1390.45,1004.21,695.225,695.225,772.472,695.225,695.225
425,251,1544.94,3553.37,3012.64,2703.65,1004.21,772.472,540.73,540.73,695.225,540.73,617.978
426,251,2162.92,3012.64,2471.91,1853.93,695.225,540.73,540.73,540.73,772.472,540.73,695.225
427,251,3476.12,3476.12,2240.17,1544.94,772.472,617.978,540.73,463.483,617.978,386.236,463.483
428,251,3167.13,2549.16,1544.94,1544.94,386.236,463.483,308.989,231.742,386.236,231.742,308.989
429,251,2317.42,1313.2,1081.46,1313.2,308.989,154.494,154.494,463.483,386.236,231.742,386.236
430,251,1699.44,1158.71,926.966,695.225,463.483,386.236,386.236,386.236,308.989,308.989,308.989
431,251,926.966,926.966,772.472,617.978,231.742,231.742,308.989,154.494,231.742,231.742,154.494
432,251,695.225,540.73,386.236,463.483,154.494,154.494,231.742,231.742,231.742,154.494,154.494
433,251,463.483,540.73,463.483,386.236,231.742,231.742,231.742,154.494,231.742,231.742,231.742
434,251,308.989,386.236,308.989,308.989,154.494,154.494,154.494,154.494,154.494,231.742,231.742
399,252,386.236,308.989,154.494,154.494,231.742,231.742,231.742,154.494,154.494,154.494,154.494
400,252,386.236,386.236,231.742,231.742,231.742,154.494,231.742,231.742,154.494,231.742,154.494
401,252,617.978,540.73,463.483,308.989,231.742,231.742,231.742,308.989,308.989,308.989,308.989
402,252,695.225,695.225,617.978,695.225,231.742,231.742,308.989,463.483,463.483,231.742,308.989
403,252,926.966,1853.93,1622.19,926.966,308.989,231.742,308.989,386.236,308.989,231.742,154.494
404,252,1081.46,1313.2,1004.21,772.472,154.494,231.742,154.494,231.742,308.989,154.494,540.73
405,252,1931.18,3089.89,2162.92,2008.43,386.236,463.483,308.989,540.73,1158.71,308.989,926.966
406,252,2085.67,3630.62,3630.62,2780.9,695.225,540.73,695.225,1158.71,1313.2,540.73,617.978
407,252,1467.7,2549.16,2317.42,1776.69,540.73,386.236,695.225,1235.96,772.472,540.73,463.483
408,252,1699.44,3553.37,3553.37,3012.64,926.966,695.225,617.978,772.472,772.472,463.483,617.978
409,252,1235.96,3244.38,3244.38,2549.16,1467.7,1081.46,849.719,849.719,772.472,386.236,1004.21
410,252,617.978,2008.43,2008.43,1776.69,1467.7,1081.46,926.966,849.719,1004.21,1235.96,1313.2
411,252,1313.2,2626.4,1931.18,1622.19,1544.94,1467.7,1544.94,1467.7,1390.45,1776.69,1081.46
412,252,1544.94,1853.93,1235.96,1004.21,1853.93,1158.71,1622.19,1544.94,1004.21,1390.45,617.978
413,252,1004.21,1081.46,1004.21,849.719,1313.2,1158.71,1004.21,926.966,617.978,926.966,617.978
414,252,463.483,1081.46,1390.45,926.966,1390.45,1776.69,1081.46,926.966,772.472,926.966,1313.2
415,252,617.978,1390.45,1158.71,772.472,1699.44,2317.42,1544.94,1544.94,1235.96,1544.94,1931.18
416,252,540.73,926.966,772.472,849.719,1931.18,2549.16,1853.93,2162.92,1390.45,1699.44,2008.43
417,252,463.483,695.225,695.225,1004.21,2240.17,1931.18,2085.67,2240.17,1390.45,1235.96,1390.45
418,252,772.472,1004.21,926.966,849.719,2162.92,1390.45,1622.19,1390.45,1158.71,849.719,849.719
419,252,1004.21,1544.94,1622.19,1622.19,1004.21,772.472,849.719,1235.96,926.966,772.472,772.472
420,252,1158.71,3089.89,2703.65,2858.15,1313.2,772.472,1235.96,1699.44,1235.96,849.719,926.966
421,252,1544.94,2549.16,2008.43,1776.69,1853.93,1235.96,1544.94,1235.96,1390.45,926.966,1081.46
422,252,2085.67,2858.15,2317.42,1853.93,1004.21,1004.21,772.472,926.966,1004.21,926.966,1004.21
423,252,1776.69,2471.91,2394.66,2162.92,849.719,540.73,617.978,1313.2,772.472,695.225,772.472
424,252,1544.94,2549.16,2549.16,2471.91,1081.46,617.978,849.719,926.966,849.719,463.483,540.73
425,252,1313.2,2549.16,2085.67,2008.43,617.978,540.73,617.978,463.483,772.472,463.483,540.73
426,252,1699.44,2317.42,1931.18,1390.45,540.73,463.483,386.236,463.483,463.483,463.483,463.483
427,252,2162.92,2162.92,1313.2,1158.71,463.483,386.236,386.236,386.236,308.989,308.989,231.742
428,252,1853.93,1081.46,617.978,849.719,308.989,154.494,154.494,463.483,308.989,231.742,231.742
429,252,1853.93,926.966,695.225,617.978,463.483,308.989,463.483,540.73,463.483,231.742,308.989
430,252,1158.71,1004.21,926.966,617.978,386.236,463.483,463.483,231.742,308.989,308.989,231.742
431,252,695.225,463.483,386.236,463.483,231.742,154.494,154.494,154.494,154.494,231.742,154.494
432,252,540.73,386.236,386.236,308.989,154.494,154.494,154.494,308.989,231.742,231.742,154.494
433,252,386.236,463.483,386.236,386.236,154.494,154.494,154.494,231.742,231.742,231.742,231.742
435,252,308.989,308.989,308.989,231.742,154.494,154.494,154.494,154.494,77.2472,77.2472,77.2472
399,253,231.742,231.742,154.494,154.494,154.494,231.742,231.742,154.494,154.494,231.742,154.494
400,253,463.483,386.236,231.742,154.494,154.494,231.742,308.989,308.989,231.742,154.494,154.494
401,253,463.483,386.236,386.236,308.989,231.742,231.742,308.989,308.989,231.742,231.742,231.742
402,253,772.472,695.225,463.483,231.742,386.236,308.989,308.989,386.236,386.236,231.742,308.989
403,253,926.966,1004.21,849.719,772.472,386.236,231.742,231.742,308.989,463.483,308.989,308.989
404,253,1622.19,2240.17,1699.44,1158.71,308.989,154.494,154.494,308.989,308.989,231.742,154.494
405,253,1622.19,1931.18,1467.7,926.966,154.494,231.742,231.742,308.989,308.989,231.742,540.73
406,253,2240.17,3012.64,2317.42,2240.17,231.742,386.236,308.989,386.236,926.966,231.742,849.719
407,253,1853.93,3012.64,2935.39,2085.67,617.978,617.978,695.225,1081.46,1235.96,463.483,772.472
408,253,1004.21,2626.4,2549.16,2626.4,1004.21,463.483,617.978,849.719,772.472,772.472,617.978
409,253,1622.19,4866.57,4171.35,3089.89,926.966,695.225,617.978,617.978,540.73,463.483,308.989
410,253,1081.46,2703.65,2085.67,1931.18,1235.96,695.225,540.73,540.73,463.483,463.483,1004.21
411,253,849.719,1931.18,1776.69,1853.93,1390.45,1544.94,1158.71,1158.71,1313.2,1313.2,1931.18
412,253,1235.96,1622.19,1313.2,1390.45,2240.17,2317.42,2162.92,2471.91,2085.67,2008.43,1931.18
413,253,849.719,1235.96,1158.71,1467.7,2008.43,1544.94,1853.93,2240.17,1622.19,1853.93,1313.2
414,253,386.236,1081.46,1004.21,1390.45,1158.71,1313.2,1467.7,1467.7,1235.96,1544.94,1004.21
415,253,308.989,772.472,772.472,1004.21,2240.17,2008.43,2317.42,2085.67,1544.94,1313.2,926.966
416,253,386.236,926.966,926.966,1390.45,3862.36,2780.9,3167.13,2626.4,2085.67,1235.96,1158.71
417,253,540.73,1235.96,1931.18,1467.7,3476.12,2780.9,2626.4,1853.93,1931.18,1004.21,1081.46
418,253,849.719,1853.93,2935.39,2162.92,1776.69,1544.94,1235.96,1081.46,1390.45,849.719,1004.21
419,253,1158.71,2471.91,2780.9,2626.4,1081.46,849.719,1004.21,1390.45,1390.45,772.472,1158.71
420,253,1235.96,2549.16,2549.16,2162.92,2008.43,1622.19,1544.94,1235.96,1544.94,849.719,1235.96
421,253,1544.94,2703.65,2703.65,2008.43,1235.96,1390.45,1004.21,849.719,1081.46,695.225,1081.46
422,253,2240.17,3167.13,2780.9,2394.66,849.719,540.73,695.225,1467.7,1081.46,540.73,849.719
423,253,2471.91,2935.39,2549.16,2626.4,1544.94,926.966,1235.96,1390.45,1313.2,463.483,695.225
424,253,1544.94,2394.66,2085.67,2085.67,926.966,1081.46,926.966,463.483,926.966,463.483,540.73
425,253,1313.2,1853.93,1699.44,1467.7,386.236,463.483,386.236,386.236,386.236,386.236,386.236
426,253,1931.18,2008.43,1622.19,1158.71,617.978,386.236,463.483,617.978,308.989,231.742,231.742
427,253,1467.7,1313.2,772.472,695.225,463.483,308.989,386.236,386.236,386.236,231.742,231.742
428,253,1467.7,772.472,540.73,463.483,308.989,231.742,231.742,308.989,540.73,231.742,386.236
429,253,1313.2,1081.46,1004.21,695.225,231.742,463.483,386.236,231.742,463.483,308.989,386.236
430,253,772.472,695.225,617.978,540.73,154.494,308.989,231.742,77.2472,231.742,308.989,154.494
431,253,617.978,463.483,386.236,231.742,231.742,77.2472,154.494,231.742,154.494,154.494,154.494
432,253,463.483,463.483,386.236,308.989,154.494,154.494,231.742,308.989,231.742,154.494,231.742
433,253,308.989,386.236,386.236,308.989,154.494,154.494,154.494,154.494,231.742,154.494,154.494
435,253,308.989,308.989,231.742,231.742,77.2472,77.2472,154.494,77.2472,77.2472,77.2472,77.2472
400,254,308.989,231.742,231.742,154.494,154.494,386.236,386.236,308.989,231.742,154.494,154.494
401,254,463.483,386.236,231.742,231.742,231.742,308.989,308.989,231.742,231.742,154.494,154.494
402,254,540.73,617.978,540.73,386.236,386.236,308.989,308.989,308.989,231.742,231.742,231.742
403,254,1081.46,926.966,540.73,308.989,386.236,154.494,231.742,154.494,231.742,308.989,308.989
404,254,1390.45,1544.94,1004.21,926.966,231.742,154.494,154.494,231.742,463.483,308.989,308.989
405,254,2085.67,2471.91,1853.93,1235.96,77.2472,231.742,231.742,463.483,386.236,231.742,154.494
406,254,1544.94,1931.18,1467.7,1235.96,231.742,231.742,231.742,308.989,231.742,77.2472,308.989
407,254,2085.67,3707.87,3244.38,2240.17,231.742,308.989,231.742,308.989,695.225,154.494,540.73
408,254,1776.69,3398.88,2858.15,2085.67,695.225,386.236,386.236,540.73,695.225,463.483,849.719
409,254,1235.96,3321.63,2935.39,2471.91,772.472,463.483,463.483,617.978,617.978,849.719,772.472
410,254,1235.96,2703.65,2085.67,1467.7,695.225,540.73,540.73,695.225,463.483,540.73,308.989
411,254,1313.2,2240.17,1776.69,1622.19,772.472,617.978,386.236,463.483,540.73,386.236,695.225
412,254,1776.69,2703.65,2549.16,2085.67,1699.44,1544.94,1004.21,1004.21,1544.94,463.483,1390.45
413,254,1004.21,2471.91,3167.13,2703.65,2471.91,1699.44,1544.94,1776.69,1931.18,772.472,1544.94
414,254,617.978,2240.17,3244.38,2471.91,1776.69,1467.7,1467.7,1699.44,1467.7,1158.71,1544.94
415,254,617.978,1390.45,2162.92,1313.2,1622.19,1853.93,1313.2,1313.2,1235.96,1158.71,1313.2
416,254,617.978,1081.46,1313.2,1467.7,2085.67,2162.92,1081.46,1081.46,1081.46,849.719,1004.21
417,254,540.73,2471.91,2858.15,3398.88,1699.44,1467.7,772.472,849.719,772.472,386.236,772.472
418,254,695.225,2162.92,2008.43,2858.15,1081.46,617.978,540.73,772.472,695.225,231.742,695.225
419,254,1544.94,2085.67,1931.18,1776.69,1158.71,695.225,617.978,617.978,849.719,308.989,695.225
420,254,1931.18,2935.39,2549.16,2240.17,1004.21,1158.71,540.73,386.236,617.978,308.989,540.73
421,254,1931.18,2240.17,1699.44,1931.18,695.225,540.73,386.236,463.483,617.978,231.742,540.73
422,254,2703.65,2703.65,1853.93,1699.44,926.966,617.978,617.978,617.978,1081.46,308.989,695.225
423,254,2317.42,2780.9,2240.17,2008.43,849.719,1081.46,617.978,386.236,926.966,463.483,695.225
424,254,1931.18,1931.18,1699.44,1544.94,463.483,617.978,231.742,308.989,308.989,308.989,386.236
425,254,2240.17,2317.42,2008.43,1390.45,386.236,231.742,308.989,463.483,308.989,154.494,154.494
426,254,1776.69,2317.42,1390.45,1081.46,386.236,386.236,386.236,386.236,540.73,308.989,308.989
427,254,1081.46,849.719,540.73,540.73,308.989,231.742,231.742,231.742,463.483,386.236,463.483
428,254,1313.2,1004.21,849.719,695.225,154.494,231.742,154.494,231.742,308.989,308.989,386.236
429,254,695.225,926.966,772.472,695.225,154.494,231.742,154.494,154.494,154.494,231.742,231.742
430,254,540.73,463.483,386.236,308.989,308.989,154.494,154.494,154.494,77.2472,154.494,77.2472
431,254,540.73,540.73,463.483,308.989,231.742,154.494,231.742,231.742,231.742,77.2472,154.494
432,254,386.236,463.483,386.236,386.236,154.494,154.494,154.494,154.494,308.989,154.494,231.742
400,255,308.989,231.742,154.494,154.494,154.494,386.236,308.989,231.742,231.742,154.494,77.2472
401,255,386.236,386.236,308.989,154.494,308.989,386.236,386.236,231.742,154.494,154.494,154.494
402,255,695.225,540.73,231.742,231.742,308.989,154.494,154.494,154.494,154.494,154.494,154.494
403,255,926.966,926.966,695.225,386.236,231.742,154.494,154.494,77.2472,154.494,308.989,231.742
404,255,1467.7,1004.21,463.483,308.989,154.494,231.742,154.494,154.494,231.742,308.989,386.236
405,255,1622.19,1699.44,1235.96,926.966,77.2472,308.989,231.742,231.742,463.483,231.742,308.989
406,255,2008.43,2240.17,1622.19,1004.21,154.494,231.742,231.742,386.236,386.236,154.494,154.494
407,255,1390.45,2162.92,1699.44,1622.19,231.742,154.494,154.494,308.989,231.742,231.742,154.494
408,255,1853.93,3321.63,2471.91,1931.18,231.742,154.494,154.494,231.742,231.742,154.494,386.236
409,255,1776.69,3553.37,2549.16,2008.43,386.236,386.236,308.989,386.236,463.483,463.483,772.472
410,255,1313.2,2394.66,1853.93,1390.45,617.978,617.978,695.225,926.966,849.719,695.225,695.225
411,255,772.472,1467.7,1158.71,1158.71,695.225,386.236,849.719,1390.45,695.225,540.73,463.483
412,255,849.719,2394.66,1776.69,1853.93,617.978,386.236,540.73,1235.96,617.978,463.483,695.225
413,255,1004.21,2162.92,2008.43,2626.4,1081.46,772.472,617.978,1158.71,1158.71,463.483,1004.21
414,255,1081.46,2317.42,2549.16,3707.87,1622.19,1158.71,1004.21,1467.7,1544.94,617.978,926.966
415,255,1004.21,2626.4,2858.15,3089.89,1776.69,1235.96,1390.45,1699.44,1390.45,617.978,772.472
416,255,772.472,1622.19,1699.44,1931.18,1622.19,1004.21,1390.45,1467.7,1158.71,540.73,463.483
417,255,463.483,1544.94,1158.71,1313.2,1235.96,695.225,926.966,926.966,1004.21,540.73,463.483
418,255,772.472,1544.94,2085.67,1467.7,772.472,463.483,463.483,617.978,849.719,463.483,463.483
419,255,1313.2,3321.63,3553.37,2394.66,463.483,308.989,231.742,463.483,463.483,308.989,308.989
420,255,1313.2,2471.91,1622.19,1467.7,463.483,231.742,231.742,386.236,308.989,154.494,231.742
421,255,1313.2,1313.2,926.966,695.225,463.483,231.742,231.742,308.989,463.483,231.742,386.236
422,255,1776.69,2008.43,1931.18,1467.7,308.989,308.989,231.742,308.989,463.483,231.742,463.483
423,255,1931.18,2085.67,1544.94,1544.94,308.989,231.742,231.742,463.483,231.742,231.742,231.742
424,255,1931.18,1776.69,1313.2,1081.46,386.236,231.742,308.989,463.483,308.989,154.494,154.494
425,255,1390.45,1931.18,1390.45,1158.71,231.742,308.989,308.989,308.989,540.73,231.742,308.989
426,255,1158.71,1081.46,695.225,617.978,308.989,231.742,154.494,231.742,386.236,386.236,463.483
427,255,1544.94,926.966,617.978,463.483,308.989,154.494,154.494,308.989,231.742,308.989,386.236
428,255,695.225,849.719,695.225,695.225,231.742,154.494,231.742,231.742,154.494,154.494,231.742
429,255,463.483,463.483,386.236,386.236,308.989,231.742,231.742,77.2472,154.494,154.494,154.494
430,255,463.483,540.73,386.236,231.742,231.742,154.494,154.494,154.494,154.494,154.494,154.494
431,255,386.236,463.483,386.236,386.236,77.2472,154.494,154.494,154.494,231.742,154.494,231.742
401,256,386.236,308.989,154.494,154.494,231.742,308.989,231.742,231.742,154.494,231.742,154.494
402,256,617.978,463.483,308.989,154.494,308.989,154.494,154.494,77.2472,154.494,231.742,154.494
403,256,926.966,617.978,308.989,231.742,154.494,77.2472,154.494,77.2472,154.494,231.742,231.742
404,256,1235.96,1004.21,540.73,231.742,154.494,77.2472,77.2472,154.494,231.742,231.742,231.742
405,256,1390.45,849.719,463.483,386.236,77.2472,231.742,154.494,77.2472,231.742,154.494,308.989
406,256,1699.44,1776.69,1235.96,1004.21,77.2472,154.494,154.494,154.494,386.236,154.494,231.742
407,256,1931.18,2394.66,1699.44,1004.21,154.494,154.494,154.494,231.742,308.989,231.742,308.989
408,256,1467.7,2008.43,1313.2,1004.21,154.494,154.494,154.494,308.989,308.989,231.742,154.494
409,256,1235.96,1776.69,1235.96,1235.96,231.742,154.494,154.494,308.989,231.742,154.494,308.989
410,256,1390.45,2471.91,2162.92,1544.94,308.989,463.483,308.989,386.236,695.225,308.989,695.225
411,256,1467.7,2549.16,2317.42,1390.45,617.978,772.472,617.978,695.225,1390.45,463.483,772.472
412,256,1158.71,2240.17,2780.9,2240.17,695.225,695.225,772.472,1004.21,1313.2,386.236,617.978
413,256,1467.7,4016.85,4557.58,2780.9,772.472,463.483,617.978,772.472,926.966,308.989,617.978
414,256,1853.93,3707.87,3630.62,2780.9,926.966,540.73,386.236,540.73,772.472,308.989,772.472
415,256,1235.96,3398.88,3476.12,2780.9,1235.96,926.966,540.73,463.483,926.966,463.483,849.719
416,256,1081.46,2935.39,2626.4,2240.17,1235.96,926.966,463.483,540.73,1004.21,463.483,1004.21
417,256,849.719,1853.93,2394.66,2549.16,695.225,540.73,386.236,772.472,849.719,540.73,926.966
418,256,1081.46,2317.42,2858.15,3398.88,617.978,308.989,386.236,849.719,617.978,386.236,617.978
419,256,1467.7,2394.66,2008.43,2240.17,772.472,308.989,463.483,540.73,463.483,231.742,386.236
420,256,1158.71,1313.2,926.966,695.225,695.225,308.989,463.483,308.989,386.236,231.742,308.989
421,256,1390.45,1235.96,1081.46,926.966,231.742,231.742,231.742,308.989,386.236,308.989,308.989
422,256,1622.19,1544.94,1081.46,1313.2,231.742,154.494,308.989,463.483,386.236,231.742,231.742
423,256,1235.96,1313.2,849.719,772.472,540.73,308.989,386.236,463.483,463.483,154.494,231.742
424,256,1081.46,1158.71,849.719,695.225,386.236,386.236,386.236,308.989,540.73,308.989,308.989
425,256,1235.96,1004.21,617.978,540.73,231.742,231.742,154.494,154.494,386.236,386.236,386.236
426,256,1313.2,1158.71,695.225,308.989,386.236,154.494,231.742,231.742,154.494,231.742,231.742
427,256,772.472,1004.21,695.225,463.483,308.989,231.742,231.742,231.742,231.742,154.494,154.494
428,256,540.73,540.73,308.989,386.236,154.494,231.742,154.494,77.2472,231.742,154.494,154.494
429,256,463.483,386.236,386.236,231.742,231.742,154.494,77.2472,154.494,154.494,231.742,154.494
430,256,386.236,463.483,386.236,308.989,77.2472,154.494,154.494,154.494,154.494,231.742,231.742
402,257,463.483,308.989,154.494,154.494,154.494,154.494,154.494,154.494,77.2472,231.742,154.494
403,257,772.472,386.236,231.742,154.494,154.494,154.494,154.494,154.494,154.494,231.742,231.742
404,257,926.966,463.483,231.742,231.742,154.494,154.494,154.494,154.494,154.494,154.494,154.494
405,257,1235.96,849.719,463.483,308.989,77.2472,77.2472,77.2472,77.2472,154.494,77.2472,154.494
406,257,1235.96,1004.21,617.978,463.483,154.494,154.494,77.2472,154.494,154.494,154.494,154.494
407,257,1390.45,1390.45,849.719,772.472,77.2472,77.2472,77.2472,154.494,154.494,231.742,308.989
408,257,1544.94,1699.44,1235.96,926.966,77.2472,154.494,154.494,154.494,308.989,231.742,308.989
409,257,1235.96,1622.19,1390.45,695.225,77.2472,154.494,154.494,231.742,386.236,154.494,154.494
410,257,926.966,1235.96,926.966,849.719,154.494,154.494,154.494,308.989,231.742,154.494,386.236
411,257,926.966,1776.69,1467.7,1390.45,308.989,308.989,231.742,386.236,386.236,231.742,695.225
412,257,1544.94,2703.65,1776.69,1931.18,463.483,386.236,231.742,463.483,695.225,308.989,695.225
413,257,1467.7,2858.15,2317.42,2780.9,695.225,308.989,231.742,617.978,617.978,231.742,386.236
414,257,1390.45,3012.64,2549.16,2394.66,540.73,154.494,231.742,540.73,386.236,154.494,231.742
415,257,1390.45,2240.17,2085.67,2162.92,386.236,154.494,231.742,463.483,308.989,154.494,231.742
416,257,849.719,1931.18,1853.93,1853.93,463.483,154.494,231.742,540.73,463.483,231.742,308.989
417,257,772.472,2008.43,1544.94,1699.44,695.225,308.989,386.236,540.73,540.73,154.494,308.989
418,257,1081.46,2317.42,1699.44,1390.45,1004.21,540.73,617.978,386.236,386.236,154.494,231.742
419,257,1158.71,2162.92,1467.7,926.966,849.719,540.73,463.483,231.742,231.742,154.494,154.494
420,257,1235.96,1390.45,1081.46,772.472,386.236,463.483,231.742,154.494,231.742,154.494,231.742
421,257,1313.2,1313.2,1004.21,772.472,231.742,154.494,154.494,231.742,308.989,231.742,231.742
422,257,926.966,1158.71,926.966,617.978,463.483,308.989,308.989,308.989,386.236,231.742,308.989
423,257,1004.21,772.472,695.225,540.73,386.236,463.483,308.989,154.494,386.236,308.989,308.989
424,257,1158.71,926.966,695.225,463.483,154.494,308.989,154.494,154.494,231.742,231.742,308.989
425,257,926.966,1158.71,849.719,386.236,231.742,154.494,154.494,154.494,154.494,154.494,231.742
426,257,617.978,926.966,772.472,540.73,231.742,231.742,231.742,154.494,154.494,154.494,77.2472
427,257,695.225,617.978,463.483,386.236,154.494,231.742,154.494,154.494,231.742,231.742,154.494
428,257,617.978,540.73,386.236,231.742,154.494,154.494,154.494,154.494,154.494,308.989,231.742
429,257,463.483,695.225,540.73,308.989,154.494,154.494,154.494,231.742,154.494,231.742,231.742
430,257,231.742,386.236,231.742,308.989,77.2472,77.2472,154.494,154.494,154.494,154.494,154.494
403,258,463.483,308.989,154.494,154.494,154.494,154.494,77.2472,77.2472,154.494,231.742,231.742
404,258,617.978,308.989,154.494,154.494,154.494,154.494,77.2472,77.2472,154.494,154.494,154.494
405,258,695.225,386.236,231.742,231.742,154.494,77.2472,77.2472,154.494,154.494,154.494,77.2472
406,258,1004.21,772.472,463.483,308.989,77.2472,77.2472,77.2472,77.2472,154.494,77.2472,77.2472
407,258,1081.46,772.472,463.483,308.989,77.2472,77.2472,77.2472,154.494,154.494,77.2472,154.494
408,258,849.719,695.225,463.483,617.978,154.494,77.2472,154.494,231.742,154.494,154.494,231.742
409,258,926.966,1081.46,1004.21,1004.21,154.494,154.494,154.494,231.742,231.742,231.742,231.742
410,258,1235.96,1776.69,1544.94,849.719,154.494,154.494,154.494,154.494,386.236,231.742,231.742
411,258,1235.96,1467.7,1158.71,849.719,154.494,154.494,154.494,231.742,386.236,154.494,154.494
412,258,1081.46,2162.92,1931.18,1081.46,308.989,231.742,231.742,308.989,386.236,154.494,231.742
413,258,1931.18,2626.4,2008.43,1158.71,617.978,231.742,308.989,386.236,386.236,154.494,386.236
414,258,2394.66,2935.39,2549.16,1931.18,617.978,231.742,308.989,386.236,540.73,231.742,386.236
415,258,1931.18,3630.62,3089.89,2085.67,386.236,154.494,231.742,231.742,540.73,308.989,386.236
416,258,1544.94,2780.9,2471.91,1699.44,231.742,154.494,154.494,231.742,463.483,308.989,386.236
417,258,1313.2,2008.43,1853.93,1235.96,231.742,308.989,231.742,386.236,308.989,231.742,231.742
418,258,1235.96,1622.19,1467.7,1081.46,386.236,463.483,308.989,463.483,154.494,154.494,154.494
419,258,1081.46,1313.2,926.966,772.472,308.989,386.236,308.989,386.236,154.494,154.494,154.494
420,258,1004.21,1004.21,540.73,463.483,308.989,231.742,308.989,308.989,154.494,154.494,154.494
421,258,772.472,617.978,463.483,463.483,308.989,231.742,231.742,231.742,231.742,154.494,154.494
422,258,695.225,540.73,386.236,463.483,231.742,231.742,154.494,154.494,154.494,154.494,154.494
423,258,772.472,849.719,540.73,386.236,154.494,154.494,154.494,154.494,154.494,154.494,154.494
424,258,695.225,849.719,617.978,386.236,154.494,154.494,231.742,231.742,154.494,77.2472,77.2472
425,258,463.483,540.73,540.73,463.483,231.742,154.494,231.742,231.742,154.494,154.494,77.2472
426,258,617.978,540.73,386.236,386.236,154.494,154.494,154.494,154.494,231.742,154.494,154.494
427,258,540.73,695.225,540.73,231.742,154.494,77.2472,154.494,154.494,154.494,231.742,231.742
428,258,463.483,849.719,772.472,386.236,154.494,231.742,231.742,154.494,154.494,154.494,154.494
429,258,231.742,463.483,386.236,386.236,154.494,154.494,154.494,154.494,154.494,77.2472,77.2472
404,259,386.236,231.742,154.494,77.2472,154.494,77.2472,77.2472,77.2472,77.2472,154.494,154.494
405,259,540.73,308.989,154.494,154.494,154.494,77.2472,77.2472,77.2472,77.2472,154.494,154.494
406,259,695.225,386.236,231.742,231.742,154.494,77.2472,77.2472,77.2472,154.494,154.494,154.494
407,259,617.978,617.978,308.989,386.236,154.494,77.2472,77.2472,77.2472,154.494,154.494,77.2472
408,259,772.472,540.73,386.236,386.236,154.494,154.494,154.494,154.494,231.742,154.494,154.494
409,259,695.225,540.73,386.236,386.236,231.742,231.742,231.742,308.989,154.494,154.494,231.742
410,259,617.978,695.225,463.483,463.483,231.742,154.494,231.742,308.989,154.494,231.742,308.989
411,259,1081.46,1467.7,772.472,617.978,231.742,154.494,231.742,308.989,231.742,231.742,231.742
412,259,1467.7,1544.94,926.966,926.966,308.989,231.742,231.742,231.742,231.742,154.494,154.494
413,259,1544.94,1776.69,1313.2,1004.21,463.483,386.236,231.742,231.742,154.494,154.494,154.494
414,259,1467.7,1853.93,1081.46,1004.21,386.236,308.989,231.742,154.494,154.494,231.742,231.742
415,259,1158.71,1390.45,849.719,1081.46,231.742,231.742,154.494,77.2472,154.494,308.989,308.989
416,259,1081.46,1467.7,926.966,1081.46,154.494,154.494,154.494,231.742,154.494,308.989,231.742
417,259,1313.2,2008.43,1390.45,1158.71,386.236,231.742,386.236,540.73,308.989,154.494,154.494
418,259,1313.2,1699.44,1158.71,849.719,617.978,386.236,695.225,617.978,386.236,154.494,154.494
419,259,849.719,926.966,617.978,386.236,617.978,540.73,695.225,463.483,386.236,154.494,154.494
420,259,849.719,617.978,386.236,231.742,386.236,463.483,463.483,231.742,231.742,154.494,154.494
421,259,772.472,463.483,308.989,231.742,154.494,231.742,154.494,154.494,154.494,154.494,154.494
422,259,540.73,617.978,463.483,308.989,154.494,154.494,154.494,231.742,77.2472,154.494,77.2472
423,259,386.236,540.73,463.483,308.989,231.742,154.494,231.742,386.236,231.742,154.494,77.2472
424,259,386.236,386.236,308.989,308.989,308.989,308.989,308.989,231.742,308.989,154.494,154.494
425,259,463.483,386.236,308.989,231.742,154.494,231.742,154.494,154.494,231.742,231.742,154.494
426,259,386.236,540.73,540.73,231.742,154.494,154.494,154.494,77.2472,154.494,231.742,154.494
427,259,308.989,695.225,695.225,540.73,154.494,154.494,154.494,77.2472,154.494,77.2472,77.2472
428,259,231.742,540.73,463.483,386.236,154.494,154.494,154.494,77.2472,154.494,77.2472,77.2472
404,260,308.989,308.989,154.494,154.494,154.494,77.2472,77.2472,77.2472,154.494,154.494,77.2472
405,260,308.989,231.742,231.742,154.494,231.742,77.2472,154.494,154.494,77.2472,77.2472,77.2472
406,260,386.236,386.236,231.742,231.742,308.989,77.2472,154.494,154.494,77.2472,154.494,154.494
407,260,463.483,386.236,154.494,308.989,154.494,77.2472,154.494,154.494,77.2472,231.742,231.742
408,260,386.236,308.989,308.989,308.989,154.494,154.494,154.494,154.494,154.494,231.742,154.494
409,260,463.483,463.483,386.236,231.742,154.494,308.989,154.494,154.494,231.742,154.494,77.2472
410,260,772.472,695.225,308.989,231.742,231.742,308.989,308.989,231.742,154.494,154.494,154.494
411,260,926.966,695.225,463.483,308.989,386.236,386.236,463.483,308.989,231.742,231.742,154.494
412,260,1004.21,926.966,540.73,308.989,540.73,386.236,463.483,386.236,154.494,154.494,77.2472
413,260,1390.45,1004.21,540.73,308.989,540.73,308.989,386.236,308.989,154.494,154.494,77.2472
414,260,1467.7,1158.71,772.472,463.483,463.483,154.494,231.742,231.742,154.494,77.2472,77.2472
415,260,1544.94,1622.19,1081.46,540.73,386.236,154.494,154.494,154.494,154.494,77.2472,77.2472
416,260,1467.7,1467.7,849.719,386.236,386.236,308.989,308.989,231.742,231.742,154.494,154.494
417,260,1158.71,849.719,463.483,308.989,386.236,617.978,540.73,308.989,386.236,231.742,154.494
418,260,926.966,617.978,386.236,231.742,463.483,849.719,695.225,386.236,386.236,231.742,231.742
419,260,772.472,617.978,386.236,231.742,386.236,695.225,463.483,231.742,308.989,308.989,231.742
420,260,695.225,695.225,463.483,231.742,154.494,308.989,231.742,154.494,154.494,154.494,154.494
421,260,463.483,463.483,386.236,231.742,77.2472,154.494,154.494,231.742,154.494,77.2472,154.494
422,260,386.236,386.236,308.989,308.989,154.494,154.494,231.742,308.989,308.989,154.494,154.494
423,260,308.989,308.989,308.989,231.742,231.742,308.989,231.742,231.742,308.989,231.742,231.742
424,260,386.236,308.989,308.989,154.494,154.494,231.742,154.494,154.494,231.742,308.989,231.742
405,261,231.742,386.236,308.989,231.742,231.742,154.494,154.494,77.2472,154.494,154.494,77.2472
406,261,308.989,386.236,308.989,231.742,231.742,154.494,77.2472,77.2472,154.494,154.494,77.2472
407,261,231.742,308.989,231.742,231.742,231.742,154.494,154.494,154.494,154.494,77.2472,77.2472
408,261,231.742,308.989,231.742,308.989,154.494,154.494,231.742,231.742,154.494,154.494,154.494
409,261,386.236,386.236,308.989,231.742,154.494,154.494,231.742,154.494,154.494,231.742,154.494
410,261,386.236,386.236,231.742,154.494,154.494,231.742,154.494,154.494,154.494,154.494,154.494
411,261,617.978,540.73,231.742,231.742,154.494,386.236,231.742,154.494,231.742,154.494,154.494
412,261,849.719,540.73,231.742,231.742,308.989,540.73,308.989,231.742,231.742,231.742,154.494
413,261,926.966,617.978,308.989,231.742,308.989,540.73,386.236,231.742,231.742,154.494,154.494
414,261,849.719,540.73,231.742,231.742,308.989,308.989,231.742,154.494,231.742,154.494,154.494
415,261,772.472,540.73,308.989,386.236,231.742,154.494,154.494,77.2472,154.494,154.494,154.494
416,261,695.225,617.978,308.989,308.989,154.494,154.494,154.494,154.494,154.494,231.742,154.494
417,261,695.225,540.73,308.989,154.494,231.742,308.989,231.742,231.742,231.742,231.742,231.742
418,261,617.978,463.483,386.236,231.742,231.742,386.236,308.989,308.989,231.742,154.494,231.742
419,261,463.483,386.236,540.73,308.989,231.742,308.989,308.989,308.989,231.742,154.494,154.494
420,261,386.236,463.483,463.483,308.989,154.494,231.742,231.742,231.742,154.494,77.2472,77.2472
421,261,386.236,308.989,386.236,231.742,154.494,154.494,154.494,154.494,231.742,77.2472,154.494
405,262,231.742,386.236,231.742,231.742,308.989,77.2472,77.2472,154.494,77.2472,77.2472,154.494
407,262,231.742,386.236,308.989,308.989,154.494,154.494,77.2472,77.2472,154.494,231.742,77.2472
409,262,231.742,308.989,231.742,231.742,231.742,231.742,231.742,154.494,154.494,154.494,154.494
410,262,308.989,386.236,231.742,231.742,231.742,308.989,231.742,308.989,154.494,154.494,154.494
411,262,463.483,308.989,231.742,231.742,231.742,308.989,308.989,308.989,154.494,154.494,154.494
412,262,540.73,308.989,231.742,231.742,231.742,308.989,386.236,308.989,154.494,154.494,154.494
413,262,540.73,386.236,154.494,154.494,308.989,308.989,308.989,231.742,154.494,154.494,231.742
414,262,617.978,386.236,231.742,154.494,386.236,154.494,231.742,154.494,154.494,154.494,154.494
415,262,695.225,540.73,308.989,231.742,463.483,154.494,231.742,231.742,154.494,154.494,154.494
416,262,617.978,463.483,231.742,154.494,386.236,231.742,308.989,231.742,154.494,154.494,77.2472
417,262,540.73,231.742,231.742,231.742,386.236,308.989,386.236,308.989,231.742,77.2472,77.2472
418,262,463.483,308.989,308.989,386.236,231.742,386.236,386.236,308.989,308.989,154.494,154.494
419,262,308.989,231.742,386.236,386.236,231.742,386.236,308.989,231.742,386.236,231.742,154.494
420,262,308.989,308.989,308.989,308.989,154.494,231.742,154.494,154.494,231.742,231.742,154.494
412,263,308.989,231.742,231.742,231.742,154.494,386.236,231.742,154.494,231.742,154.494,77.2472
413,263,386.236,308.989,231.742,231.742,231.742,308.989,231.742,154.494,231.742,77.2472,77.2472
414,263,463.483,386.236,308.989,231.742,231.742,231.742,231.742,154.494,154.494,77.2472,77.2472
415,263,386.236,463.483,386.236,231.742,231.742,231.742,154.494,77.2472,154.494,77.2472,77.2472
