46,438,231.742,308.989,386.236,386.236,231.742,386.236,308.989,231.742,386.236,463.483,463.483
47,438,231.742,308.989,231.742,308.989,231.742,386.236,463.483,231.742,308.989,463.483,386.236
48,438,231.742,231.742,231.742,231.742,308.989,231.742,463.483,463.483,308.989,386.236,231.742
32,439,154.494,231.742,154.494,154.494,308.989,772.472,617.978,386.236,231.742,308.989,231.742
43,439,308.989,463.483,463.483,540.73,154.494,154.494,386.236,463.483,463.483,308.989,308.989
48,439,231.742,308.989,463.483,540.73,231.742,463.483,308.989,231.742,308.989,540.73,463.483
54,439,231.742,231.742,154.494,231.742,154.494,231.742,308.989,231.742,308.989,231.742,231.742
58,439,231.742,231.742,154.494,231.742,154.494,231.742,231.742,231.742,154.494,308.989,231.742
31,440,154.494,231.742,231.742,231.742,540.73,617.978,386.236,231.742,231.742,154.494,154.494
32,440,154.494,231.742,231.742,231.742,695.225,695.225,695.225,463.483,308.989,231.742,231.742
41,440,308.989,386.236,231.742,154.494,154.494,308.989,308.989,231.742,154.494,463.483,154.494
42,440,386.236,463.483,463.483,308.989,154.494,308.989,308.989,231.742,231.742,772.472,386.236
43,440,540.73,463.483,926.966,617.978,231.742,463.483,308.989,386.236,463.483,926.966,617.978
44,440,540.73,540.73,1004.21,926.966,231.742,540.73,386.236,308.989,540.73,926.966,695.225
45,440,463.483,617.978,617.978,772.472,308.989,540.73,540.73,308.989,463.483,926.966,617.978
46,440,386.236,617.978,386.236,386.236,463.483,308.989,617.978,540.73,463.483,695.225,463.483
30,441,154.494,231.742,308.989,231.742,463.483,308.989,231.742,154.494,231.742,154.494,154.494
31,441,154.494,231.742,308.989,308.989,772.472,463.483,308.989,231.742,231.742,154.494,154.494
32,441,154.494,231.742,231.742,231.742,772.472,849.719,695.225,540.73,308.989,154.494,231.742
33,441,231.742,231.742,231.742,231.742,772.472,1235.96,1004.21,617.978,386.236,231.742,231.742
34,441,231.742,386.236,308.989,231.742,540.73,926.966,1081.46,617.978,386.236,231.742,231.742
40,441,386.236,386.236,463.483,308.989,231.742,308.989,231.742,154.494,231.742,154.494,154.494
41,441,617.978,695.225,772.472,617.978,231.742,231.742,308.989,463.483,308.989,308.989,231.742
42,441,695.225,1004.21,849.719,926.966,386.236,231.742,386.236,695.225,695.225,386.236,540.73
43,441,617.978,849.719,617.978,617.978,617.978,231.742,463.483,1004.21,926.966,308.989,695.225
46,441,695.225,695.225,1081.46,1081.46,231.742,617.978,463.483,386.236,695.225,1081.46,926.966
47,441,540.73,695.225,617.978,772.472,308.989,386.236,695.225,540.73,463.483,849.719,695.225
48,441,386.236,617.978,463.483,540.73,386.236,231.742,540.73,617.978,540.73,540.73,463.483
52,441,231.742,386.236,308.989,463.483,154.494,308.989,308.989,386.236,463.483,463.483,463.483
55,441,231.742,231.742,308.989,386.236,231.742,386.236,231.742,154.494,308.989,386.236,386.236
30,442,154.494,231.742,231.742,231.742,463.483,154.494,154.494,154.494,231.742,308.989,231.742
31,442,154.494,308.989,231.742,231.742,695.225,308.989,231.742,231.742,231.742,154.494,231.742
32,442,231.742,231.742,463.483,463.483,1313.2,695.225,386.236,308.989,308.989,77.2472,231.742
33,442,308.989,308.989,540.73,695.225,1544.94,926.966,463.483,231.742,231.742,77.2472,154.494
34,442,463.483,463.483,308.989,386.236,1004.21,772.472,386.236,308.989,231.742,77.2472,154.494
35,442,386.236,695.225,463.483,386.236,463.483,540.73,540.73,540.73,386.236,231.742,308.989
36,442,231.742,463.483,386.236,386.236,463.483,308.989,386.236,540.73,617.978,231.742,386.236
38,442,308.989,386.236,617.978,463.483,231.742,154.494,308.989,231.742,154.494,154.494,77.2472
39,442,308.989,463.483,617.978,386.236,386.236,154.494,231.742,231.742,154.494,231.742,154.494
40,442,463.483,695.225,463.483,231.742,308.989,463.483,540.73,308.989,154.494,231.742,154.494
41,442,849.719,849.719,1004.21,540.73,231.742,540.73,1004.21,695.225,386.236,231.742,231.742
42,442,1004.21,849.719,2008.43,1390.45,231.742,617.978,926.966,617.978,540.73,540.73,231.742
43,442,926.966,1004.21,2085.67,2008.43,386.236,617.978,849.719,540.73,386.236,849.719,308.989
44,442,772.472,1158.71,1081.46,1390.45,695.225,463.483,1081.46,772.472,463.483,849.719,386.236
45,442,695.225,926.966,695.225,617.978,849.719,308.989,926.966,1235.96,772.472,540.73,540.73
46,442,772.472,695.225,1158.71,695.225,695.225,463.483,463.483,1081.46,1158.71,540.73,772.472
47,442,772.472,695.225,1544.94,1081.46,386.236,617.978,386.236,695.225,1004.21,772.472,849.719
48,442,617.978,695.225,1467.7,1235.96,386.236,463.483,463.483,695.225,849.719,1004.21,849.719
49,442,540.73,849.719,849.719,1004.21,308.989,463.483,386.236,463.483,772.472,1004.21,849.719
50,442,386.236,617.978,540.73,463.483,308.989,463.483,386.236,463.483,540.73,772.472,695.225
52,442,308.989,386.236,695.225,695.225,231.742,308.989,231.742,308.989,617.978,617.978,617.978
53,442,231.742,386.236,308.989,463.483,308.989,386.236,463.483,463.483,386.236,463.483,463.483
56,442,231.742,308.989,308.989,308.989,154.494,386.236,231.742,154.494,231.742,308.989,308.989
31,443,154.494,463.483,772.472,617.978,695.225,154.494,154.494,154.494,231.742,308.989,308.989
32,443,231.742,540.73,1390.45,1390.45,1235.96,231.742,154.494,154.494,231.742,231.742,231.742
33,443,231.742,386.236,1081.46,1390.45,1235.96,231.742,154.494,231.742,154.494,154.494,154.494
34,443,231.742,540.73,1158.71,1081.46,926.966,231.742,154.494,308.989,231.742,77.2472,154.494
35,443,231.742,386.236,1776.69,1467.7,617.978,308.989,231.742,231.742,308.989,154.494,154.494
36,443,463.483,386.236,1004.21,1081.46,308.989,231.742,231.742,154.494,231.742,154.494,154.494
37,443,849.719,849.719,386.236,308.989,154.494,308.989,231.742,154.494,154.494,154.494,77.2472
38,443,849.719,772.472,463.483,308.989,154.494,308.989,308.989,154.494,154.494,154.494,77.2472
39,443,617.978,695.225,308.989,308.989,308.989,308.989,154.494,231.742,231.742,231.742,231.742
40,443,1004.21,1390.45,540.73,386.236,463.483,849.719,386.236,463.483,540.73,540.73,617.978
41,443,1081.46,2162.92,772.472,695.225,540.73,1081.46,540.73,386.236,617.978,772.472,772.472
42,443,926.966,1931.18,849.719,617.978,695.225,772.472,386.236,695.225,540.73,1467.7,926.966
44,443,1158.71,926.966,1622.19,1313.2,386.236,1081.46,772.472,1544.94,1699.44,1853.93,1853.93
45,443,1158.71,1235.96,1313.2,1390.45,386.236,849.719,1158.71,849.719,1081.46,1313.2,1081.46
46,443,1081.46,1544.94,1467.7,1390.45,617.978,386.236,1081.46,772.472,617.978,695.225,463.483
47,443,926.966,1467.7,1313.2,1313.2,540.73,386.236,849.719,849.719,617.978,386.236,308.989
48,443,849.719,849.719,1467.7,849.719,695.225,386.236,926.966,1158.71,849.719,617.978,540.73
49,443,772.472,772.472,1931.18,1313.2,695.225,231.742,772.472,1004.21,1081.46,1004.21,926.966
50,443,540.73,772.472,1081.46,1390.45,231.742,308.989,463.483,695.225,772.472,926.966,849.719
53,443,231.742,386.236,463.483,617.978,231.742,463.483,308.989,386.236,695.225,849.719,772.472
54,443,308.989,386.236,308.989,386.236,231.742,308.989,463.483,540.73,540.73,386.236,386.236
30,444,308.989,849.719,617.978,463.483,231.742,154.494,231.742,308.989,386.236,617.978,463.483
31,444,308.989,1313.2,1081.46,926.966,386.236,77.2472,154.494,231.742,386.236,695.225,617.978
32,444,386.236,1158.71,1313.2,1235.96,386.236,77.2472,77.2472,154.494,308.989,540.73,463.483
33,444,617.978,1313.2,1390.45,1390.45,308.989,77.2472,154.494,231.742,231.742,231.742,308.989
34,444,617.978,1776.69,1390.45,1390.45,308.989,77.2472,154.494,231.742,231.742,154.494,231.742
35,444,308.989,926.966,1004.21,926.966,308.989,231.742,154.494,154.494,231.742,154.494,154.494
36,444,540.73,386.236,926.966,695.225,154.494,231.742,154.494,231.742,231.742,308.989,154.494
37,444,617.978,540.73,1004.21,849.719,463.483,231.742,154.494,386.236,386.236,540.73,308.989
38,444,463.483,386.236,617.978,540.73,308.989,154.494,231.742,231.742,308.989,463.483,308.989
39,444,463.483,695.225,617.978,308.989,617.978,154.494,386.236,617.978,386.236,154.494,231.742
40,444,1004.21,926.966,1699.44,926.966,1158.71,386.236,308.989,1235.96,1235.96,386.236,772.472
41,444,1158.71,1235.96,2394.66,1853.93,926.966,540.73,849.719,849.719,1158.71,540.73,849.719
42,444,1081.46,1699.44,2471.91,2394.66,849.719,772.472,2240.17,1699.44,926.966,772.472,695.225
43,444,926.966,1544.94,1622.19,1853.93,1467.7,695.225,2549.16,2780.9,1776.69,849.719,1004.21
44,444,926.966,1390.45,1004.21,849.719,1544.94,849.719,1544.94,2162.92,2162.92,695.225,1158.71
45,444,1158.71,1622.19,1158.71,926.966,695.225,1158.71,772.472,849.719,1313.2,849.719,849.719
46,444,1699.44,1622.19,2162.92,1390.45,540.73,1081.46,695.225,386.236,617.978,1081.46,695.225
47,444,1699.44,2008.43,2858.15,2394.66,540.73,1004.21,926.966,308.989,386.236,849.719,463.483
48,444,1081.46,1776.69,1313.2,1776.69,386.236,1081.46,1004.21,540.73,308.989,540.73,308.989
49,444,926.966,926.966,1390.45,849.719,617.978,849.719,1081.46,695.225,617.978,617.978,463.483
50,444,772.472,695.225,1853.93,1622.19,386.236,463.483,926.966,617.978,617.978,849.719,695.225
51,444,463.483,617.978,926.966,1235.96,308.989,386.236,1004.21,1158.71,772.472,695.225,617.978
25,445,154.494,231.742,154.494,154.494,308.989,231.742,231.742,77.2472,154.494,231.742,77.2472
26,445,154.494,231.742,154.494,154.494,308.989,308.989,308.989,154.494,154.494,231.742,77.2472
27,445,154.494,308.989,231.742,231.742,308.989,308.989,386.236,231.742,154.494,386.236,231.742
29,445,386.236,617.978,540.73,386.236,77.2472,308.989,386.236,463.483,463.483,540.73,386.236
30,445,540.73,1235.96,617.978,540.73,77.2472,231.742,463.483,540.73,617.978,695.225,617.978
31,445,617.978,1467.7,540.73,540.73,154.494,154.494,308.989,540.73,695.225,926.966,849.719
32,445,849.719,1313.2,926.966,695.225,154.494,77.2472,154.494,308.989,540.73,849.719,772.472
33,445,1081.46,1467.7,1467.7,1390.45,231.742,154.494,231.742,308.989,386.236,540.73,540.73
34,445,695.225,1158.71,772.472,926.966,154.494,231.742,231.742,308.989,308.989,231.742,308.989
35,445,540.73,1004.21,617.978,308.989,154.494,231.742,231.742,154.494,231.742,154.494,154.494
36,445,772.472,1081.46,1313.2,695.225,231.742,231.742,463.483,540.73,231.742,386.236,231.742
37,445,849.719,772.472,1235.96,926.966,308.989,231.742,617.978,1081.46,695.225,772.472,540.73
38,445,926.966,1004.21,772.472,617.978,231.742,308.989,308.989,617.978,695.225,772.472,540.73
39,445,1390.45,2317.42,1158.71,1081.46,386.236,463.483,617.978,386.236,308.989,463.483,386.236
40,445,849.719,2240.17,1004.21,926.966,540.73,540.73,849.719,695.225,617.978,231.742,308.989
41,445,540.73,2317.42,849.719,617.978,849.719,1776.69,1158.71,308.989,463.483,154.494,154.494
42,445,695.225,1699.44,2162.92,1467.7,1004.21,2935.39,1931.18,463.483,308.989,463.483,231.742
43,445,849.719,1313.2,3089.89,2780.9,849.719,2317.42,1853.93,540.73,386.236,772.472,386.236
44,445,1235.96,1390.45,1776.69,1699.44,1313.2,1235.96,1158.71,386.236,463.483,772.472,463.483
45,445,1390.45,2549.16,1544.94,1390.45,1158.71,695.225,849.719,386.236,308.989,463.483,308.989
46,445,1158.71,2549.16,1158.71,1235.96,1004.21,617.978,540.73,617.978,386.236,386.236,231.742
47,445,1699.44,1544.94,1776.69,1081.46,1467.7,772.472,463.483,540.73,617.978,540.73,463.483
48,445,1390.45,1699.44,2085.67,1853.93,1235.96,926.966,695.225,540.73,386.236,617.978,386.236
49,445,1004.21,1467.7,1158.71,1235.96,772.472,926.966,617.978,772.472,463.483,617.978,308.989
50,445,849.719,1004.21,1467.7,1158.71,695.225,926.966,617.978,463.483,617.978,1004.21,617.978
51,445,695.225,772.472,1544.94,1467.7,308.989,849.719,1158.71,772.472,540.73,849.719,617.978
52,445,463.483,540.73,1313.2,1235.96,308.989,463.483,1081.46,1235.96,1235.96,772.472,849.719
53,445,308.989,540.73,617.978,849.719,386.236,308.989,463.483,849.719,1390.45,1004.21,1158.71
56,445,231.742,308.989,308.989,463.483,231.742,308.989,308.989,308.989,463.483,695.225,617.978
25,446,154.494,231.742,154.494,154.494,308.989,308.989,231.742,154.494,154.494,231.742,77.2472
26,446,154.494,231.742,231.742,231.742,463.483,386.236,308.989,154.494,154.494,308.989,231.742
27,446,231.742,308.989,308.989,386.236,386.236,463.483,463.483,308.989,231.742,386.236,308.989
28,446,308.989,540.73,386.236,386.236,231.742,463.483,540.73,386.236,386.236,308.989,308.989
29,446,308.989,617.978,772.472,540.73,154.494,463.483,540.73,463.483,386.236,308.989,308.989
30,446,386.236,617.978,695.225,617.978,154.494,540.73,695.225,695.225,617.978,463.483,540.73
32,446,617.978,1235.96,1622.19,1081.46,154.494,231.742,386.236,617.978,772.472,695.225,772.472
33,446,463.483,772.472,1776.69,1622.19,231.742,308.989,231.742,617.978,695.225,695.225,617.978
34,446,926.966,1081.46,1004.21,1004.21,154.494,308.989,308.989,308.989,540.73,463.483,540.73
35,446,1081.46,1544.94,1390.45,695.225,154.494,463.483,386.236,231.742,231.742,154.494,231.742
36,446,772.472,1158.71,1235.96,849.719,231.742,926.966,1004.21,695.225,386.236,231.742,154.494
37,446,772.472,772.472,617.978,540.73,154.494,772.472,1467.7,1081.46,695.225,386.236,386.236
38,446,849.719,1158.71,1004.21,617.978,386.236,231.742,617.978,1158.71,849.719,463.483,463.483
39,446,1235.96,1081.46,1390.45,1004.21,463.483,617.978,308.989,849.719,926.966,695.225,695.225
40,446,849.719,1081.46,1081.46,849.719,1158.71,617.978,386.236,308.989,617.978,308.989,540.73
41,446,1004.21,2626.4,2471.91,2394.66,3398.88,1004.21,308.989,849.719,308.989,463.483,231.742
42,446,1158.71,3012.64,2162.92,2317.42,3707.87,1235.96,695.225,1853.93,1081.46,1313.2,849.719
43,446,849.719,2162.92,1390.45,1390.45,1699.44,926.966,772.472,2008.43,1776.69,1544.94,1467.7
44,446,772.472,1622.19,695.225,617.978,695.225,926.966,617.978,1776.69,1931.18,1390.45,1544.94
45,446,1004.21,1313.2,1158.71,772.472,617.978,1004.21,695.225,617.978,1467.7,1004.21,1313.2
46,446,1081.46,2085.67,1699.44,1853.93,772.472,540.73,772.472,308.989,540.73,617.978,772.472
47,446,926.966,1931.18,1390.45,1776.69,1081.46,772.472,617.978,308.989,231.742,231.742,231.742
48,446,1235.96,1467.7,1699.44,1467.7,1313.2,926.966,1081.46,386.236,231.742,540.73,231.742
49,446,1467.7,1544.94,1544.94,1699.44,1235.96,617.978,1313.2,926.966,386.236,849.719,308.989
50,446,1313.2,1544.94,1390.45,1235.96,1081.46,695.225,617.978,926.966,772.472,1158.71,540.73
51,446,926.966,1313.2,1313.2,1158.71,695.225,1235.96,926.966,772.472,772.472,1390.45,849.719
52,446,695.225,772.472,1776.69,1235.96,386.236,849.719,1235.96,1235.96,1004.21,1004.21,926.966
53,446,386.236,617.978,1235.96,1390.45,308.989,386.236,772.472,849.719,1235.96,772.472,1004.21
26,447,154.494,308.989,308.989,231.742,463.483,463.483,308.989,231.742,231.742,231.742,231.742
27,447,308.989,386.236,386.236,540.73,463.483,540.73,463.483,386.236,386.236,308.989,308.989
28,447,463.483,926.966,386.236,463.483,308.989,463.483,463.483,386.236,386.236,154.494,308.989
29,447,540.73,849.719,540.73,386.236,308.989,617.978,463.483,540.73,386.236,154.494,231.742
30,447,695.225,1158.71,617.978,308.989,463.483,926.966,772.472,617.978,540.73,154.494,308.989
31,447,617.978,1544.94,849.719,386.236,308.989,617.978,926.966,617.978,617.978,231.742,386.236
32,447,540.73,1544.94,1081.46,617.978,386.236,308.989,617.978,695.225,617.978,386.236,386.236
33,447,772.472,1158.71,1390.45,849.719,463.483,231.742,386.236,772.472,772.472,617.978,617.978
34,447,1158.71,1853.93,1390.45,849.719,308.989,231.742,154.494,463.483,772.472,849.719,849.719
35,447,617.978,1622.19,772.472,617.978,695.225,695.225,308.989,386.236,463.483,695.225,540.73
36,447,1004.21,849.719,1081.46,386.236,1004.21,1390.45,849.719,463.483,463.483,308.989,386.236
37,447,1158.71,1390.45,1853.93,1004.21,463.483,1235.96,1004.21,386.236,386.236,231.742,386.236
38,447,772.472,1544.94,1544.94,1390.45,463.483,463.483,1004.21,1004.21,386.236,308.989,231.742
39,447,463.483,1390.45,1313.2,1158.71,772.472,154.494,463.483,1235.96,1004.21,386.236,463.483
40,447,617.978,2780.9,2394.66,1544.94,617.978,308.989,463.483,463.483,772.472,231.742,386.236
41,447,772.472,2626.4,3785.11,3012.64,1081.46,772.472,1390.45,1081.46,540.73,695.225,386.236
42,447,617.978,1544.94,1931.18,2317.42,1081.46,1313.2,2162.92,1158.71,1004.21,849.719,772.472
43,447,849.719,1004.21,463.483,617.978,695.225,1235.96,2162.92,849.719,926.966,540.73,617.978
44,447,463.483,1081.46,617.978,386.236,849.719,695.225,1235.96,849.719,849.719,540.73,540.73
45,447,463.483,1467.7,695.225,540.73,540.73,849.719,463.483,772.472,926.966,463.483,617.978
46,447,463.483,1544.94,463.483,386.236,695.225,695.225,308.989,540.73,849.719,540.73,772.472
47,447,1004.21,2008.43,772.472,772.472,1004.21,695.225,386.236,231.742,463.483,308.989,540.73
48,447,1158.71,1853.93,1081.46,849.719,772.472,1544.94,617.978,386.236,231.742,463.483,231.742
49,447,1313.2,1622.19,1699.44,1622.19,617.978,1467.7,1313.2,386.236,308.989,926.966,231.742
50,447,1622.19,1699.44,2008.43,1931.18,1004.21,617.978,1081.46,926.966,463.483,1158.71,540.73
51,447,1313.2,1853.93,1699.44,1776.69,1004.21,1158.71,926.966,1467.7,1004.21,1699.44,1081.46
52,447,926.966,1081.46,1235.96,1081.46,695.225,1158.71,1004.21,1390.45,1390.45,1544.94,1313.2
53,447,617.978,617.978,1158.71,849.719,463.483,695.225,695.225,695.225,1313.2,1235.96,1313.2
54,447,386.236,463.483,772.472,772.472,231.742,540.73,849.719,695.225,540.73,695.225,617.978
25,448,231.742,308.989,231.742,154.494,308.989,308.989,154.494,154.494,154.494,231.742,154.494
26,448,154.494,463.483,308.989,308.989,463.483,463.483,386.236,308.989,231.742,231.742,231.742
27,448,231.742,386.236,463.483,540.73,540.73,463.483,540.73,463.483,308.989,154.494,231.742
28,448,386.236,695.225,617.978,617.978,386.236,386.236,386.236,386.236,308.989,154.494,231.742
29,448,772.472,849.719,386.236,463.483,617.978,463.483,308.989,540.73,386.236,154.494,231.742
30,448,1235.96,1313.2,231.742,154.494,926.966,849.719,463.483,463.483,463.483,154.494,231.742
31,448,1081.46,1467.7,231.742,154.494,463.483,849.719,617.978,308.989,308.989,154.494,154.494
32,448,1081.46,1699.44,386.236,463.483,386.236,540.73,695.225,463.483,308.989,154.494,154.494
33,448,1158.71,1544.94,540.73,231.742,386.236,308.989,695.225,1004.21,695.225,463.483,463.483
34,448,1158.71,1158.71,1313.2,772.472,386.236,154.494,463.483,926.966,1158.71,1158.71,1004.21
35,448,1544.94,1853.93,617.978,772.472,1235.96,386.236,231.742,617.978,849.719,1235.96,926.966
36,448,1622.19,2008.43,540.73,463.483,1776.69,695.225,386.236,772.472,772.472,849.719,849.719
37,448,1081.46,1390.45,926.966,617.978,926.966,695.225,231.742,463.483,772.472,695.225,772.472
38,448,1004.21,1622.19,849.719,926.966,386.236,695.225,772.472,386.236,308.989,540.73,386.236
39,448,1467.7,3012.64,1081.46,695.225,308.989,308.989,386.236,463.483,386.236,386.236,231.742
40,448,1235.96,3553.37,1235.96,1158.71,926.966,772.472,695.225,386.236,308.989,540.73,231.742
41,448,617.978,1544.94,849.719,1004.21,1853.93,1544.94,1004.21,540.73,463.483,772.472,463.483
42,448,540.73,540.73,849.719,849.719,1853.93,1931.18,695.225,695.225,463.483,463.483,386.236
43,448,926.966,849.719,1313.2,1081.46,1004.21,1699.44,540.73,1931.18,1158.71,1467.7,1081.46
44,448,386.236,617.978,772.472,1004.21,695.225,926.966,695.225,1390.45,2008.43,2317.42,2394.66
45,448,308.989,540.73,540.73,463.483,540.73,463.483,926.966,772.472,1158.71,1622.19,1699.44
46,448,386.236,772.472,695.225,617.978,463.483,463.483,463.483,772.472,695.225,617.978,695.225
47,448,463.483,1235.96,695.225,695.225,1081.46,695.225,695.225,386.236,695.225,308.989,540.73
48,448,772.472,1699.44,386.236,386.236,1467.7,849.719,849.719,540.73,386.236,308.989,308.989
49,448,926.966,2008.43,617.978,540.73,849.719,1467.7,849.719,386.236,463.483,463.483,231.742
50,448,1390.45,1853.93,1622.19,1313.2,1004.21,1004.21,1544.94,695.225,308.989,695.225,308.989
51,448,1622.19,1544.94,2935.39,2317.42,1081.46,926.966,1622.19,1776.69,1004.21,1390.45,926.966
52,448,1235.96,1235.96,1931.18,2085.67,849.719,772.472,1081.46,1776.69,1544.94,1313.2,1158.71
53,448,772.472,849.719,1004.21,926.966,695.225,695.225,386.236,926.966,1699.44,1313.2,1467.7
54,448,463.483,540.73,1158.71,926.966,308.989,849.719,617.978,386.236,695.225,1313.2,1158.71
55,448,308.989,540.73,617.978,849.719,154.494,463.483,772.472,772.472,540.73,617.978,386.236
25,449,231.742,386.236,308.989,231.742,308.989,231.742,154.494,154.494,154.494,308.989,154.494
26,449,154.494,463.483,308.989,308.989,617.978,463.483,308.989,308.989,231.742,308.989,231.742
27,449,231.742,540.73,540.73,463.483,540.73,463.483,463.483,308.989,231.742,308.989,308.989
28,449,308.989,386.236,1158.71,1004.21,386.236,231.742,308.989,308.989,231.742,154.494,231.742
29,449,617.978,540.73,695.225,849.719,540.73,231.742,308.989,386.236,308.989,154.494,154.494
30,449,695.225,386.236,231.742,231.742,849.719,386.236,154.494,231.742,308.989,154.494,154.494
31,449,463.483,617.978,308.989,308.989,540.73,540.73,231.742,154.494,154.494,231.742,154.494
32,449,540.73,695.225,926.966,772.472,231.742,695.225,540.73,231.742,154.494,231.742,154.494
33,449,772.472,1158.71,463.483,386.236,154.494,849.719,1158.71,849.719,463.483,308.989,231.742
34,449,1931.18,1158.71,1622.19,1158.71,154.494,540.73,1081.46,1390.45,1004.21,849.719,695.225
35,449,1776.69,1235.96,1004.21,1313.2,695.225,386.236,695.225,1158.71,1081.46,1158.71,926.966
36,449,926.966,1081.46,849.719,1081.46,926.966,308.989,849.719,1390.45,1235.96,1081.46,1004.21
37,449,926.966,926.966,1158.71,1390.45,1004.21,308.989,540.73,1158.71,1390.45,926.966,1004.21
38,449,849.719,1467.7,926.966,695.225,540.73,540.73,308.989,386.236,695.225,617.978,540.73
40,449,463.483,926.966,6797.75,5330.06,1313.2,849.719,849.719,695.225,463.483,772.472,386.236
41,449,772.472,1081.46,3244.38,3630.62,1544.94,695.225,540.73,463.483,617.978,695.225,540.73
42,449,617.978,1313.2,1622.19,1931.18,1313.2,540.73,1390.45,2008.43,540.73,695.225,463.483
46,449,386.236,849.719,386.236,463.483,386.236,463.483,463.483,695.225,849.719,1699.44,1390.45
47,449,308.989,540.73,386.236,386.236,540.73,1390.45,463.483,849.719,772.472,772.472,772.472
48,449,463.483,772.472,386.236,386.236,1004.21,1081.46,695.225,386.236,695.225,617.978,695.225
49,449,849.719,1544.94,695.225,617.978,1158.71,1235.96,617.978,386.236,540.73,231.742,463.483
50,449,1313.2,3012.64,926.966,1158.71,1158.71,1931.18,1699.44,463.483,386.236,308.989,308.989
51,449,1622.19,2085.67,2394.66,1776.69,926.966,1853.93,2240.17,849.719,617.978,772.472,463.483
52,449,1699.44,1544.94,2858.15,2549.16,695.225,926.966,1853.93,1390.45,695.225,617.978,540.73
53,449,1081.46,1235.96,1390.45,1313.2,926.966,308.989,849.719,1622.19,1390.45,695.225,926.966
54,449,617.978,617.978,1235.96,849.719,540.73,695.225,386.236,695.225,1467.7,1467.7,1622.19
55,449,386.236,540.73,695.225,849.719,308.989,540.73,540.73,540.73,617.978,1081.46,1004.21
56,449,308.989,463.483,386.236,463.483,154.494,308.989,386.236,386.236,540.73,463.483,386.236
26,450,231.742,540.73,308.989,308.989,695.225,308.989,231.742,308.989,231.742,540.73,308.989
27,450,308.989,926.966,463.483,386.236,540.73,308.989,231.742,231.742,308.989,617.978,463.483
28,450,308.989,540.73,1390.45,1158.71,386.236,154.494,154.494,154.494,231.742,463.483,386.236
29,450,463.483,386.236,1390.45,1544.94,386.236,154.494,154.494,154.494,231.742,231.742,154.494
30,450,772.472,540.73,695.225,617.978,386.236,154.494,154.494,154.494,154.494,231.742,154.494
31,450,1467.7,1313.2,540.73,463.483,540.73,231.742,154.494,154.494,154.494,231.742,154.494
32,450,617.978,540.73,386.236,540.73,617.978,772.472,308.989,154.494,231.742,154.494,154.494
33,450,695.225,1235.96,849.719,617.978,617.978,1313.2,1081.46,386.236,154.494,154.494,154.494
34,450,1158.71,1081.46,1699.44,1235.96,386.236,1158.71,1544.94,772.472,386.236,231.742,231.742
35,450,849.719,1004.21,1544.94,1081.46,617.978,849.719,1313.2,1004.21,617.978,463.483,386.236
36,450,1390.45,1235.96,2780.9,1776.69,308.989,772.472,1235.96,1235.96,926.966,772.472,617.978
37,450,2780.9,2008.43,2549.16,2626.4,617.978,386.236,849.719,1004.21,1004.21,695.225,695.225
38,450,3630.62,7029.49,1313.2,1235.96,386.236,308.989,386.236,695.225,849.719,540.73,695.225
39,450,2085.67,6720.51,2008.43,1158.71,540.73,617.978,617.978,849.719,772.472,540.73,617.978
40,450,849.719,2240.17,1699.44,1235.96,463.483,1004.21,1081.46,926.966,849.719,617.978,695.225
41,450,1158.71,1313.2,1081.46,1235.96,849.719,617.978,695.225,386.236,540.73,386.236,540.73
42,450,926.966,1081.46,772.472,926.966,1235.96,2394.66,2626.4,1390.45,540.73,386.236,463.483
43,450,540.73,540.73,463.483,849.719,695.225,3167.13,4634.83,3244.38,2471.91,617.978,1313.2
44,450,695.225,617.978,386.236,617.978,1158.71,1390.45,3553.37,1776.69,2471.91,1467.7,1390.45
45,450,386.236,617.978,540.73,540.73,617.978,463.483,1622.19,926.966,1235.96,2703.65,1390.45
46,450,386.236,463.483,1313.2,1235.96,617.978,463.483,1004.21,695.225,617.978,1544.94,1004.21
47,450,386.236,463.483,1158.71,1390.45,926.966,772.472,926.966,1622.19,1081.46,1235.96,1004.21
48,450,617.978,926.966,617.978,617.978,695.225,772.472,386.236,1313.2,1390.45,849.719,1158.71
49,450,617.978,1158.71,695.225,617.978,1467.7,1158.71,386.236,1004.21,1081.46,463.483,772.472
50,450,1390.45,2858.15,1467.7,1544.94,2008.43,2162.92,849.719,308.989,695.225,463.483,540.73
51,450,1467.7,2703.65,2162.92,1931.18,1235.96,2394.66,1158.71,540.73,386.236,926.966,308.989
52,450,1853.93,1853.93,2317.42,2317.42,463.483,1776.69,1699.44,617.978,463.483,849.719,540.73
53,450,1313.2,1313.2,2162.92,1622.19,695.225,695.225,1544.94,1699.44,926.966,386.236,463.483
54,450,772.472,695.225,1158.71,1235.96,540.73,463.483,772.472,1390.45,1931.18,1158.71,1544.94
56,450,231.742,386.236,695.225,695.225,463.483,308.989,231.742,386.236,695.225,540.73,540.73
57,450,231.742,308.989,386.236,463.483,154.494,463.483,463.483,386.236,386.236,386.236,386.236
24,451,308.989,463.483,308.989,231.742,231.742,231.742,308.989,231.742,154.494,386.236,154.494
25,451,308.989,463.483,463.483,386.236,231.742,154.494,231.742,231.742,231.742,463.483,231.742
26,451,386.236,617.978,386.236,386.236,386.236,154.494,231.742,540.73,386.236,695.225,463.483
27,451,463.483,1313.2,540.73,386.236,308.989,231.742,231.742,463.483,617.978,849.719,695.225
28,451,463.483,1081.46,926.966,849.719,231.742,77.2472,231.742,231.742,463.483,695.225,617.978
29,451,540.73,695.225,926.966,1081.46,231.742,154.494,231.742,231.742,308.989,463.483,463.483
30,451,540.73,463.483,1081.46,1081.46,154.494,231.742,231.742,231.742,231.742,231.742,231.742
31,451,849.719,463.483,1313.2,1158.71,308.989,231.742,231.742,154.494,154.494,77.2472,154.494
32,451,540.73,772.472,617.978,695.225,1081.46,463.483,231.742,154.494,154.494,77.2472,77.2472
33,451,772.472,1313.2,849.719,617.978,1390.45,1158.71,540.73,154.494,154.494,154.494,154.494
34,451,926.966,1544.94,1158.71,1235.96,926.966,1235.96,926.966,231.742,231.742,154.494,154.494
35,451,1467.7,3089.89,772.472,849.719,1235.96,1158.71,926.966,386.236,308.989,386.236,308.989
36,451,1158.71,2162.92,1467.7,695.225,849.719,1004.21,1004.21,463.483,463.483,540.73,463.483
37,451,2317.42,1931.18,1544.94,1390.45,231.742,463.483,695.225,386.236,463.483,463.483,463.483
38,451,2240.17,2471.91,1158.71,772.472,308.989,308.989,463.483,463.483,617.978,463.483,540.73
39,451,1467.7,2085.67,2703.65,1390.45,772.472,849.719,617.978,617.978,617.978,617.978,540.73
40,451,926.966,1390.45,6566.01,4943.82,617.978,1081.46,849.719,386.236,540.73,463.483,463.483
41,451,772.472,926.966,5639.04,7338.48,2471.91,1081.46,617.978,154.494,308.989,231.742,308.989
42,451,617.978,617.978,2471.91,2549.16,4248.6,3244.38,1390.45,386.236,308.989,231.742,308.989
43,451,386.236,386.236,2394.66,1776.69,2471.91,4248.6,1699.44,463.483,540.73,463.483,308.989
44,451,463.483,617.978,617.978,849.719,926.966,3012.64,1622.19,1004.21,617.978,2240.17,772.472
45,451,463.483,1158.71,617.978,386.236,849.719,1390.45,1235.96,1235.96,1313.2,2626.4,1699.44
46,451,463.483,1004.21,849.719,849.719,463.483,1390.45,1467.7,1158.71,849.719,1081.46,849.719
47,451,386.236,849.719,772.472,1081.46,308.989,849.719,1699.44,1313.2,1622.19,2008.43,1622.19
48,451,308.989,926.966,849.719,695.225,463.483,540.73,1158.71,1004.21,1235.96,772.472,1313.2
49,451,386.236,1467.7,695.225,617.978,1313.2,617.978,540.73,1235.96,1081.46,695.225,617.978
50,451,772.472,2703.65,1158.71,1235.96,2240.17,926.966,695.225,617.978,849.719,695.225,695.225
51,451,1622.19,2471.91,2085.67,1544.94,2317.42,1081.46,617.978,1544.94,695.225,1390.45,540.73
52,451,1931.18,2471.91,1931.18,1931.18,1004.21,1853.93,849.719,540.73,1004.21,1313.2,926.966
53,451,1544.94,1235.96,3244.38,1931.18,617.978,1390.45,1467.7,926.966,463.483,617.978,386.236
54,451,1004.21,849.719,1699.44,2394.66,463.483,772.472,1081.46,1235.96,1313.2,1004.21,1081.46
55,451,463.483,617.978,772.472,695.225,463.483,540.73,926.966,1158.71,1158.71,617.978,926.966
56,451,308.989,386.236,1004.21,926.966,772.472,231.742,386.236,617.978,849.719,308.989,463.483
57,451,231.742,308.989,463.483,695.225,308.989,540.73,308.989,308.989,540.73,463.483,463.483
59,451,231.742,231.742,231.742,308.989,386.236,154.494,154.494,154.494,231.742,154.494,154.494
23,452,231.742,308.989,231.742,154.494,231.742,308.989,231.742,154.494,154.494,231.742,154.494
24,452,308.989,463.483,308.989,154.494,386.236,386.236,463.483,154.494,231.742,386.236,154.494
25,452,308.989,386.236,540.73,463.483,154.494,308.989,540.73,386.236,231.742,386.236,231.742
26,452,463.483,463.483,617.978,617.978,154.494,386.236,695.225,926.966,463.483,617.978,463.483
27,452,540.73,926.966,926.966,772.472,154.494,463.483,617.978,1081.46,849.719,772.472,695.225
28,452,540.73,849.719,1004.21,849.719,154.494,308.989,463.483,849.719,849.719,772.472,772.472
29,452,772.472,926.966,463.483,463.483,154.494,386.236,463.483,617.978,772.472,772.472,849.719
30,452,695.225,1004.21,540.73,463.483,154.494,308.989,308.989,463.483,540.73,463.483,540.73
31,452,695.225,772.472,1081.46,1004.21,231.742,308.989,154.494,308.989,386.236,308.989,308.989
32,452,695.225,849.719,695.225,772.472,926.966,308.989,154.494,231.742,386.236,308.989,308.989
33,452,540.73,926.966,849.719,772.472,1390.45,540.73,231.742,154.494,154.494,231.742,154.494
34,452,617.978,926.966,2317.42,2162.92,926.966,617.978,231.742,386.236,308.989,231.742,231.742
35,452,1313.2,1622.19,1776.69,2394.66,1081.46,772.472,386.236,540.73,695.225,540.73,695.225
36,452,2008.43,1467.7,617.978,772.472,1004.21,849.719,463.483,540.73,849.719,617.978,926.966
37,452,1776.69,1776.69,1467.7,1081.46,540.73,463.483,386.236,463.483,695.225,386.236,540.73
38,452,1699.44,3476.12,1622.19,1622.19,849.719,386.236,386.236,231.742,540.73,308.989,463.483
39,452,1622.19,6179.78,2240.17,926.966,1390.45,540.73,386.236,154.494,386.236,386.236,463.483
40,452,1390.45,4480.34,4712.08,3553.37,1081.46,617.978,231.742,154.494,231.742,308.989,308.989
41,452,2085.67,3398.88,2935.39,4248.6,2317.42,617.978,231.742,386.236,231.742,231.742,154.494
42,452,926.966,2317.42,2471.91,1622.19,3321.63,1081.46,308.989,386.236,463.483,231.742,308.989
43,452,695.225,772.472,2471.91,2317.42,2008.43,1235.96,926.966,695.225,308.989,386.236,308.989
44,452,695.225,926.966,849.719,1158.71,1081.46,1699.44,2085.67,1853.93,1004.21,1467.7,849.719
45,452,926.966,849.719,926.966,463.483,1699.44,1235.96,1235.96,1390.45,1467.7,1390.45,1313.2
46,452,849.719,1004.21,617.978,540.73,1853.93,1853.93,1776.69,1931.18,1390.45,1390.45,1081.46
47,452,540.73,926.966,617.978,540.73,1313.2,1313.2,1081.46,1235.96,2626.4,2780.9,2858.15
48,452,463.483,772.472,849.719,540.73,540.73,1004.21,926.966,849.719,1004.21,1081.46,1467.7
49,452,695.225,1390.45,695.225,772.472,386.236,695.225,772.472,1004.21,1081.46,1081.46,772.472
50,452,772.472,2394.66,695.225,772.472,695.225,1313.2,1622.19,617.978,772.472,695.225,849.719
51,452,1776.69,2240.17,1313.2,1004.21,1931.18,617.978,1390.45,1235.96,617.978,1390.45,540.73
52,452,1931.18,3630.62,1622.19,1931.18,1544.94,1004.21,463.483,1004.21,926.966,1544.94,1081.46
53,452,1776.69,1776.69,2935.39,1544.94,1235.96,1158.71,695.225,1081.46,926.966,1544.94,1004.21
54,452,1235.96,1081.46,2162.92,2471.91,926.966,1004.21,695.225,617.978,1158.71,1467.7,1313.2
55,452,617.978,772.472,1004.21,1004.21,386.236,849.719,849.719,772.472,617.978,617.978,617.978
56,452,386.236,463.483,1004.21,926.966,772.472,231.742,540.73,772.472,772.472,231.742,386.236
57,452,308.989,386.236,463.483,695.225,308.989,386.236,308.989,308.989,695.225,386.236,617.978
58,452,231.742,308.989,463.483,386.236,386.236,386.236,308.989,231.742,308.989,386.236,386.236
59,452,231.742,308.989,308.989,386.236,386.236,154.494,154.494,231.742,231.742,154.494,154.494
61,452,231.742,231.742,308.989,308.989,308.989,154.494,154.494,154.494,231.742,154.494,154.494
23,453,308.989,308.989,231.742,154.494,386.236,386.236,231.742,154.494,154.494,231.742,154.494
24,453,308.989,540.73,231.742,231.742,617.978,695.225,540.73,154.494,154.494,386.236,154.494
25,453,463.483,540.73,540.73,463.483,463.483,772.472,849.719,308.989,231.742,308.989,231.742
26,453,772.472,849.719,926.966,849.719,231.742,926.966,1390.45,772.472,386.236,463.483,308.989
27,453,695.225,772.472,1313.2,1081.46,231.742,772.472,1235.96,1158.71,617.978,540.73,386.236
30,453,540.73,926.966,695.225,695.225,308.989,231.742,540.73,1004.21,1235.96,772.472,1081.46
31,453,849.719,772.472,540.73,386.236,308.989,154.494,386.236,1081.46,1081.46,463.483,772.472
32,453,772.472,849.719,617.978,463.483,386.236,231.742,154.494,772.472,1158.71,463.483,772.472
33,453,926.966,2162.92,695.225,540.73,617.978,231.742,154.494,154.494,463.483,540.73,386.236
34,453,926.966,2008.43,1699.44,1235.96,463.483,231.742,308.989,308.989,231.742,308.989,231.742
35,453,849.719,695.225,1313.2,1390.45,540.73,386.236,772.472,540.73,617.978,463.483,540.73
36,453,1622.19,1853.93,1313.2,849.719,617.978,308.989,463.483,617.978,772.472,463.483,695.225
37,453,1544.94,2008.43,2240.17,1467.7,540.73,308.989,308.989,617.978,617.978,308.989,386.236
38,453,2780.9,3089.89,2549.16,2549.16,695.225,386.236,386.236,463.483,772.472,463.483,540.73
39,453,2471.91,3553.37,617.978,849.719,695.225,308.989,154.494,154.494,617.978,540.73,540.73
40,453,2317.42,2626.4,617.978,463.483,540.73,386.236,308.989,231.742,308.989,308.989,231.742
41,453,1776.69,2858.15,849.719,695.225,617.978,386.236,540.73,617.978,308.989,231.742,231.742
42,453,1004.21,1853.93,849.719,849.719,695.225,617.978,386.236,695.225,772.472,308.989,386.236
43,453,1235.96,1004.21,1158.71,926.966,1313.2,2240.17,1390.45,1158.71,1004.21,308.989,695.225
44,453,1081.46,1004.21,1004.21,926.966,1081.46,2471.91,1699.44,1467.7,1313.2,617.978,926.966
45,453,1235.96,849.719,1235.96,1081.46,1313.2,1544.94,1544.94,849.719,772.472,463.483,540.73
46,453,1313.2,926.966,1313.2,1390.45,1699.44,1776.69,2471.91,2240.17,1544.94,1313.2,1158.71
47,453,926.966,849.719,772.472,1235.96,2008.43,772.472,849.719,1235.96,2471.91,2240.17,2626.4
48,453,772.472,926.966,1158.71,926.966,849.719,926.966,926.966,926.966,849.719,1158.71,1158.71
49,453,617.978,849.719,1313.2,1776.69,1313.2,1390.45,695.225,617.978,1081.46,1081.46,849.719
50,453,540.73,1467.7,772.472,695.225,926.966,2240.17,1235.96,308.989,617.978,772.472,772.472
51,453,1313.2,1931.18,1004.21,772.472,617.978,1158.71,1622.19,926.966,386.236,1467.7,695.225
52,453,1622.19,3089.89,2317.42,2703.65,926.966,617.978,1699.44,2085.67,1158.71,1622.19,1158.71
53,453,1776.69,2008.43,2008.43,2085.67,1390.45,540.73,1081.46,2162.92,2085.67,1853.93,1853.93
54,453,1313.2,1390.45,2008.43,1776.69,1313.2,617.978,386.236,849.719,1699.44,1313.2,1853.93
55,453,772.472,849.719,1544.94,1081.46,386.236,849.719,540.73,386.236,463.483,463.483,540.73
56,453,463.483,463.483,926.966,926.966,540.73,308.989,540.73,617.978,540.73,308.989,308.989
57,453,231.742,386.236,463.483,540.73,308.989,308.989,308.989,308.989,540.73,386.236,463.483
59,453,231.742,308.989,308.989,386.236,386.236,154.494,154.494,231.742,231.742,154.494,154.494
23,454,308.989,308.989,231.742,231.742,386.236,463.483,231.742,154.494,154.494,154.494,77.2472
24,454,386.236,540.73,308.989,231.742,1004.21,849.719,463.483,154.494,154.494,231.742,154.494
25,454,540.73,926.966,695.225,540.73,1313.2,1158.71,695.225,154.494,154.494,231.742,154.494
26,454,1004.21,1235.96,926.966,926.966,1158.71,1467.7,1235.96,386.236,231.742,231.742,231.742
27,454,1081.46,1158.71,1158.71,1081.46,540.73,1158.71,1313.2,617.978,231.742,231.742,154.494
28,454,926.966,1235.96,617.978,695.225,540.73,1004.21,1467.7,1313.2,695.225,540.73,386.236
31,454,540.73,695.225,308.989,308.989,154.494,308.989,695.225,1081.46,1081.46,463.483,695.225
32,454,772.472,926.966,386.236,308.989,231.742,154.494,386.236,926.966,1235.96,463.483,772.472
33,454,926.966,1622.19,308.989,308.989,231.742,154.494,154.494,231.742,695.225,695.225,617.978
34,454,1158.71,1235.96,1158.71,849.719,386.236,463.483,231.742,154.494,231.742,617.978,386.236
35,454,1235.96,1622.19,1853.93,1467.7,308.989,772.472,772.472,231.742,308.989,463.483,308.989
36,454,1158.71,2780.9,1853.93,1390.45,231.742,386.236,617.978,154.494,308.989,231.742,231.742
37,454,695.225,2471.91,617.978,617.978,308.989,308.989,617.978,540.73,308.989,231.742,231.742
38,454,849.719,849.719,540.73,386.236,231.742,308.989,540.73,695.225,772.472,849.719,695.225
39,454,926.966,695.225,540.73,463.483,386.236,154.494,231.742,308.989,540.73,695.225,463.483
40,454,1235.96,926.966,849.719,463.483,540.73,540.73,308.989,386.236,386.236,231.742,231.742
41,454,1699.44,1313.2,1699.44,1467.7,617.978,540.73,540.73,463.483,463.483,617.978,463.483
42,454,1544.94,2008.43,1004.21,1622.19,1390.45,617.978,463.483,1158.71,695.225,540.73,386.236
43,454,695.225,1235.96,1313.2,772.472,1853.93,1622.19,1004.21,1931.18,1776.69,540.73,1004.21
44,454,695.225,1544.94,1390.45,1158.71,1313.2,1235.96,849.719,1158.71,1699.44,1081.46,1390.45
45,454,695.225,1313.2,1853.93,1699.44,1544.94,2471.91,1699.44,695.225,695.225,1081.46,695.225
46,454,926.966,926.966,1776.69,1931.18,926.966,1931.18,2162.92,1235.96,926.966,695.225,540.73
47,454,1081.46,1390.45,1853.93,2240.17,1313.2,926.966,1004.21,695.225,1158.71,1235.96,1235.96
48,454,849.719,1390.45,1853.93,1467.7,1004.21,926.966,1235.96,926.966,617.978,926.966,695.225
49,454,617.978,1004.21,2780.9,2858.15,1931.18,1004.21,540.73,463.483,1081.46,772.472,617.978
50,454,463.483,1004.21,1467.7,1390.45,2008.43,1544.94,617.978,308.989,617.978,1158.71,849.719
51,454,772.472,2085.67,772.472,695.225,1004.21,2162.92,1931.18,849.719,386.236,1390.45,772.472
52,454,1390.45,2240.17,2626.4,2240.17,617.978,1776.69,2626.4,1544.94,1081.46,1235.96,926.966
53,454,1776.69,2240.17,2549.16,3012.64,695.225,926.966,1622.19,1622.19,1699.44,1313.2,1313.2
54,454,1467.7,1853.93,2085.67,1776.69,926.966,386.236,617.978,926.966,1390.45,772.472,1158.71
55,454,926.966,772.472,1622.19,1390.45,386.236,540.73,308.989,463.483,540.73,463.483,463.483
56,454,463.483,540.73,695.225,695.225,463.483,386.236,463.483,540.73,463.483,463.483,386.236
59,454,231.742,308.989,308.989,308.989,231.742,154.494,231.742,154.494,231.742,154.494,154.494
23,455,231.742,308.989,308.989,231.742,386.236,386.236,154.494,154.494,154.494,77.2472,77.2472
24,455,386.236,617.978,386.236,231.742,1004.21,617.978,231.742,154.494,154.494,154.494,77.2472
25,455,540.73,1004.21,695.225,617.978,1776.69,849.719,308.989,154.494,154.494,154.494,77.2472
26,455,695.225,1081.46,926.966,1004.21,2008.43,1158.71,540.73,154.494,154.494,154.494,154.494
27,455,849.719,695.225,1158.71,1158.71,1313.2,1158.71,695.225,231.742,154.494,154.494,77.2472
28,455,1004.21,1158.71,849.719,1081.46,1158.71,1235.96,1081.46,772.472,308.989,154.494,154.494
29,455,617.978,772.472,463.483,617.978,1004.21,849.719,926.966,849.719,772.472,308.989,386.236
30,455,386.236,463.483,308.989,386.236,926.966,540.73,540.73,386.236,617.978,231.742,386.236
31,455,386.236,540.73,308.989,463.483,386.236,463.483,463.483,308.989,386.236,231.742,231.742
32,455,772.472,540.73,849.719,772.472,154.494,231.742,463.483,386.236,540.73,463.483,308.989
33,455,1158.71,1313.2,617.978,540.73,231.742,154.494,231.742,231.742,386.236,617.978,386.236
34,455,2240.17,2085.67,386.236,308.989,849.719,386.236,231.742,231.742,231.742,386.236,308.989
35,455,1699.44,2008.43,463.483,540.73,772.472,540.73,308.989,231.742,231.742,308.989,308.989
36,455,695.225,695.225,463.483,463.483,540.73,463.483,231.742,386.236,231.742,154.494,154.494
37,455,1004.21,695.225,1004.21,540.73,386.236,772.472,695.225,1622.19,849.719,463.483,540.73
39,455,1622.19,1467.7,1622.19,1776.69,540.73,231.742,231.742,463.483,772.472,926.966,849.719
40,455,1776.69,1776.69,1081.46,695.225,849.719,463.483,386.236,1544.94,849.719,695.225,540.73
41,455,1467.7,1390.45,1931.18,1390.45,463.483,540.73,386.236,1544.94,1699.44,1544.94,1467.7
42,455,1235.96,1853.93,1004.21,1544.94,1467.7,540.73,617.978,1235.96,1004.21,1235.96,1004.21
43,455,926.966,1853.93,849.719,772.472,1313.2,926.966,926.966,1467.7,1313.2,849.719,849.719
44,455,926.966,2085.67,1390.45,1004.21,2317.42,926.966,772.472,695.225,1081.46,1390.45,1081.46
45,455,849.719,1853.93,2240.17,1622.19,2394.66,2162.92,772.472,926.966,617.978,1853.93,695.225
46,455,849.719,1853.93,2008.43,1467.7,1158.71,1313.2,1004.21,772.472,772.472,1158.71,463.483
47,455,1081.46,2240.17,2317.42,2703.65,1004.21,1313.2,695.225,463.483,695.225,1390.45,695.225
48,455,1158.71,2317.42,1776.69,1313.2,695.225,1004.21,772.472,695.225,617.978,1544.94,1004.21
49,455,926.966,1853.93,2162.92,2008.43,1158.71,695.225,463.483,540.73,1004.21,1699.44,1081.46
50,455,386.236,772.472,3321.63,2085.67,2317.42,1158.71,540.73,308.989,695.225,1853.93,1158.71
51,455,772.472,2317.42,2008.43,2703.65,2471.91,2549.16,1467.7,463.483,463.483,1081.46,695.225
52,455,1235.96,2549.16,1853.93,1313.2,1699.44,2162.92,1467.7,540.73,540.73,772.472,463.483
53,455,1853.93,2394.66,1931.18,1853.93,540.73,1313.2,1081.46,926.966,695.225,772.472,617.978
54,455,1622.19,1776.69,2549.16,1853.93,540.73,386.236,617.978,772.472,926.966,540.73,695.225
55,455,1081.46,926.966,1235.96,1544.94,386.236,463.483,463.483,695.225,849.719,617.978,849.719
56,455,617.978,617.978,617.978,463.483,463.483,386.236,463.483,617.978,617.978,540.73,617.978
57,455,386.236,463.483,695.225,540.73,386.236,231.742,231.742,231.742,386.236,308.989,308.989
58,455,231.742,463.483,386.236,540.73,154.494,308.989,308.989,308.989,231.742,154.494,231.742
23,456,231.742,463.483,386.236,231.742,308.989,231.742,77.2472,77.2472,154.494,77.2472,77.2472
24,456,231.742,849.719,386.236,231.742,540.73,308.989,154.494,154.494,154.494,77.2472,77.2472
25,456,386.236,1004.21,540.73,463.483,1004.21,386.236,154.494,154.494,154.494,154.494,77.2472
26,456,540.73,1081.46,849.719,926.966,1158.71,386.236,231.742,308.989,231.742,154.494,154.494
27,456,540.73,695.225,1699.44,1467.7,1158.71,540.73,231.742,231.742,154.494,154.494,154.494
28,456,849.719,695.225,2162.92,1776.69,1235.96,772.472,386.236,308.989,154.494,77.2472,77.2472
29,456,617.978,386.236,1390.45,1467.7,926.966,463.483,308.989,308.989,308.989,77.2472,154.494
30,456,463.483,386.236,772.472,1313.2,1004.21,308.989,231.742,154.494,231.742,154.494,154.494
31,456,308.989,772.472,540.73,849.719,540.73,386.236,231.742,154.494,231.742,154.494,154.494
32,456,386.236,617.978,1313.2,1081.46,154.494,386.236,386.236,154.494,154.494,231.742,154.494
33,456,386.236,463.483,849.719,926.966,154.494,231.742,308.989,231.742,154.494,386.236,154.494
34,456,772.472,540.73,617.978,386.236,308.989,231.742,308.989,540.73,308.989,463.483,308.989
35,456,1776.69,849.719,463.483,463.483,308.989,154.494,308.989,849.719,695.225,772.472,617.978
36,456,1931.18,1699.44,463.483,308.989,617.978,463.483,540.73,540.73,540.73,540.73,463.483
37,456,1467.7,2240.17,695.225,308.989,617.978,926.966,1467.7,1699.44,695.225,540.73,463.483
38,456,2085.67,1622.19,1313.2,849.719,231.742,463.483,1081.46,2008.43,2008.43,1081.46,1390.45
39,456,2162.92,2085.67,1699.44,1390.45,308.989,386.236,772.472,1235.96,1544.94,1235.96,1235.96
40,456,1158.71,2085.67,1158.71,1313.2,772.472,617.978,1931.18,2626.4,1544.94,1467.7,1235.96
42,456,849.719,1081.46,926.966,772.472,772.472,695.225,1235.96,1467.7,1776.69,772.472,1235.96
43,456,1081.46,2317.42,1467.7,1158.71,772.472,1081.46,926.966,1622.19,926.966,849.719,617.978
44,456,1081.46,2549.16,1313.2,1390.45,1313.2,1004.21,926.966,1081.46,1313.2,1390.45,1313.2
45,456,1004.21,2317.42,1467.7,1390.45,1158.71,849.719,617.978,926.966,926.966,1544.94,772.472
46,456,772.472,2008.43,1158.71,1004.21,926.966,1004.21,1158.71,1004.21,849.719,2085.67,617.978
47,456,1081.46,1931.18,1622.19,2085.67,772.472,695.225,849.719,1235.96,926.966,2703.65,1158.71
48,456,1622.19,2394.66,1467.7,1004.21,540.73,695.225,926.966,2162.92,1390.45,3012.64,1853.93
49,456,1544.94,4789.33,1313.2,1081.46,772.472,772.472,695.225,1931.18,2162.92,3244.38,2394.66
51,456,1004.21,2008.43,3939.61,4325.84,2240.17,1699.44,772.472,617.978,772.472,849.719,849.719
52,456,1390.45,2085.67,2394.66,2008.43,2162.92,1235.96,617.978,772.472,695.225,926.966,695.225
53,456,1699.44,2471.91,1235.96,1390.45,695.225,926.966,772.472,1158.71,1004.21,1081.46,1004.21
54,456,1776.69,1390.45,2240.17,1544.94,695.225,463.483,695.225,1235.96,1544.94,926.966,1235.96
55,456,1158.71,926.966,1004.21,1390.45,308.989,540.73,695.225,1004.21,1390.45,849.719,1235.96
56,456,617.978,617.978,695.225,463.483,463.483,386.236,463.483,386.236,695.225,463.483,617.978
57,456,386.236,463.483,617.978,617.978,386.236,231.742,231.742,308.989,308.989,154.494,231.742
58,456,308.989,386.236,308.989,463.483,154.494,386.236,308.989,386.236,231.742,231.742,231.742
60,456,231.742,308.989,231.742,308.989,231.742,231.742,231.742,154.494,154.494,154.494,154.494
22,457,231.742,386.236,231.742,231.742,154.494,77.2472,77.2472,77.2472,154.494,77.2472,77.2472
23,457,231.742,386.236,231.742,154.494,231.742,154.494,154.494,77.2472,154.494,77.2472,77.2472
24,457,231.742,617.978,308.989,154.494,308.989,154.494,231.742,154.494,154.494,154.494,77.2472
25,457,308.989,849.719,386.236,308.989,463.483,231.742,231.742,154.494,77.2472,154.494,77.2472
26,457,617.978,1467.7,1313.2,1081.46,540.73,154.494,308.989,386.236,231.742,154.494,154.494
27,457,772.472,1853.93,2780.9,2626.4,695.225,154.494,154.494,308.989,308.989,154.494,154.494
28,457,695.225,1313.2,3398.88,2626.4,463.483,231.742,154.494,154.494,154.494,77.2472,154.494
30,457,386.236,463.483,1081.46,1467.7,308.989,154.494,77.2472,231.742,231.742,154.494,154.494
31,457,463.483,1081.46,463.483,540.73,386.236,386.236,154.494,231.742,308.989,154.494,231.742
32,457,772.472,1004.21,926.966,695.225,308.989,463.483,308.989,77.2472,154.494,154.494,77.2472
33,457,463.483,695.225,463.483,540.73,308.989,463.483,463.483,154.494,154.494,308.989,154.494
34,457,463.483,540.73,617.978,386.236,308.989,617.978,1081.46,617.978,231.742,463.483,308.989
35,457,1622.19,849.719,1081.46,1390.45,617.978,386.236,1158.71,1235.96,926.966,926.966,695.225
36,457,1390.45,1158.71,772.472,1158.71,1158.71,926.966,849.719,772.472,1081.46,772.472,849.719
37,457,1004.21,1390.45,1931.18,1081.46,617.978,1544.94,1544.94,772.472,617.978,463.483,463.483
38,457,1622.19,1699.44,2008.43,1622.19,386.236,1004.21,1390.45,849.719,695.225,386.236,463.483
39,457,1544.94,1313.2,2935.39,1544.94,926.966,1622.19,1544.94,772.472,772.472,540.73,540.73
40,457,849.719,1158.71,3553.37,2935.39,1004.21,3089.89,2935.39,1313.2,926.966,849.719,617.978
41,457,926.966,1467.7,2317.42,2162.92,1004.21,2240.17,2471.91,1313.2,1544.94,772.472,1081.46
42,457,849.719,1622.19,2085.67,1776.69,772.472,1467.7,1776.69,617.978,772.472,463.483,617.978
43,457,1158.71,1467.7,1622.19,1853.93,540.73,1158.71,1776.69,2394.66,1004.21,1776.69,1004.21
45,457,617.978,1004.21,1467.7,1699.44,617.978,1158.71,1467.7,1313.2,1776.69,2008.43,1776.69
46,457,849.719,1313.2,1158.71,1390.45,463.483,1931.18,2626.4,1235.96,1081.46,2317.42,1081.46
47,457,1004.21,1699.44,1313.2,1544.94,386.236,1390.45,2703.65,1776.69,1081.46,2703.65,1313.2
48,457,1390.45,1699.44,1699.44,1158.71,308.989,1467.7,3553.37,4248.6,1853.93,2703.65,1776.69
49,457,2240.17,5407.3,1235.96,1313.2,386.236,926.966,2085.67,4094.1,3707.87,3630.62,3167.13
50,457,2394.66,4712.08,2240.17,1622.19,695.225,926.966,849.719,1853.93,2858.15,2549.16,2858.15
51,457,1081.46,2858.15,2317.42,1776.69,1081.46,926.966,1081.46,2008.43,1622.19,1235.96,1467.7
52,457,1390.45,1544.94,2162.92,1853.93,1158.71,772.472,1081.46,1544.94,1853.93,1544.94,1622.19
53,457,1544.94,2008.43,1158.71,1390.45,772.472,849.719,1158.71,1467.7,1622.19,1467.7,1544.94
54,457,1544.94,1158.71,1390.45,1235.96,1004.21,617.978,926.966,1467.7,1544.94,1004.21,1158.71
55,457,926.966,849.719,849.719,1004.21,386.236,695.225,695.225,695.225,1158.71,772.472,926.966
56,457,463.483,540.73,695.225,540.73,463.483,308.989,308.989,308.989,386.236,308.989,386.236
57,457,308.989,308.989,386.236,463.483,386.236,308.989,308.989,463.483,308.989,154.494,154.494
22,458,308.989,308.989,231.742,231.742,154.494,77.2472,77.2472,154.494,77.2472,77.2472,77.2472
23,458,231.742,308.989,154.494,154.494,231.742,154.494,77.2472,77.2472,77.2472,77.2472,77.2472
24,458,308.989,463.483,231.742,154.494,308.989,231.742,231.742,154.494,154.494,77.2472,154.494
25,458,540.73,1313.2,308.989,231.742,463.483,231.742,231.742,154.494,154.494,77.2472,77.2472
26,458,1235.96,2780.9,1390.45,849.719,386.236,231.742,308.989,231.742,154.494,154.494,77.2472
27,458,1853.93,3785.11,2394.66,2240.17,463.483,154.494,154.494,231.742,231.742,154.494,154.494
28,458,1313.2,3167.13,2240.17,1699.44,231.742,77.2472,77.2472,154.494,154.494,77.2472,77.2472
30,458,463.483,540.73,1467.7,1467.7,154.494,77.2472,154.494,154.494,154.494,154.494,77.2472
31,458,463.483,1081.46,540.73,386.236,308.989,154.494,154.494,231.742,231.742,154.494,154.494
32,458,540.73,617.978,386.236,308.989,463.483,386.236,154.494,154.494,154.494,154.494,77.2472
33,458,617.978,695.225,540.73,231.742,1004.21,772.472,308.989,77.2472,154.494,154.494,77.2472
34,458,1081.46,1313.2,1390.45,540.73,1004.21,1622.19,926.966,231.742,154.494,154.494,154.494
35,458,772.472,1081.46,1931.18,1853.93,926.966,1235.96,1467.7,540.73,386.236,308.989,231.742
36,458,695.225,2008.43,1699.44,2008.43,1931.18,1004.21,926.966,617.978,617.978,231.742,463.483
37,458,1235.96,2394.66,4557.58,2858.15,1390.45,1390.45,695.225,308.989,463.483,231.742,308.989
38,458,1699.44,3244.38,4248.6,4480.34,1158.71,1390.45,617.978,154.494,154.494,308.989,154.494
39,458,1467.7,3244.38,2626.4,2317.42,2703.65,2162.92,926.966,231.742,154.494,308.989,231.742
40,458,1544.94,2858.15,2471.91,2008.43,3244.38,2935.39,1313.2,308.989,231.742,308.989,231.742
41,458,926.966,2240.17,1313.2,1313.2,2703.65,1853.93,695.225,386.236,386.236,231.742,231.742
42,458,1390.45,2008.43,2471.91,1467.7,1699.44,2085.67,1313.2,849.719,695.225,386.236,386.236
43,458,1235.96,2626.4,4325.84,3089.89,463.483,1931.18,3167.13,2085.67,1390.45,1235.96,1158.71
44,458,1235.96,1699.44,4712.08,3476.12,617.978,1699.44,2471.91,1853.93,1853.93,1544.94,1544.94
45,458,772.472,1313.2,2626.4,2626.4,1622.19,3012.64,2317.42,772.472,1081.46,1081.46,1004.21
46,458,849.719,1313.2,1622.19,1235.96,1699.44,3167.13,2626.4,386.236,463.483,772.472,463.483
47,458,1081.46,1853.93,1622.19,1313.2,2162.92,4016.85,3862.36,772.472,386.236,849.719,386.236
48,458,695.225,1158.71,2162.92,1544.94,1004.21,3939.61,5793.54,3012.64,1081.46,1467.7,772.472
49,458,1931.18,2008.43,2626.4,2549.16,540.73,1622.19,3089.89,3321.63,3012.64,2626.4,2317.42
50,458,2780.9,3244.38,1544.94,1622.19,617.978,1235.96,1931.18,2626.4,2471.91,2085.67,2317.42
51,458,926.966,2162.92,2471.91,1699.44,849.719,1313.2,2240.17,3012.64,2549.16,1467.7,1853.93
52,458,1544.94,1622.19,2471.91,2394.66,926.966,1158.71,1699.44,1544.94,2626.4,1622.19,2008.43
53,458,1158.71,1544.94,1776.69,1699.44,1313.2,1004.21,1467.7,1235.96,1313.2,926.966,1158.71
54,458,1158.71,926.966,1081.46,1158.71,1004.21,849.719,1081.46,1158.71,1081.46,386.236,617.978
55,458,772.472,772.472,695.225,695.225,308.989,540.73,386.236,386.236,772.472,386.236,540.73
56,458,463.483,386.236,695.225,540.73,386.236,231.742,231.742,540.73,308.989,154.494,231.742
59,458,231.742,231.742,231.742,231.742,308.989,154.494,154.494,154.494,231.742,231.742,231.742
23,459,308.989,308.989,154.494,154.494,231.742,154.494,77.2472,77.2472,154.494,77.2472,77.2472
24,459,463.483,540.73,231.742,154.494,308.989,231.742,154.494,154.494,154.494,154.494,154.494
25,459,695.225,1622.19,231.742,308.989,386.236,231.742,154.494,154.494,154.494,154.494,77.2472
26,459,1081.46,2858.15,463.483,308.989,308.989,231.742,154.494,154.494,154.494,154.494,77.2472
27,459,2162.92,3089.89,772.472,617.978,154.494,77.2472,154.494,77.2472,154.494,77.2472,77.2472
28,459,2240.17,4016.85,1235.96,772.472,154.494,77.2472,77.2472,77.2472,154.494,154.494,77.2472
29,459,1622.19,1699.44,2317.42,1313.2,154.494,154.494,154.494,154.494,154.494,154.494,154.494
30,459,772.472,695.225,1313.2,926.966,154.494,154.494,154.494,154.494,154.494,77.2472,154.494
31,459,463.483,386.236,617.978,386.236,154.494,77.2472,154.494,77.2472,154.494,154.494,77.2472
32,459,849.719,695.225,386.236,386.236,308.989,154.494,77.2472,77.2472,154.494,154.494,77.2472
33,459,1081.46,1699.44,386.236,386.236,849.719,386.236,77.2472,77.2472,154.494,154.494,154.494
34,459,926.966,1699.44,1158.71,463.483,1390.45,1081.46,231.742,154.494,154.494,154.494,154.494
35,459,1158.71,1931.18,2626.4,2008.43,1004.21,1313.2,540.73,154.494,154.494,154.494,77.2472
36,459,1544.94,4403.09,2008.43,2085.67,1390.45,695.225,386.236,231.742,231.742,154.494,77.2472
37,459,1853.93,4094.1,2935.39,2008.43,1544.94,463.483,231.742,154.494,154.494,231.742,77.2472
38,459,1390.45,3244.38,1699.44,2317.42,1622.19,540.73,154.494,231.742,154.494,463.483,231.742
39,459,772.472,2549.16,695.225,1081.46,2085.67,1004.21,231.742,463.483,386.236,617.978,540.73
40,459,1158.71,1776.69,849.719,617.978,1622.19,849.719,308.989,695.225,695.225,695.225,772.472
41,459,1699.44,3167.13,1158.71,695.225,2085.67,540.73,308.989,617.978,695.225,540.73,695.225
42,459,2162.92,4866.57,2858.15,1235.96,2935.39,2162.92,926.966,540.73,540.73,386.236,386.236
43,459,2240.17,4712.08,3244.38,2935.39,1622.19,2935.39,2008.43,1004.21,617.978,540.73,386.236
44,459,1853.93,3012.64,1544.94,1544.94,1390.45,2162.92,1622.19,2162.92,1390.45,2008.43,1158.71
45,459,1158.71,2008.43,1081.46,540.73,2780.9,2703.65,695.225,2085.67,2317.42,3398.88,2394.66
46,459,772.472,2008.43,772.472,617.978,5252.81,2780.9,695.225,1004.21,1544.94,2317.42,1931.18
47,459,1235.96,2240.17,1467.7,1699.44,6179.78,4943.82,1776.69,849.719,849.719,926.966,926.966
48,459,1622.19,2549.16,2240.17,2162.92,2703.65,4712.08,3553.37,1235.96,926.966,849.719,772.472
49,459,1544.94,2085.67,3012.64,2394.66,1853.93,2085.67,2626.4,1467.7,1158.71,1158.71,1081.46
50,459,1313.2,2703.65,3939.61,2317.42,1931.18,2162.92,2394.66,2626.4,1622.19,1158.71,1313.2
51,459,1931.18,2858.15,3630.62,2935.39,1467.7,2008.43,2008.43,2240.17,2858.15,1313.2,1931.18
52,459,1313.2,2317.42,2085.67,2317.42,1467.7,1235.96,926.966,772.472,1699.44,1004.21,1467.7
53,459,926.966,1313.2,1390.45,1467.7,1467.7,1081.46,1081.46,1158.71,695.225,308.989,386.236
54,459,1004.21,926.966,926.966,1004.21,617.978,617.978,695.225,772.472,1081.46,386.236,540.73
55,459,772.472,772.472,1158.71,772.472,308.989,231.742,231.742,463.483,695.225,463.483,617.978
56,459,463.483,386.236,772.472,695.225,386.236,386.236,540.73,695.225,386.236,231.742,308.989
57,459,231.742,308.989,231.742,308.989,231.742,463.483,617.978,463.483,540.73,231.742,308.989
58,459,231.742,308.989,231.742,231.742,231.742,154.494,231.742,154.494,308.989,308.989,308.989
25,460,386.236,695.225,463.483,308.989,231.742,154.494,154.494,154.494,154.494,77.2472,77.2472
26,460,617.978,1235.96,308.989,308.989,231.742,77.2472,77.2472,154.494,154.494,77.2472,154.494
27,460,1467.7,1853.93,308.989,154.494,77.2472,77.2472,77.2472,77.2472,154.494,77.2472,77.2472
28,460,2394.66,3089.89,540.73,386.236,77.2472,77.2472,77.2472,77.2472,77.2472,77.2472,77.2472
29,460,2317.42,1931.18,540.73,386.236,154.494,154.494,77.2472,154.494,154.494,154.494,77.2472
30,460,1158.71,772.472,386.236,231.742,231.742,77.2472,77.2472,154.494,231.742,154.494,154.494
31,460,772.472,463.483,308.989,154.494,154.494,154.494,77.2472,154.494,231.742,154.494,154.494
32,460,617.978,617.978,540.73,386.236,154.494,77.2472,77.2472,154.494,154.494,154.494,77.2472
33,460,1004.21,1390.45,926.966,926.966,386.236,77.2472,77.2472,154.494,154.494,154.494,154.494
34,460,849.719,2394.66,772.472,926.966,772.472,154.494,77.2472,231.742,231.742,231.742,154.494
35,460,1158.71,2085.67,1004.21,1004.21,695.225,386.236,77.2472,231.742,231.742,154.494,154.494
36,460,1235.96,2858.15,849.719,772.472,463.483,231.742,154.494,154.494,154.494,154.494,154.494
37,460,1004.21,1776.69,1235.96,695.225,463.483,154.494,154.494,154.494,77.2472,231.742,154.494
38,460,849.719,1081.46,849.719,617.978,540.73,308.989,540.73,231.742,154.494,308.989,154.494
39,460,1544.94,1313.2,1390.45,695.225,463.483,308.989,695.225,308.989,231.742,386.236,308.989
40,460,2626.4,2626.4,2008.43,1544.94,386.236,308.989,695.225,617.978,463.483,463.483,463.483
41,460,1853.93,3707.87,2162.92,1622.19,1081.46,386.236,463.483,772.472,772.472,695.225,695.225
42,460,1622.19,3321.63,2317.42,1853.93,2703.65,1004.21,463.483,695.225,695.225,540.73,695.225
43,460,1853.93,2317.42,1544.94,1931.18,2317.42,2008.43,1776.69,1776.69,849.719,695.225,772.472
44,460,1467.7,1544.94,1467.7,1004.21,1081.46,1313.2,3553.37,3476.12,2317.42,2162.92,1853.93
45,460,1467.7,1544.94,1158.71,1004.21,1544.94,617.978,2471.91,3244.38,3553.37,3476.12,3244.38
46,460,617.978,1622.19,1467.7,1081.46,3398.88,849.719,849.719,1853.93,2549.16,2394.66,2471.91
47,460,1081.46,2780.9,2008.43,1931.18,5175.56,2162.92,849.719,1235.96,1467.7,1081.46,1235.96
48,460,3167.13,3785.11,5407.3,4480.34,3707.87,2703.65,1313.2,849.719,1004.21,849.719,849.719
49,460,5098.31,5484.55,3862.36,4403.09,3244.38,2085.67,1622.19,1467.7,1004.21,849.719,926.966
50,460,3398.88,3939.61,3707.87,2935.39,2394.66,2085.67,1931.18,2162.92,1931.18,1004.21,1390.45
51,460,1622.19,2240.17,1853.93,2240.17,1544.94,1158.71,926.966,1004.21,2008.43,1004.21,1544.94
52,460,1004.21,1544.94,849.719,1004.21,1699.44,695.225,540.73,617.978,695.225,463.483,617.978
53,460,1313.2,1390.45,1081.46,1004.21,849.719,849.719,772.472,1004.21,772.472,231.742,386.236
54,460,926.966,1622.19,1699.44,1390.45,308.989,308.989,386.236,617.978,1004.21,617.978,772.472
55,460,540.73,695.225,1313.2,1158.71,540.73,308.989,308.989,463.483,463.483,540.73,617.978
56,460,463.483,308.989,386.236,540.73,386.236,695.225,617.978,463.483,386.236,231.742,231.742
57,460,308.989,308.989,308.989,231.742,154.494,463.483,386.236,231.742,386.236,154.494,231.742
24,461,231.742,463.483,231.742,154.494,154.494,154.494,77.2472,77.2472,154.494,154.494,77.2472
25,461,231.742,386.236,154.494,154.494,77.2472,154.494,154.494,77.2472,154.494,77.2472,77.2472
27,461,849.719,849.719,231.742,154.494,77.2472,77.2472,77.2472,77.2472,154.494,77.2472,77.2472
28,461,1467.7,1004.21,154.494,154.494,77.2472,77.2472,77.2472,77.2472,154.494,77.2472,77.2472
29,461,1776.69,772.472,154.494,154.494,77.2472,77.2472,77.2472,154.494,154.494,154.494,77.2472
30,461,926.966,463.483,231.742,154.494,77.2472,77.2472,154.494,154.494,154.494,154.494,154.494
31,461,540.73,540.73,154.494,154.494,77.2472,77.2472,154.494,154.494,154.494,154.494,154.494
32,461,463.483,849.719,540.73,231.742,77.2472,77.2472,154.494,154.494,154.494,154.494,77.2472
33,461,463.483,772.472,617.978,463.483,154.494,77.2472,154.494,154.494,154.494,154.494,77.2472
34,461,695.225,1004.21,386.236,540.73,386.236,77.2472,154.494,231.742,154.494,154.494,77.2472
35,461,1081.46,1235.96,308.989,308.989,308.989,77.2472,154.494,308.989,308.989,154.494,154.494
36,461,1158.71,1390.45,849.719,463.483,154.494,154.494,154.494,231.742,231.742,154.494,154.494
37,461,1467.7,1313.2,926.966,849.719,308.989,231.742,154.494,154.494,154.494,154.494,77.2472
38,461,1544.94,1699.44,1235.96,849.719,695.225,617.978,231.742,154.494,154.494,154.494,77.2472
39,461,1390.45,2240.17,1776.69,1467.7,695.225,695.225,308.989,386.236,231.742,231.742,231.742
40,461,1081.46,2935.39,1931.18,1699.44,540.73,695.225,463.483,463.483,308.989,231.742,308.989
41,461,1235.96,2780.9,1699.44,1544.94,540.73,386.236,463.483,308.989,386.236,231.742,231.742
42,461,1158.71,1699.44,1313.2,1158.71,1467.7,926.966,695.225,463.483,386.236,231.742,308.989
43,461,1390.45,1776.69,1931.18,1158.71,2317.42,2858.15,1931.18,926.966,849.719,308.989,617.978
44,461,1931.18,1776.69,3321.63,2858.15,1235.96,3862.36,3476.12,1467.7,1313.2,540.73,849.719
45,461,1699.44,2317.42,2008.43,2780.9,617.978,1931.18,2780.9,1313.2,1390.45,772.472,1004.21
46,461,849.719,2549.16,1390.45,1235.96,1158.71,849.719,1467.7,926.966,1081.46,695.225,772.472
47,461,926.966,5716.29,3862.36,2317.42,2703.65,1004.21,849.719,772.472,849.719,772.472,772.472
48,461,1931.18,4403.09,5330.06,5716.29,2626.4,1235.96,772.472,1081.46,926.966,695.225,772.472
49,461,2935.39,4171.35,4248.6,4248.6,2240.17,1622.19,1467.7,1544.94,1235.96,695.225,849.719
50,461,2858.15,2394.66,3476.12,3785.11,1081.46,1390.45,1544.94,1081.46,1467.7,695.225,1004.21
51,461,2703.65,1622.19,2008.43,2085.67,926.966,463.483,540.73,695.225,926.966,540.73,695.225
52,461,1931.18,1699.44,2317.42,1853.93,926.966,540.73,540.73,695.225,540.73,308.989,386.236
53,461,1235.96,2162.92,2626.4,2471.91,386.236,540.73,617.978,617.978,772.472,463.483,540.73
54,461,695.225,1313.2,1931.18,2008.43,617.978,231.742,308.989,386.236,540.73,540.73,540.73
55,461,617.978,617.978,617.978,695.225,695.225,463.483,308.989,231.742,308.989,308.989,308.989
56,461,386.236,386.236,695.225,308.989,308.989,617.978,386.236,154.494,231.742,154.494,154.494
58,461,231.742,308.989,308.989,386.236,231.742,154.494,154.494,231.742,154.494,154.494,77.2472
25,462,308.989,308.989,231.742,231.742,77.2472,77.2472,77.2472,77.2472,154.494,77.2472,77.2472
28,462,463.483,231.742,231.742,231.742,77.2472,77.2472,77.2472,154.494,77.2472,154.494,77.2472
29,462,849.719,386.236,154.494,154.494,77.2472,154.494,77.2472,77.2472,77.2472,154.494,77.2472
30,462,386.236,308.989,154.494,154.494,154.494,154.494,154.494,154.494,154.494,77.2472,77.2472
31,462,617.978,772.472,154.494,154.494,154.494,154.494,154.494,154.494,154.494,77.2472,77.2472
32,462,386.236,695.225,231.742,231.742,231.742,154.494,154.494,154.494,154.494,154.494,77.2472
33,462,231.742,540.73,308.989,308.989,231.742,154.494,154.494,154.494,154.494,77.2472,77.2472
34,462,463.483,463.483,231.742,231.742,154.494,231.742,231.742,154.494,77.2472,154.494,77.2472
35,462,772.472,1004.21,308.989,154.494,154.494,231.742,231.742,154.494,154.494,154.494,77.2472
36,462,1158.71,1081.46,463.483,386.236,154.494,154.494,154.494,154.494,154.494,77.2472,77.2472
37,462,1467.7,1544.94,386.236,463.483,386.236,154.494,154.494,154.494,154.494,154.494,77.2472
38,462,1622.19,2008.43,617.978,463.483,540.73,231.742,231.742,231.742,154.494,154.494,154.494
39,462,1235.96,2008.43,617.978,695.225,695.225,231.742,463.483,463.483,231.742,308.989,231.742
40,462,772.472,1776.69,772.472,463.483,540.73,386.236,308.989,926.966,772.472,540.73,695.225
41,462,1390.45,1853.93,2780.9,1853.93,772.472,386.236,231.742,617.978,849.719,540.73,617.978
42,462,1467.7,2626.4,4171.35,3476.12,2085.67,772.472,231.742,308.989,386.236,308.989,308.989
43,462,1158.71,2858.15,3321.63,3244.38,3707.87,2008.43,540.73,463.483,308.989,154.494,154.494
44,462,849.719,1776.69,1776.69,2162.92,3553.37,2780.9,1004.21,849.719,540.73,386.236,386.236
45,462,849.719,1931.18,1390.45,1467.7,2008.43,1931.18,1004.21,1467.7,1081.46,1004.21,849.719
46,462,926.966,3862.36,1931.18,1853.93,1004.21,1004.21,926.966,1776.69,1622.19,1390.45,1390.45
47,462,849.719,4094.1,2240.17,2626.4,1081.46,695.225,849.719,1390.45,1544.94,1081.46,1390.45
48,462,1235.96,4712.08,3939.61,2626.4,1931.18,1004.21,1158.71,849.719,1158.71,540.73,849.719
49,462,1699.44,3398.88,5407.3,4171.35,1931.18,1622.19,1235.96,540.73,695.225,386.236,463.483
50,462,3476.12,2858.15,3707.87,3862.36,772.472,1081.46,772.472,617.978,540.73,386.236,386.236
51,462,3321.63,3244.38,4016.85,3012.64,772.472,463.483,617.978,926.966,695.225,463.483,463.483
52,462,1776.69,3012.64,3398.88,3476.12,540.73,617.978,695.225,617.978,695.225,540.73,540.73
53,462,926.966,1853.93,2240.17,2394.66,463.483,386.236,386.236,231.742,386.236,540.73,463.483
54,462,926.966,1004.21,1004.21,1081.46,695.225,308.989,231.742,231.742,231.742,231.742,231.742
55,462,695.225,926.966,1235.96,540.73,463.483,386.236,231.742,154.494,231.742,154.494,154.494
57,462,231.742,308.989,540.73,772.472,154.494,154.494,154.494,386.236,231.742,154.494,154.494
31,463,463.483,386.236,308.989,231.742,154.494,231.742,154.494,154.494,154.494,154.494,77.2472
34,463,231.742,308.989,308.989,308.989,386.236,231.742,77.2472,154.494,154.494,77.2472,77.2472
35,463,386.236,463.483,154.494,154.494,308.989,154.494,154.494,77.2472,77.2472,154.494,77.2472
36,463,463.483,463.483,231.742,154.494,154.494,77.2472,77.2472,154.494,154.494,154.494,77.2472
37,463,540.73,695.225,463.483,386.236,308.989,154.494,231.742,308.989,154.494,154.494,77.2472
38,463,463.483,695.225,463.483,540.73,463.483,463.483,308.989,386.236,231.742,231.742,154.494
39,463,617.978,926.966,386.236,308.989,308.989,540.73,463.483,231.742,231.742,154.494,154.494
40,463,926.966,2626.4,1235.96,695.225,231.742,308.989,463.483,231.742,231.742,231.742,231.742
41,463,1622.19,4789.33,2549.16,1931.18,386.236,231.742,386.236,308.989,308.989,231.742,308.989
42,463,1081.46,3862.36,2008.43,2085.67,1004.21,308.989,386.236,308.989,386.236,231.742,308.989
43,463,540.73,1699.44,1544.94,1622.19,1853.93,540.73,540.73,463.483,386.236,231.742,308.989
44,463,617.978,1544.94,3398.88,2162.92,1776.69,926.966,1158.71,926.966,617.978,308.989,463.483
45,463,540.73,1622.19,4403.09,3939.61,1158.71,1004.21,1853.93,1313.2,1158.71,772.472,849.719
46,463,1081.46,2394.66,2085.67,2780.9,1081.46,1004.21,1622.19,1158.71,1313.2,1004.21,1158.71
47,463,2317.42,5639.04,2394.66,2085.67,1699.44,926.966,1004.21,695.225,1004.21,695.225,926.966
48,463,1776.69,5561.8,4866.57,3939.61,1853.93,1158.71,617.978,540.73,540.73,308.989,386.236
49,463,2780.9,4557.58,4094.1,4325.84,1313.2,926.966,463.483,1081.46,617.978,231.742,463.483
50,463,2858.15,4789.33,4634.83,2935.39,1081.46,617.978,772.472,1313.2,1158.71,386.236,695.225
51,463,2240.17,3089.89,3167.13,3012.64,1004.21,849.719,926.966,772.472,1158.71,540.73,849.719
52,463,1699.44,1853.93,1467.7,1390.45,463.483,540.73,463.483,308.989,540.73,463.483,540.73
53,463,1467.7,1390.45,1390.45,926.966,463.483,231.742,231.742,386.236,231.742,231.742,231.742
54,463,1004.21,1853.93,1235.96,695.225,308.989,231.742,231.742,308.989,231.742,154.494,154.494
55,463,617.978,1081.46,1235.96,695.225,154.494,154.494,77.2472,231.742,231.742,231.742,154.494
56,463,308.989,617.978,772.472,849.719,154.494,154.494,231.742,386.236,231.742,154.494,154.494
57,463,231.742,463.483,463.483,540.73,231.742,154.494,308.989,308.989,308.989,77.2472,154.494
30,464,308.989,308.989,154.494,154.494,154.494,154.494,154.494,154.494,154.494,154.494,77.2472
31,464,386.236,849.719,231.742,154.494,154.494,77.2472,154.494,154.494,154.494,154.494,77.2472
32,464,463.483,926.966,386.236,308.989,154.494,154.494,77.2472,77.2472,154.494,154.494,77.2472
35,464,231.742,308.989,231.742,308.989,154.494,77.2472,77.2472,154.494,77.2472,154.494,77.2472
36,464,308.989,540.73,308.989,308.989,231.742,231.742,154.494,154.494,154.494,154.494,77.2472
37,464,308.989,540.73,540.73,463.483,463.483,308.989,386.236,154.494,154.494,154.494,154.494
38,464,540.73,540.73,1004.21,849.719,695.225,308.989,386.236,308.989,231.742,154.494,154.494
39,464,849.719,1313.2,1081.46,1158.71,695.225,308.989,231.742,386.236,308.989,231.742,154.494
40,464,1313.2,2858.15,772.472,540.73,463.483,308.989,154.494,463.483,463.483,154.494,231.742
41,464,695.225,1931.18,2703.65,1699.44,540.73,308.989,154.494,386.236,463.483,154.494,231.742
42,464,1004.21,1622.19,3089.89,2549.16,617.978,386.236,154.494,231.742,386.236,154.494,231.742
43,464,1622.19,3785.11,2780.9,2162.92,1390.45,772.472,308.989,231.742,231.742,154.494,154.494
44,464,1544.94,4480.34,3630.62,3089.89,2471.91,1544.94,695.225,386.236,308.989,154.494,154.494
45,464,1313.2,2240.17,3089.89,3244.38,2162.92,1931.18,1004.21,695.225,540.73,154.494,308.989
46,464,1004.21,2317.42,2626.4,2008.43,1544.94,1235.96,772.472,772.472,695.225,231.742,386.236
47,464,1158.71,3630.62,2471.91,2008.43,1081.46,617.978,386.236,772.472,617.978,231.742,308.989
48,464,2240.17,4094.1,1544.94,1699.44,926.966,386.236,540.73,1081.46,695.225,308.989,386.236
49,464,2703.65,5484.55,2549.16,1390.45,1467.7,540.73,926.966,1313.2,1081.46,463.483,617.978
50,464,2085.67,3012.64,2703.65,2162.92,1313.2,849.719,926.966,926.966,1235.96,617.978,849.719
51,464,2240.17,2008.43,1390.45,1390.45,617.978,695.225,463.483,386.236,772.472,463.483,695.225
52,464,2008.43,1931.18,2085.67,1158.71,386.236,231.742,308.989,463.483,308.989,154.494,308.989
53,464,1390.45,1776.69,1467.7,1544.94,308.989,231.742,386.236,540.73,308.989,154.494,154.494
54,464,617.978,1081.46,617.978,617.978,231.742,154.494,231.742,231.742,386.236,231.742,231.742
55,464,463.483,695.225,386.236,463.483,386.236,154.494,154.494,231.742,231.742,308.989,231.742
56,464,308.989,617.978,463.483,386.236,308.989,308.989,308.989,231.742,154.494,154.494,154.494
58,464,231.742,308.989,540.73,772.472,231.742,77.2472,154.494,231.742,154.494,154.494,154.494
30,465,308.989,231.742,154.494,154.494,77.2472,154.494,77.2472,77.2472,77.2472,154.494,77.2472
31,465,386.236,463.483,231.742,154.494,77.2472,154.494,77.2472,77.2472,77.2472,154.494,77.2472
32,465,463.483,695.225,463.483,308.989,77.2472,77.2472,77.2472,77.2472,154.494,154.494,77.2472
33,465,308.989,540.73,308.989,308.989,77.2472,77.2472,77.2472,154.494,154.494,77.2472,77.2472
36,465,308.989,695.225,308.989,308.989,308.989,231.742,154.494,154.494,154.494,154.494,154.494
37,465,463.483,1081.46,386.236,231.742,463.483,386.236,231.742,154.494,154.494,231.742,154.494
38,465,386.236,1081.46,849.719,540.73,308.989,308.989,308.989,154.494,154.494,231.742,154.494
39,465,617.978,926.966,1081.46,1081.46,308.989,231.742,308.989,154.494,154.494,154.494,154.494
40,465,1004.21,2703.65,849.719,926.966,308.989,154.494,308.989,231.742,231.742,231.742,154.494
41,465,1699.44,3398.88,1313.2,849.719,386.236,154.494,231.742,231.742,231.742,231.742,231.742
42,465,2317.42,3476.12,2240.17,1776.69,540.73,154.494,154.494,231.742,308.989,154.494,231.742
43,465,1776.69,3707.87,1544.94,1622.19,849.719,308.989,154.494,231.742,231.742,154.494,231.742
44,465,1699.44,3321.63,926.966,1004.21,1544.94,540.73,308.989,154.494,231.742,154.494,154.494
45,465,2626.4,3553.37,1390.45,1004.21,1235.96,617.978,540.73,308.989,231.742,154.494,77.2472
46,465,2240.17,3167.13,2703.65,2162.92,617.978,463.483,617.978,540.73,308.989,231.742,231.742
47,465,2549.16,2471.91,2626.4,2935.39,695.225,540.73,617.978,463.483,386.236,231.742,231.742
48,465,2471.91,3167.13,1853.93,1931.18,1004.21,772.472,926.966,386.236,386.236,231.742,231.742
49,465,1931.18,2471.91,2085.67,1853.93,1004.21,849.719,926.966,308.989,308.989,231.742,231.742
50,465,2240.17,2085.67,1158.71,1544.94,617.978,617.978,463.483,308.989,308.989,231.742,231.742
51,465,1931.18,2162.92,1313.2,772.472,695.225,308.989,308.989,386.236,231.742,154.494,154.494
52,465,1235.96,1235.96,1313.2,1313.2,540.73,463.483,463.483,386.236,386.236,154.494,154.494
53,465,849.719,695.225,695.225,1081.46,231.742,386.236,386.236,231.742,386.236,231.742,308.989
54,465,617.978,540.73,463.483,463.483,540.73,154.494,154.494,231.742,231.742,231.742,231.742
55,465,386.236,540.73,308.989,386.236,463.483,308.989,231.742,231.742,154.494,154.494,154.494
56,465,231.742,695.225,463.483,308.989,154.494,308.989,231.742,154.494,154.494,154.494,77.2472
57,465,308.989,463.483,540.73,540.73,154.494,154.494,154.494,231.742,154.494,77.2472,154.494
58,465,231.742,386.236,386.236,540.73,154.494,154.494,231.742,386.236,231.742,77.2472,77.2472
60,465,154.494,231.742,231.742,308.989,386.236,154.494,154.494,154.494,154.494,154.494,154.494
31,466,231.742,463.483,154.494,154.494,77.2472,154.494,77.2472,77.2472,154.494,154.494,154.494
36,466,386.236,463.483,308.989,308.989,154.494,154.494,154.494,154.494,154.494,154.494,154.494
37,466,540.73,926.966,308.989,231.742,308.989,231.742,231.742,154.494,154.494,308.989,154.494
38,466,386.236,926.966,772.472,540.73,308.989,231.742,154.494,231.742,308.989,231.742,231.742
39,466,695.225,1004.21,926.966,772.472,231.742,231.742,154.494,231.742,308.989,231.742,231.742
40,466,1467.7,1931.18,695.225,540.73,231.742,231.742,154.494,154.494,231.742,154.494,154.494
41,466,1931.18,2626.4,1081.46,772.472,231.742,231.742,154.494,154.494,154.494,154.494,154.494
42,466,1390.45,1853.93,1544.94,1235.96,231.742,154.494,231.742,231.742,154.494,154.494,77.2472
43,466,1004.21,1235.96,2008.43,1699.44,540.73,154.494,231.742,308.989,231.742,231.742,154.494
44,466,1467.7,1853.93,2858.15,2549.16,926.966,308.989,154.494,386.236,308.989,231.742,231.742
45,466,1699.44,2703.65,3321.63,3167.13,1004.21,540.73,308.989,308.989,308.989,154.494,231.742
46,466,1853.93,2317.42,2317.42,2317.42,1158.71,540.73,308.989,231.742,231.742,154.494,154.494
47,466,1776.69,1853.93,1313.2,1235.96,1235.96,617.978,231.742,308.989,231.742,154.494,154.494
48,466,1622.19,2008.43,1004.21,926.966,849.719,695.225,231.742,386.236,231.742,154.494,154.494
49,466,1776.69,1467.7,1158.71,1158.71,540.73,463.483,231.742,540.73,386.236,154.494,154.494
50,466,1776.69,1467.7,926.966,926.966,772.472,231.742,231.742,617.978,463.483,231.742,231.742
51,466,1313.2,1081.46,926.966,849.719,772.472,463.483,308.989,463.483,617.978,308.989,386.236
52,466,1004.21,695.225,540.73,772.472,386.236,540.73,308.989,231.742,463.483,308.989,463.483
53,466,617.978,540.73,695.225,463.483,386.236,308.989,154.494,231.742,308.989,231.742,308.989
54,466,386.236,386.236,849.719,849.719,463.483,154.494,154.494,308.989,231.742,154.494,154.494
55,466,308.989,540.73,463.483,695.225,308.989,231.742,154.494,231.742,231.742,77.2472,77.2472
56,466,231.742,386.236,308.989,386.236,308.989,154.494,154.494,154.494,231.742,154.494,154.494
57,466,231.742,386.236,231.742,231.742,231.742,231.742,308.989,231.742,154.494,154.494,154.494
58,466,231.742,308.989,231.742,231.742,154.494,308.989,386.236,231.742,154.494,77.2472,77.2472
59,466,154.494,386.236,231.742,231.742,308.989,154.494,231.742,154.494,154.494,154.494,77.2472
30,467,308.989,231.742,154.494,154.494,77.2472,77.2472,77.2472,77.2472,77.2472,154.494,77.2472
31,467,463.483,463.483,231.742,154.494,77.2472,77.2472,77.2472,77.2472,77.2472,154.494,154.494
32,467,617.978,772.472,308.989,231.742,77.2472,77.2472,77.2472,77.2472,77.2472,154.494,77.2472
33,467,463.483,540.73,231.742,231.742,154.494,77.2472,77.2472,154.494,154.494,154.494,77.2472
36,467,386.236,308.989,231.742,154.494,154.494,154.494,154.494,77.2472,154.494,154.494,77.2472
37,467,849.719,1004.21,463.483,231.742,154.494,231.742,231.742,77.2472,77.2472,231.742,154.494
38,467,617.978,1235.96,695.225,386.236,154.494,154.494,231.742,154.494,154.494,231.742,154.494
39,467,463.483,849.719,772.472,695.225,154.494,77.2472,154.494,154.494,154.494,231.742,231.742
40,467,772.472,1158.71,772.472,849.719,154.494,77.2472,154.494,154.494,154.494,231.742,231.742
41,467,1235.96,1776.69,772.472,540.73,231.742,231.742,77.2472,154.494,154.494,231.742,154.494
42,467,1544.94,2085.67,1158.71,772.472,231.742,308.989,231.742,154.494,154.494,154.494,154.494
43,467,2085.67,2858.15,1313.2,1004.21,231.742,154.494,308.989,154.494,154.494,154.494,77.2472
44,467,2162.92,3707.87,1544.94,1467.7,695.225,154.494,308.989,231.742,231.742,231.742,154.494
45,467,1931.18,2935.39,1622.19,1776.69,617.978,231.742,154.494,386.236,231.742,231.742,154.494
46,467,1776.69,1931.18,2008.43,1544.94,463.483,154.494,154.494,463.483,386.236,154.494,231.742
47,467,1313.2,1390.45,2626.4,2008.43,308.989,154.494,231.742,386.236,386.236,154.494,231.742
48,467,1313.2,1313.2,2008.43,2085.67,231.742,231.742,386.236,308.989,386.236,231.742,231.742
49,467,1544.94,1235.96,1390.45,1467.7,308.989,231.742,463.483,308.989,308.989,308.989,308.989
50,467,1081.46,926.966,926.966,926.966,386.236,308.989,463.483,231.742,308.989,386.236,308.989
51,467,772.472,540.73,540.73,617.978,308.989,386.236,308.989,154.494,308.989,386.236,386.236
52,467,617.978,695.225,386.236,463.483,231.742,231.742,154.494,154.494,231.742,308.989,308.989
53,467,386.236,695.225,463.483,463.483,308.989,231.742,231.742,231.742,231.742,231.742,154.494
54,467,308.989,386.236,386.236,617.978,308.989,231.742,308.989,231.742,231.742,154.494,154.494
55,467,231.742,308.989,308.989,386.236,386.236,154.494,154.494,154.494,154.494,154.494,154.494
56,467,231.742,308.989,308.989,231.742,540.73,231.742,154.494,154.494,154.494,154.494,77.2472
57,467,231.742,308.989,308.989,308.989,386.236,386.236,231.742,154.494,154.494,154.494,77.2472
32,468,308.989,386.236,308.989,231.742,154.494,77.2472,77.2472,77.2472,77.2472,154.494,77.2472
33,468,386.236,308.989,386.236,231.742,154.494,77.2472,77.2472,154.494,77.2472,154.494,77.2472
36,468,308.989,540.73,308.989,308.989,154.494,154.494,77.2472,154.494,77.2472,154.494,77.2472
37,468,540.73,926.966,308.989,231.742,154.494,231.742,77.2472,77.2472,154.494,154.494,77.2472
38,468,540.73,849.719,772.472,463.483,77.2472,154.494,154.494,154.494,154.494,231.742,154.494
39,468,540.73,849.719,1158.71,695.225,154.494,154.494,154.494,154.494,154.494,154.494,154.494
40,468,849.719,1081.46,1004.21,772.472,154.494,154.494,154.494,154.494,77.2472,154.494,77.2472
41,468,1544.94,1467.7,540.73,617.978,154.494,154.494,154.494,154.494,77.2472,154.494,77.2472
42,468,2085.67,1622.19,463.483,386.236,308.989,231.742,77.2472,154.494,154.494,154.494,77.2472
43,468,1699.44,1699.44,772.472,540.73,308.989,308.989,154.494,154.494,154.494,154.494,77.2472
44,468,1467.7,1699.44,849.719,695.225,154.494,231.742,231.742,154.494,154.494,154.494,77.2472
45,468,1853.93,2162.92,1004.21,772.472,154.494,154.494,231.742,154.494,154.494,77.2472,77.2472
46,468,2085.67,2626.4,1699.44,1004.21,231.742,231.742,231.742,154.494,154.494,154.494,77.2472
47,468,1622.19,1931.18,1390.45,1081.46,386.236,308.989,231.742,154.494,154.494,154.494,77.2472
48,468,1158.71,1313.2,772.472,772.472,540.73,463.483,308.989,231.742,154.494,154.494,77.2472
49,468,849.719,1081.46,695.225,540.73,386.236,463.483,308.989,231.742,154.494,154.494,77.2472
50,468,695.225,617.978,617.978,540.73,231.742,308.989,231.742,231.742,154.494,154.494,77.2472
51,468,617.978,386.236,386.236,386.236,231.742,231.742,154.494,231.742,231.742,154.494,77.2472
52,468,463.483,386.236,386.236,231.742,386.236,231.742,154.494,154.494,231.742,154.494,154.494
53,468,308.989,308.989,308.989,308.989,231.742,386.236,231.742,154.494,154.494,154.494,77.2472
54,468,231.742,308.989,231.742,231.742,308.989,231.742,154.494,154.494,77.2472,77.2472,77.2472
55,468,231.742,386.236,308.989,308.989,463.483,154.494,154.494,231.742,77.2472,154.494,77.2472
56,468,154.494,308.989,308.989,308.989,463.483,231.742,154.494,231.742,154.494,77.2472,77.2472
57,468,231.742,231.742,231.742,308.989,308.989,231.742,154.494,154.494,231.742,77.2472,77.2472
31,469,308.989,386.236,154.494,154.494,77.2472,77.2472,77.2472,77.2472,77.2472,154.494,77.2472
32,469,386.236,617.978,308.989,231.742,154.494,77.2472,77.2472,154.494,77.2472,154.494,77.2472
33,469,386.236,540.73,308.989,231.742,154.494,154.494,154.494,77.2472,77.2472,154.494,77.2472
36,469,540.73,386.236,386.236,308.989,77.2472,77.2472,77.2472,154.494,154.494,154.494,77.2472
37,469,849.719,926.966,463.483,308.989,154.494,77.2472,77.2472,154.494,154.494,154.494,154.494
38,469,772.472,1313.2,386.236,308.989,154.494,77.2472,77.2472,77.2472,154.494,231.742,154.494
39,469,540.73,1158.71,386.236,231.742,77.2472,77.2472,154.494,154.494,154.494,231.742,154.494
40,469,617.978,772.472,540.73,386.236,154.494,154.494,77.2472,154.494,154.494,231.742,154.494
41,469,1004.21,695.225,540.73,463.483,77.2472,77.2472,154.494,154.494,154.494,154.494,154.494
42,469,926.966,849.719,540.73,386.236,154.494,154.494,231.742,154.494,154.494,154.494,77.2472
43,469,1081.46,1004.21,695.225,463.483,308.989,154.494,231.742,231.742,154.494,154.494,154.494
44,469,1544.94,1235.96,926.966,695.225,308.989,231.742,154.494,154.494,231.742,231.742,154.494
45,469,2240.17,2240.17,1004.21,772.472,231.742,231.742,154.494,154.494,231.742,154.494,154.494
46,469,1931.18,1776.69,1004.21,772.472,231.742,231.742,154.494,231.742,154.494,154.494,77.2472
47,469,1158.71,1081.46,540.73,463.483,308.989,231.742,154.494,231.742,231.742,154.494,154.494
48,469,772.472,849.719,695.225,386.236,308.989,231.742,154.494,231.742,231.742,154.494,154.494
49,469,617.978,695.225,772.472,617.978,231.742,154.494,231.742,231.742,231.742,231.742,154.494
50,469,617.978,617.978,617.978,617.978,154.494,77.2472,231.742,308.989,231.742,231.742,154.494
51,469,463.483,540.73,463.483,308.989,154.494,154.494,231.742,231.742,231.742,231.742,154.494
52,469,308.989,308.989,386.236,308.989,231.742,231.742,154.494,154.494,154.494,154.494,154.494
53,469,231.742,308.989,231.742,308.989,154.494,154.494,154.494,154.494,154.494,154.494,154.494
56,469,231.742,231.742,154.494,231.742,308.989,154.494,154.494,154.494,308.989,154.494,154.494
33,470,308.989,308.989,231.742,231.742,154.494,154.494,77.2472,77.2472,77.2472,154.494,77.2472
34,470,386.236,386.236,231.742,154.494,231.742,154.494,154.494,154.494,77.2472,154.494,77.2472
35,470,386.236,463.483,231.742,154.494,154.494,77.2472,77.2472,154.494,77.2472,154.494,77.2472
36,470,386.236,463.483,231.742,154.494,77.2472,77.2472,77.2472,154.494,154.494,154.494,77.2472
37,470,617.978,617.978,231.742,231.742,77.2472,77.2472,77.2472,77.2472,77.2472,154.494,77.2472
38,470,772.472,695.225,386.236,308.989,154.494,77.2472,77.2472,154.494,154.494,154.494,77.2472
39,470,695.225,695.225,540.73,386.236,154.494,154.494,77.2472,77.2472,154.494,154.494,154.494
40,470,617.978,695.225,386.236,308.989,154.494,154.494,154.494,77.2472,154.494,154.494,154.494
41,470,617.978,540.73,308.989,231.742,154.494,154.494,154.494,77.2472,154.494,154.494,154.494
42,470,926.966,849.719,308.989,231.742,231.742,308.989,154.494,154.494,154.494,154.494,154.494
43,470,1544.94,1313.2,386.236,231.742,154.494,231.742,154.494,154.494,154.494,154.494,154.494
44,470,1390.45,1313.2,463.483,308.989,77.2472,154.494,231.742,77.2472,77.2472,154.494,77.2472
45,470,1004.21,1004.21,308.989,308.989,154.494,154.494,154.494,77.2472,154.494,154.494,154.494
46,470,1081.46,772.472,463.483,231.742,77.2472,154.494,231.742,154.494,154.494,154.494,77.2472
47,470,1158.71,926.966,772.472,308.989,154.494,231.742,231.742,154.494,154.494,154.494,154.494
48,470,926.966,926.966,695.225,463.483,231.742,231.742,308.989,154.494,154.494,154.494,154.494
49,470,695.225,695.225,463.483,463.483,231.742,231.742,308.989,154.494,154.494,231.742,154.494
50,470,463.483,540.73,308.989,308.989,308.989,231.742,231.742,154.494,154.494,154.494,154.494
51,470,308.989,386.236,231.742,231.742,308.989,231.742,154.494,154.494,154.494,154.494,77.2472
36,471,463.483,308.989,308.989,231.742,77.2472,77.2472,154.494,154.494,154.494,77.2472,77.2472
37,471,695.225,617.978,308.989,231.742,77.2472,77.2472,77.2472,154.494,154.494,154.494,77.2472
38,471,695.225,695.225,231.742,231.742,77.2472,77.2472,77.2472,77.2472,77.2472,77.2472,77.2472
39,471,463.483,540.73,231.742,154.494,154.494,77.2472,77.2472,77.2472,77.2472,154.494,77.2472
40,471,463.483,386.236,308.989,308.989,154.494,77.2472,77.2472,154.494,154.494,154.494,77.2472
41,471,540.73,386.236,308.989,231.742,154.494,154.494,77.2472,154.494,154.494,77.2472,77.2472
42,471,540.73,463.483,308.989,308.989,231.742,154.494,154.494,154.494,154.494,77.2472,154.494
43,471,463.483,540.73,386.236,308.989,154.494,154.494,77.2472,154.494,231.742,154.494,77.2472
44,471,617.978,463.483,386.236,308.989,154.494,154.494,77.2472,154.494,154.494,77.2472,77.2472
45,471,1081.46,772.472,540.73,386.236,77.2472,154.494,154.494,77.2472,154.494,77.2472,77.2472
46,471,1313.2,1158.71,617.978,386.236,154.494,154.494,154.494,77.2472,77.2472,154.494,77.2472
47,471,849.719,926.966,540.73,463.483,231.742,231.742,77.2472,154.494,77.2472,77.2472,77.2472
48,471,540.73,540.73,386.236,386.236,231.742,231.742,154.494,77.2472,154.494,77.2472,77.2472
49,471,308.989,386.236,231.742,231.742,231.742,231.742,154.494,154.494,154.494,77.2472,77.2472
50,471,308.989,308.989,231.742,231.742,231.742,154.494,154.494,231.742,154.494,77.2472,77.2472
35,472,308.989,386.236,154.494,154.494,154.494,154.494,154.494,154.494,77.2472,154.494,77.2472
36,472,386.236,308.989,154.494,154.494,77.2472,77.2472,77.2472,154.494,77.2472,154.494,77.2472
37,472,463.483,308.989,231.742,231.742,154.494,77.2472,77.2472,154.494,154.494,154.494,77.2472
38,472,463.483,308.989,231.742,231.742,154.494,77.2472,77.2472,154.494,154.494,154.494,77.2472
39,472,463.483,386.236,231.742,231.742,77.2472,154.494,77.2472,154.494,154.494,154.494,77.2472
40,472,463.483,308.989,231.742,154.494,77.2472,77.2472,154.494,77.2472,154.494,154.494,77.2472
41,472,386.236,308.989,231.742,154.494,154.494,154.494,77.2472,77.2472,77.2472,154.494,77.2472
42,472,386.236,386.236,231.742,231.742,154.494,154.494,154.494,77.2472,77.2472,154.494,77.2472
43,472,617.978,617.978,231.742,231.742,154.494,77.2472,154.494,77.2472,154.494,154.494,77.2472
44,472,849.719,772.472,231.742,154.494,154.494,77.2472,154.494,77.2472,154.494,77.2472,77.2472
45,472,772.472,772.472,231.742,154.494,154.494,77.2472,77.2472,154.494,154.494,154.494,77.2472
46,472,463.483,617.978,231.742,231.742,154.494,77.2472,77.2472,154.494,77.2472,77.2472,77.2472
47,472,463.483,463.483,231.742,231.742,154.494,77.2472,77.2472,77.2472,154.494,77.2472,77.2472
48,472,463.483,386.236,386.236,231.742,154.494,154.494,154.494,77.2472,154.494,154.494,77.2472
49,472,386.236,386.236,540.73,386.236,154.494,154.494,154.494,154.494,154.494,154.494,154.494
50,472,386.236,386.236,540.73,386.236,154.494,154.494,154.494,154.494,154.494,154.494,154.494
51,472,231.742,308.989,308.989,308.989,154.494,154.494,231.742,154.494,154.494,154.494,154.494
36,473,308.989,231.742,231.742,231.742,154.494,77.2472,154.494,154.494,77.2472,154.494,77.2472
37,473,463.483,386.236,154.494,154.494,77.2472,77.2472,77.2472,77.2472,77.2472,154.494,77.2472
38,473,463.483,386.236,231.742,154.494,154.494,77.2472,77.2472,77.2472,77.2472,154.494,77.2472
39,473,386.236,308.989,231.742,231.742,154.494,154.494,77.2472,154.494,154.494,77.2472,77.2472
41,473,386.236,308.989,231.742,231.742,77.2472,77.2472,77.2472,77.2472,154.494,77.2472,77.2472
42,473,308.989,308.989,231.742,231.742,77.2472,77.2472,77.2472,77.2472,77.2472,77.2472,77.2472
43,473,386.236,308.989,231.742,231.742,77.2472,77.2472,77.2472,77.2472,77.2472,77.2472,77.2472
44,473,308.989,308.989,154.494,154.494,77.2472,154.494,154.494,77.2472,154.494,77.2472,77.2472
45,473,308.989,308.989,231.742,154.494,154.494,77.2472,154.494,77.2472,77.2472,77.2472,77.2472
46,473,386.236,386.236,308.989,154.494,77.2472,77.2472,154.494,154.494,77.2472,77.2472,77.2472
47,473,386.236,540.73,386.236,308.989,77.2472,77.2472,77.2472,154.494,77.2472,77.2472,77.2472
48,473,308.989,617.978,463.483,463.483,77.2472,154.494,77.2472,154.494,77.2472,77.2472,77.2472
49,473,231.742,617.978,386.236,463.483,154.494,154.494,77.2472,154.494,77.2472,77.2472,77.2472
50,473,231.742,386.236,231.742,386.236,154.494,154.494,154.494,154.494,154.494,77.2472,77.2472
35,474,231.742,231.742,154.494,154.494,154.494,154.494,154.494,77.2472,77.2472,154.494,77.2472
45,474,386.236,386.236,231.742,231.742,154.494,154.494,77.2472,77.2472,77.2472,77.2472,77.2472
46,474,308.989,463.483,231.742,231.742,154.494,154.494,77.2472,154.494,154.494,154.494,77.2472
47,474,231.742,386.236,231.742,231.742,154.494,77.2472,77.2472,77.2472,77.2472,77.2472,77.2472
42,475,308.989,231.742,154.494,154.494,77.2472,77.2472,77.2472,77.2472,77.2472,154.494,77.2472
