129,430,154.494,231.742,154.494,154.494,308.989,154.494,154.494,77.2472,77.2472,154.494,77.2472
129,432,154.494,231.742,231.742,154.494,540.73,231.742,154.494,77.2472,77.2472,154.494,77.2472
129,433,154.494,154.494,231.742,154.494,617.978,154.494,154.494,77.2472,77.2472,154.494,77.2472
129,434,154.494,231.742,231.742,154.494,695.225,154.494,154.494,77.2472,77.2472,154.494,77.2472
129,435,154.494,231.742,231.742,154.494,540.73,154.494,154.494,77.2472,77.2472,154.494,77.2472
130,426,231.742,231.742,231.742,231.742,231.742,231.742,231.742,154.494,154.494,308.989,154.494
130,427,231.742,308.989,231.742,154.494,308.989,231.742,231.742,154.494,77.2472,154.494,154.494
130,428,154.494,231.742,231.742,154.494,463.483,231.742,154.494,77.2472,154.494,154.494,154.494
130,431,154.494,231.742,154.494,154.494,540.73,231.742,308.989,154.494,154.494,154.494,154.494
130,432,231.742,308.989,154.494,154.494,540.73,308.989,231.742,77.2472,77.2472,231.742,154.494
130,433,231.742,308.989,231.742,154.494,540.73,231.742,154.494,154.494,77.2472,154.494,154.494
130,434,231.742,386.236,231.742,231.742,617.978,231.742,154.494,77.2472,77.2472,154.494,77.2472
130,435,231.742,308.989,231.742,231.742,540.73,154.494,154.494,77.2472,77.2472,154.494,77.2472
130,436,154.494,308.989,231.742,231.742,463.483,154.494,154.494,154.494,77.2472,154.494,77.2472
131,425,154.494,308.989,308.989,308.989,308.989,231.742,308.989,231.742,154.494,308.989,231.742
131,427,154.494,308.989,308.989,308.989,386.236,308.989,308.989,154.494,154.494,154.494,154.494
131,428,154.494,308.989,231.742,231.742,386.236,308.989,231.742,154.494,154.494,154.494,154.494
131,429,231.742,386.236,231.742,231.742,540.73,231.742,154.494,154.494,154.494,77.2472,154.494
131,430,231.742,463.483,386.236,308.989,540.73,77.2472,231.742,231.742,154.494,154.494,154.494
131,431,308.989,695.225,386.236,386.236,540.73,154.494,231.742,231.742,154.494,231.742,231.742
131,432,308.989,772.472,386.236,386.236,463.483,154.494,231.742,154.494,231.742,308.989,231.742
131,433,308.989,772.472,463.483,308.989,386.236,231.742,231.742,231.742,154.494,308.989,231.742
131,434,386.236,849.719,540.73,386.236,386.236,231.742,231.742,231.742,154.494,231.742,231.742
131,435,308.989,849.719,386.236,308.989,540.73,231.742,231.742,231.742,154.494,231.742,154.494
131,436,231.742,617.978,308.989,231.742,617.978,154.494,231.742,154.494,154.494,154.494,154.494
131,437,231.742,308.989,231.742,231.742,540.73,154.494,154.494,154.494,77.2472,154.494,77.2472
131,438,231.742,463.483,308.989,154.494,386.236,154.494,154.494,77.2472,77.2472,154.494,77.2472
131,439,231.742,463.483,308.989,231.742,308.989,154.494,154.494,154.494,154.494,77.2472,77.2472
131,440,231.742,386.236,231.742,231.742,231.742,154.494,154.494,154.494,77.2472,77.2472,77.2472
131,441,231.742,308.989,154.494,154.494,231.742,154.494,154.494,154.494,77.2472,77.2472,77.2472
132,422,154.494,231.742,231.742,154.494,308.989,463.483,463.483,231.742,231.742,308.989,154.494
132,423,154.494,231.742,231.742,231.742,540.73,540.73,386.236,231.742,231.742,231.742,154.494
132,424,154.494,231.742,231.742,231.742,695.225,463.483,231.742,231.742,231.742,231.742,154.494
132,425,231.742,231.742,231.742,308.989,463.483,231.742,231.742,308.989,231.742,231.742,231.742
132,426,231.742,308.989,308.989,308.989,308.989,154.494,308.989,231.742,231.742,231.742,231.742
132,427,231.742,463.483,386.236,386.236,231.742,231.742,386.236,154.494,154.494,154.494,154.494
132,428,231.742,617.978,386.236,386.236,386.236,386.236,308.989,154.494,77.2472,77.2472,77.2472
132,429,231.742,617.978,463.483,386.236,463.483,308.989,154.494,231.742,154.494,77.2472,77.2472
132,430,231.742,540.73,772.472,695.225,540.73,154.494,154.494,231.742,154.494,77.2472,154.494
132,431,386.236,772.472,926.966,849.719,617.978,77.2472,154.494,231.742,154.494,154.494,231.742
132,432,540.73,926.966,772.472,849.719,540.73,77.2472,231.742,154.494,231.742,231.742,231.742
132,433,617.978,695.225,772.472,695.225,386.236,154.494,231.742,154.494,231.742,231.742,231.742
132,434,540.73,617.978,849.719,695.225,386.236,231.742,154.494,154.494,231.742,308.989,231.742
132,435,386.236,617.978,617.978,540.73,540.73,154.494,154.494,231.742,231.742,308.989,231.742
132,436,386.236,540.73,386.236,308.989,617.978,154.494,154.494,231.742,154.494,308.989,231.742
132,437,386.236,308.989,308.989,154.494,463.483,154.494,231.742,154.494,154.494,231.742,154.494
132,438,308.989,386.236,386.236,231.742,308.989,154.494,231.742,154.494,154.494,154.494,154.494
132,439,308.989,695.225,386.236,308.989,231.742,154.494,154.494,154.494,77.2472,154.494,77.2472
132,440,386.236,695.225,386.236,386.236,308.989,154.494,154.494,154.494,77.2472,77.2472,77.2472
132,441,231.742,386.236,308.989,231.742,231.742,154.494,231.742,154.494,154.494,77.2472,77.2472
133,422,154.494,231.742,154.494,154.494,463.483,540.73,540.73,308.989,231.742,386.236,154.494
133,423,154.494,308.989,231.742,231.742,772.472,463.483,386.236,231.742,154.494,231.742,154.494
133,424,231.742,386.236,231.742,231.742,772.472,308.989,154.494,231.742,154.494,154.494,154.494
133,425,308.989,540.73,308.989,308.989,540.73,154.494,154.494,308.989,231.742,231.742,231.742
133,427,231.742,386.236,695.225,695.225,308.989,231.742,463.483,386.236,231.742,154.494,154.494
133,428,231.742,463.483,695.225,695.225,308.989,463.483,386.236,154.494,154.494,77.2472,154.494
133,429,308.989,463.483,463.483,463.483,463.483,386.236,154.494,154.494,154.494,154.494,154.494
133,430,386.236,463.483,772.472,617.978,463.483,231.742,154.494,231.742,231.742,154.494,231.742
133,431,540.73,849.719,1313.2,926.966,540.73,154.494,154.494,308.989,308.989,154.494,231.742
133,432,926.966,1622.19,849.719,695.225,386.236,231.742,308.989,308.989,308.989,154.494,231.742
133,433,1081.46,1158.71,540.73,463.483,463.483,386.236,308.989,231.742,231.742,154.494,231.742
133,434,1004.21,772.472,617.978,386.236,463.483,308.989,231.742,154.494,231.742,231.742,231.742
133,435,540.73,617.978,463.483,308.989,463.483,154.494,154.494,154.494,231.742,231.742,231.742
133,436,463.483,540.73,231.742,231.742,463.483,154.494,154.494,154.494,231.742,231.742,231.742
133,437,540.73,463.483,231.742,231.742,308.989,154.494,154.494,154.494,231.742,231.742,231.742
133,438,695.225,540.73,386.236,308.989,231.742,154.494,231.742,154.494,154.494,231.742,154.494
133,439,386.236,386.236,617.978,463.483,154.494,154.494,154.494,154.494,154.494,154.494,154.494
133,440,386.236,695.225,386.236,386.236,231.742,154.494,154.494,154.494,154.494,77.2472,77.2472
133,441,308.989,617.978,308.989,386.236,231.742,154.494,154.494,154.494,154.494,77.2472,77.2472
133,442,231.742,386.236,308.989,308.989,231.742,154.494,231.742,154.494,154.494,77.2472,77.2472
133,443,231.742,308.989,231.742,154.494,231.742,154.494,231.742,77.2472,77.2472,154.494,77.2472
133,444,231.742,308.989,154.494,154.494,154.494,154.494,154.494,77.2472,77.2472,77.2472,77.2472
134,422,154.494,231.742,231.742,231.742,540.73,386.236,540.73,463.483,308.989,386.236,308.989
134,423,154.494,463.483,463.483,386.236,849.719,386.236,386.236,231.742,231.742,231.742,231.742
134,424,308.989,849.719,617.978,540.73,1081.46,308.989,231.742,154.494,231.742,154.494,231.742
134,425,386.236,849.719,463.483,463.483,695.225,231.742,154.494,308.989,308.989,154.494,231.742
134,428,540.73,926.966,540.73,463.483,308.989,463.483,463.483,231.742,154.494,77.2472,77.2472
134,429,540.73,926.966,463.483,463.483,386.236,386.236,231.742,77.2472,77.2472,154.494,77.2472
134,430,308.989,386.236,617.978,463.483,386.236,231.742,154.494,154.494,154.494,154.494,77.2472
134,432,540.73,540.73,1235.96,926.966,231.742,231.742,386.236,308.989,308.989,154.494,231.742
134,433,849.719,617.978,617.978,386.236,386.236,386.236,386.236,231.742,308.989,154.494,231.742
134,434,1158.71,617.978,463.483,231.742,386.236,308.989,154.494,154.494,231.742,231.742,231.742
134,435,695.225,463.483,617.978,386.236,231.742,154.494,154.494,231.742,231.742,231.742,231.742
134,436,463.483,772.472,386.236,386.236,231.742,231.742,231.742,231.742,231.742,231.742,231.742
134,437,386.236,926.966,308.989,231.742,231.742,231.742,231.742,154.494,154.494,231.742,231.742
134,438,617.978,695.225,231.742,154.494,308.989,154.494,154.494,154.494,154.494,231.742,231.742
134,439,540.73,540.73,540.73,540.73,231.742,154.494,154.494,154.494,154.494,154.494,154.494
134,440,386.236,463.483,617.978,540.73,231.742,154.494,77.2472,231.742,154.494,154.494,154.494
134,441,540.73,463.483,386.236,308.989,308.989,154.494,154.494,231.742,154.494,77.2472,77.2472
134,442,308.989,386.236,231.742,231.742,308.989,77.2472,154.494,154.494,154.494,154.494,77.2472
134,443,308.989,463.483,231.742,231.742,231.742,154.494,154.494,154.494,77.2472,154.494,77.2472
134,444,308.989,308.989,308.989,154.494,154.494,154.494,154.494,77.2472,77.2472,154.494,77.2472
135,422,154.494,231.742,540.73,617.978,617.978,463.483,540.73,617.978,540.73,540.73,540.73
135,423,231.742,540.73,1004.21,1004.21,1004.21,386.236,386.236,308.989,308.989,386.236,386.236
135,424,386.236,849.719,849.719,849.719,1081.46,231.742,231.742,154.494,231.742,231.742,231.742
135,425,540.73,926.966,308.989,463.483,849.719,231.742,154.494,154.494,231.742,154.494,231.742
135,426,463.483,463.483,308.989,154.494,463.483,231.742,154.494,308.989,308.989,231.742,231.742
135,428,463.483,617.978,926.966,617.978,231.742,386.236,463.483,308.989,154.494,77.2472,77.2472
135,429,386.236,617.978,386.236,463.483,308.989,463.483,386.236,231.742,154.494,77.2472,77.2472
135,430,308.989,308.989,463.483,540.73,308.989,308.989,154.494,154.494,154.494,77.2472,77.2472
135,431,772.472,849.719,386.236,463.483,231.742,154.494,231.742,308.989,231.742,77.2472,154.494
135,432,695.225,617.978,695.225,772.472,231.742,231.742,386.236,308.989,231.742,154.494,154.494
135,433,463.483,695.225,386.236,308.989,463.483,308.989,308.989,154.494,154.494,154.494,231.742
135,434,463.483,463.483,386.236,231.742,540.73,231.742,77.2472,77.2472,231.742,154.494,231.742
135,435,540.73,617.978,695.225,617.978,308.989,77.2472,154.494,231.742,308.989,154.494,231.742
135,436,386.236,463.483,1158.71,1081.46,154.494,154.494,231.742,308.989,308.989,154.494,231.742
135,437,308.989,695.225,695.225,463.483,308.989,231.742,308.989,231.742,154.494,154.494,154.494
135,438,540.73,772.472,386.236,154.494,386.236,231.742,231.742,77.2472,154.494,154.494,154.494
135,439,772.472,463.483,386.236,231.742,231.742,154.494,154.494,77.2472,77.2472,231.742,154.494
135,440,386.236,695.225,386.236,386.236,231.742,154.494,154.494,154.494,154.494,154.494,154.494
135,441,617.978,849.719,386.236,463.483,308.989,77.2472,77.2472,154.494,154.494,77.2472,154.494
135,442,540.73,463.483,386.236,231.742,231.742,154.494,154.494,154.494,154.494,154.494,77.2472
135,443,231.742,386.236,231.742,154.494,154.494,154.494,154.494,77.2472,77.2472,154.494,77.2472
135,444,308.989,386.236,231.742,231.742,154.494,154.494,154.494,77.2472,77.2472,154.494,154.494
136,422,154.494,308.989,540.73,617.978,617.978,308.989,386.236,386.236,463.483,308.989,386.236
136,423,308.989,463.483,926.966,926.966,617.978,231.742,231.742,154.494,231.742,231.742,231.742
136,424,617.978,926.966,1081.46,849.719,540.73,77.2472,154.494,77.2472,154.494,154.494,77.2472
136,425,772.472,1235.96,617.978,463.483,463.483,154.494,154.494,77.2472,154.494,77.2472,154.494
136,426,540.73,849.719,308.989,231.742,308.989,154.494,77.2472,231.742,308.989,308.989,308.989
136,428,617.978,463.483,463.483,386.236,231.742,308.989,540.73,540.73,386.236,231.742,308.989
136,429,617.978,695.225,308.989,231.742,231.742,463.483,463.483,308.989,308.989,154.494,154.494
136,430,386.236,617.978,386.236,386.236,231.742,308.989,231.742,231.742,154.494,154.494,154.494
136,431,386.236,463.483,386.236,463.483,231.742,154.494,154.494,308.989,231.742,154.494,231.742
136,432,463.483,695.225,1004.21,926.966,231.742,154.494,231.742,386.236,231.742,77.2472,154.494
136,433,772.472,1467.7,617.978,463.483,386.236,231.742,231.742,154.494,154.494,77.2472,77.2472
136,434,695.225,1004.21,540.73,308.989,540.73,154.494,77.2472,154.494,77.2472,154.494,154.494
136,435,540.73,617.978,463.483,308.989,386.236,77.2472,77.2472,154.494,231.742,77.2472,154.494
136,436,463.483,849.719,617.978,617.978,308.989,77.2472,154.494,231.742,308.989,77.2472,231.742
136,437,308.989,772.472,695.225,463.483,386.236,154.494,154.494,231.742,308.989,154.494,231.742
136,438,540.73,1004.21,386.236,231.742,308.989,154.494,231.742,154.494,154.494,154.494,154.494
136,439,540.73,926.966,772.472,617.978,154.494,231.742,154.494,154.494,154.494,154.494,154.494
136,440,386.236,695.225,926.966,540.73,154.494,154.494,154.494,77.2472,154.494,154.494,154.494
136,441,308.989,849.719,308.989,308.989,231.742,154.494,77.2472,154.494,231.742,154.494,154.494
136,442,386.236,463.483,386.236,386.236,154.494,77.2472,154.494,231.742,154.494,154.494,154.494
136,443,308.989,231.742,308.989,231.742,154.494,154.494,231.742,154.494,154.494,154.494,154.494
136,445,308.989,463.483,231.742,231.742,154.494,154.494,154.494,77.2472,77.2472,154.494,77.2472
136,447,308.989,540.73,231.742,154.494,154.494,154.494,77.2472,77.2472,77.2472,77.2472,77.2472
136,449,386.236,386.236,231.742,154.494,154.494,77.2472,77.2472,77.2472,77.2472,77.2472,77.2472
136,451,231.742,308.989,154.494,231.742,154.494,77.2472,77.2472,77.2472,77.2472,77.2472,77.2472
137,423,308.989,540.73,849.719,772.472,463.483,154.494,154.494,231.742,231.742,77.2472,154.494
137,424,463.483,617.978,1158.71,1004.21,386.236,154.494,77.2472,154.494,154.494,77.2472,77.2472
137,425,617.978,540.73,849.719,695.225,463.483,77.2472,77.2472,77.2472,154.494,77.2472,154.494
137,426,617.978,540.73,308.989,308.989,386.236,77.2472,77.2472,154.494,231.742,154.494,231.742
137,429,463.483,772.472,695.225,463.483,154.494,308.989,386.236,386.236,308.989,154.494,154.494
137,430,308.989,463.483,695.225,463.483,154.494,386.236,308.989,154.494,77.2472,154.494,154.494
137,431,463.483,695.225,1004.21,772.472,231.742,231.742,154.494,77.2472,231.742,154.494,231.742
137,432,308.989,617.978,1390.45,1158.71,386.236,77.2472,154.494,154.494,308.989,154.494,231.742
137,433,617.978,617.978,1158.71,1081.46,154.494,231.742,154.494,154.494,154.494,77.2472,154.494
137,434,617.978,849.719,617.978,540.73,231.742,154.494,77.2472,231.742,154.494,154.494,77.2472
137,435,1081.46,695.225,1004.21,617.978,231.742,77.2472,154.494,231.742,154.494,77.2472,77.2472
137,436,695.225,617.978,695.225,463.483,386.236,231.742,231.742,308.989,231.742,77.2472,154.494
137,437,386.236,617.978,695.225,386.236,386.236,231.742,154.494,154.494,231.742,77.2472,154.494
137,438,617.978,849.719,772.472,463.483,231.742,154.494,154.494,231.742,231.742,154.494,231.742
137,439,308.989,540.73,617.978,617.978,154.494,154.494,231.742,231.742,231.742,154.494,154.494
137,440,386.236,463.483,926.966,849.719,154.494,154.494,154.494,77.2472,77.2472,154.494,77.2472
137,442,308.989,463.483,231.742,231.742,154.494,77.2472,77.2472,231.742,231.742,77.2472,154.494
137,443,308.989,463.483,308.989,308.989,154.494,77.2472,231.742,231.742,154.494,154.494,154.494
137,445,231.742,540.73,308.989,231.742,231.742,154.494,154.494,77.2472,77.2472,154.494,77.2472
137,446,463.483,695.225,386.236,231.742,154.494,154.494,154.494,77.2472,77.2472,154.494,77.2472
137,448,463.483,617.978,308.989,154.494,154.494,77.2472,77.2472,77.2472,77.2472,77.2472,77.2472
137,450,231.742,386.236,154.494,154.494,154.494,77.2472,77.2472,77.2472,77.2472,77.2472,77.2472
138,424,695.225,695.225,463.483,386.236,463.483,154.494,231.742,154.494,154.494,154.494,77.2472
138,425,849.719,617.978,386.236,308.989,463.483,231.742,154.494,77.2472,77.2472,154.494,154.494
138,426,540.73,540.73,231.742,154.494,617.978,77.2472,154.494,154.494,154.494,77.2472,154.494
138,427,540.73,540.73,308.989,308.989,463.483,231.742,231.742,231.742,231.742,308.989,231.742
138,428,540.73,386.236,463.483,386.236,308.989,231.742,154.494,308.989,386.236,386.236,308.989
138,430,308.989,386.236,772.472,772.472,154.494,617.978,617.978,386.236,231.742,154.494,77.2472
138,431,463.483,926.966,463.483,463.483,308.989,617.978,308.989,154.494,154.494,154.494,154.494
138,432,540.73,772.472,540.73,386.236,617.978,231.742,154.494,154.494,231.742,154.494,154.494
138,433,772.472,1776.69,617.978,617.978,308.989,154.494,154.494,77.2472,154.494,154.494,77.2472
138,434,617.978,926.966,540.73,617.978,308.989,154.494,77.2472,154.494,154.494,154.494,77.2472
138,435,463.483,695.225,540.73,463.483,231.742,154.494,231.742,154.494,154.494,154.494,77.2472
138,436,695.225,1158.71,540.73,540.73,308.989,231.742,154.494,308.989,308.989,77.2472,154.494
138,437,540.73,849.719,1390.45,1081.46,463.483,154.494,154.494,231.742,231.742,77.2472,154.494
138,438,1235.96,1699.44,463.483,386.236,154.494,77.2472,154.494,77.2472,154.494,154.494,154.494
138,439,386.236,695.225,926.966,772.472,231.742,77.2472,154.494,154.494,231.742,154.494,231.742
138,440,617.978,1313.2,463.483,386.236,231.742,154.494,154.494,154.494,154.494,154.494,154.494
138,441,463.483,695.225,386.236,463.483,231.742,154.494,77.2472,154.494,154.494,154.494,77.2472
138,442,386.236,463.483,463.483,386.236,154.494,77.2472,154.494,154.494,154.494,154.494,77.2472
138,443,308.989,617.978,308.989,308.989,231.742,154.494,154.494,231.742,231.742,77.2472,154.494
138,446,386.236,617.978,308.989,308.989,231.742,154.494,77.2472,77.2472,154.494,77.2472,77.2472
138,447,386.236,463.483,540.73,308.989,231.742,77.2472,154.494,77.2472,77.2472,77.2472,77.2472
138,448,386.236,617.978,231.742,231.742,154.494,77.2472,77.2472,77.2472,77.2472,77.2472,77.2472
138,449,308.989,386.236,308.989,231.742,231.742,77.2472,77.2472,77.2472,77.2472,77.2472,77.2472
138,450,308.989,386.236,154.494,154.494,154.494,77.2472,154.494,77.2472,77.2472,77.2472,77.2472
138,452,231.742,231.742,154.494,231.742,154.494,77.2472,77.2472,77.2472,77.2472,77.2472,77.2472
139,424,695.225,772.472,463.483,308.989,308.989,154.494,231.742,231.742,231.742,231.742,231.742
139,425,695.225,463.483,540.73,308.989,308.989,231.742,231.742,154.494,231.742,231.742,231.742
139,427,308.989,695.225,231.742,231.742,308.989,231.742,386.236,386.236,308.989,308.989,154.494
139,428,386.236,617.978,231.742,231.742,154.494,308.989,154.494,308.989,386.236,540.73,386.236
139,430,386.236,540.73,540.73,463.483,231.742,695.225,695.225,617.978,463.483,231.742,308.989
139,431,463.483,386.236,617.978,308.989,308.989,695.225,540.73,386.236,308.989,154.494,308.989
139,432,617.978,617.978,1544.94,772.472,695.225,463.483,231.742,154.494,154.494,154.494,231.742
139,433,463.483,849.719,849.719,463.483,772.472,154.494,154.494,154.494,154.494,231.742,154.494
139,434,540.73,1390.45,849.719,695.225,540.73,154.494,154.494,154.494,154.494,308.989,231.742
139,435,540.73,1390.45,1467.7,1081.46,308.989,154.494,154.494,308.989,154.494,308.989,231.742
139,436,540.73,1158.71,772.472,695.225,231.742,231.742,386.236,231.742,308.989,154.494,231.742
139,437,540.73,772.472,1235.96,1004.21,386.236,308.989,231.742,308.989,386.236,77.2472,231.742
139,438,695.225,695.225,617.978,386.236,308.989,231.742,231.742,154.494,154.494,77.2472,77.2472
139,439,463.483,1313.2,1544.94,1235.96,231.742,154.494,154.494,308.989,231.742,231.742,231.742
139,440,463.483,926.966,695.225,617.978,231.742,231.742,386.236,231.742,154.494,231.742,231.742
139,441,308.989,463.483,308.989,308.989,463.483,463.483,231.742,154.494,154.494,154.494,77.2472
139,442,231.742,308.989,695.225,695.225,308.989,154.494,154.494,231.742,154.494,154.494,77.2472
139,443,231.742,540.73,386.236,308.989,154.494,154.494,154.494,154.494,154.494,77.2472,77.2472
139,444,231.742,617.978,695.225,849.719,231.742,154.494,154.494,231.742,231.742,77.2472,77.2472
139,445,231.742,463.483,540.73,540.73,154.494,77.2472,154.494,154.494,154.494,77.2472,77.2472
139,446,231.742,617.978,386.236,386.236,154.494,154.494,154.494,154.494,154.494,77.2472,77.2472
139,447,386.236,540.73,386.236,386.236,231.742,77.2472,77.2472,77.2472,77.2472,77.2472,77.2472
139,448,308.989,463.483,386.236,308.989,154.494,77.2472,154.494,77.2472,77.2472,77.2472,77.2472
139,449,540.73,540.73,231.742,231.742,154.494,154.494,77.2472,77.2472,77.2472,77.2472,77.2472
139,450,308.989,308.989,231.742,231.742,154.494,77.2472,77.2472,77.2472,77.2472,154.494,77.2472
139,451,308.989,308.989,154.494,154.494,154.494,77.2472,77.2472,77.2472,77.2472,77.2472,77.2472
140,424,463.483,540.73,386.236,308.989,386.236,154.494,154.494,154.494,231.742,154.494,154.494
140,425,308.989,308.989,463.483,386.236,386.236,154.494,77.2472,154.494,154.494,231.742,154.494
140,428,308.989,463.483,308.989,231.742,154.494,231.742,154.494,231.742,308.989,540.73,386.236
140,429,463.483,617.978,540.73,308.989,231.742,231.742,463.483,308.989,463.483,695.225,386.236
140,430,540.73,926.966,386.236,308.989,231.742,463.483,386.236,386.236,386.236,463.483,386.236
140,431,617.978,463.483,386.236,463.483,231.742,231.742,463.483,463.483,463.483,154.494,231.742
140,432,463.483,463.483,772.472,849.719,540.73,386.236,386.236,231.742,154.494,154.494,154.494
140,433,617.978,617.978,1931.18,1699.44,849.719,154.494,154.494,386.236,231.742,154.494,231.742
140,434,386.236,1390.45,1776.69,1467.7,463.483,231.742,308.989,308.989,231.742,231.742,154.494
140,435,463.483,1699.44,849.719,849.719,231.742,386.236,231.742,231.742,231.742,540.73,308.989
140,436,540.73,1467.7,1004.21,1235.96,231.742,231.742,231.742,386.236,386.236,463.483,386.236
140,437,540.73,772.472,540.73,695.225,231.742,154.494,308.989,463.483,463.483,154.494,308.989
140,438,540.73,386.236,1004.21,695.225,231.742,308.989,308.989,231.742,154.494,77.2472,154.494
140,439,463.483,617.978,695.225,463.483,386.236,308.989,154.494,308.989,231.742,154.494,154.494
140,440,849.719,926.966,540.73,540.73,386.236,231.742,308.989,386.236,308.989,231.742,308.989
140,441,386.236,695.225,386.236,386.236,231.742,231.742,308.989,154.494,154.494,154.494,154.494
140,442,463.483,540.73,386.236,540.73,231.742,231.742,154.494,308.989,231.742,77.2472,77.2472
140,444,308.989,772.472,386.236,386.236,231.742,154.494,154.494,154.494,231.742,77.2472,154.494
140,445,308.989,540.73,1004.21,1004.21,154.494,77.2472,154.494,154.494,154.494,77.2472,77.2472
140,446,386.236,772.472,463.483,386.236,154.494,154.494,154.494,77.2472,77.2472,77.2472,77.2472
140,447,386.236,695.225,463.483,463.483,231.742,154.494,77.2472,77.2472,77.2472,77.2472,77.2472
140,448,463.483,463.483,463.483,308.989,231.742,77.2472,154.494,154.494,77.2472,77.2472,77.2472
140,449,540.73,617.978,231.742,154.494,154.494,77.2472,77.2472,77.2472,77.2472,77.2472,77.2472
140,450,308.989,231.742,231.742,231.742,231.742,77.2472,77.2472,77.2472,77.2472,77.2472,77.2472
140,451,386.236,386.236,154.494,154.494,154.494,77.2472,77.2472,77.2472,77.2472,77.2472,77.2472
141,423,231.742,386.236,463.483,308.989,308.989,231.742,308.989,154.494,154.494,231.742,231.742
141,424,386.236,386.236,231.742,231.742,617.978,386.236,154.494,77.2472,154.494,154.494,77.2472
141,425,154.494,386.236,308.989,308.989,926.966,154.494,77.2472,77.2472,77.2472,463.483,231.742
141,426,463.483,386.236,695.225,617.978,386.236,154.494,231.742,154.494,231.742,386.236,386.236
141,428,386.236,617.978,772.472,540.73,154.494,386.236,231.742,231.742,231.742,231.742,231.742
141,429,617.978,926.966,772.472,617.978,308.989,154.494,231.742,231.742,231.742,540.73,308.989
141,430,386.236,849.719,308.989,308.989,308.989,154.494,308.989,695.225,463.483,926.966,463.483
141,431,849.719,1313.2,463.483,386.236,386.236,386.236,617.978,849.719,463.483,386.236,231.742
141,432,540.73,1004.21,540.73,695.225,540.73,695.225,540.73,231.742,231.742,308.989,308.989
141,433,695.225,1004.21,1313.2,1931.18,695.225,463.483,231.742,695.225,849.719,617.978,849.719
141,434,617.978,695.225,1776.69,1776.69,540.73,308.989,772.472,1158.71,849.719,386.236,540.73
141,435,231.742,617.978,1544.94,1004.21,463.483,926.966,926.966,386.236,231.742,308.989,231.742
141,436,231.742,772.472,772.472,617.978,540.73,772.472,231.742,154.494,231.742,540.73,308.989
141,437,386.236,540.73,386.236,540.73,463.483,231.742,308.989,308.989,386.236,308.989,308.989
141,438,926.966,849.719,386.236,386.236,386.236,463.483,308.989,308.989,308.989,154.494,154.494
141,439,386.236,463.483,695.225,463.483,308.989,308.989,308.989,154.494,154.494,154.494,77.2472
141,440,849.719,1158.71,849.719,849.719,386.236,386.236,308.989,231.742,231.742,154.494,154.494
141,441,386.236,463.483,463.483,463.483,386.236,386.236,154.494,154.494,231.742,231.742,231.742
141,442,926.966,1004.21,463.483,463.483,386.236,154.494,154.494,308.989,231.742,154.494,154.494
141,443,386.236,695.225,617.978,540.73,154.494,231.742,231.742,154.494,154.494,77.2472,77.2472
141,444,308.989,463.483,695.225,463.483,308.989,231.742,154.494,154.494,154.494,154.494,154.494
141,445,386.236,926.966,772.472,772.472,231.742,77.2472,154.494,154.494,154.494,154.494,154.494
141,446,386.236,772.472,849.719,772.472,154.494,77.2472,154.494,77.2472,77.2472,77.2472,77.2472
141,447,463.483,849.719,463.483,386.236,154.494,154.494,154.494,77.2472,77.2472,77.2472,77.2472
141,448,695.225,695.225,540.73,386.236,231.742,77.2472,77.2472,77.2472,154.494,77.2472,77.2472
141,449,463.483,540.73,231.742,154.494,154.494,77.2472,77.2472,77.2472,77.2472,77.2472,77.2472
141,450,463.483,386.236,231.742,154.494,154.494,154.494,77.2472,77.2472,77.2472,77.2472,77.2472
141,451,386.236,308.989,231.742,231.742,154.494,77.2472,77.2472,77.2472,77.2472,77.2472,77.2472
142,423,231.742,308.989,308.989,231.742,231.742,463.483,849.719,617.978,308.989,154.494,231.742
142,424,308.989,386.236,308.989,231.742,463.483,849.719,463.483,154.494,154.494,231.742,154.494
142,425,231.742,308.989,540.73,540.73,695.225,308.989,231.742,308.989,231.742,308.989,308.989
142,426,695.225,772.472,386.236,386.236,308.989,231.742,386.236,231.742,231.742,154.494,231.742
142,427,617.978,772.472,772.472,463.483,386.236,463.483,308.989,154.494,231.742,154.494,231.742
142,428,463.483,1313.2,1158.71,849.719,463.483,308.989,154.494,231.742,231.742,308.989,386.236
142,429,1004.21,1313.2,926.966,617.978,231.742,154.494,231.742,617.978,695.225,926.966,926.966
142,431,1776.69,1776.69,1313.2,849.719,308.989,617.978,1313.2,1544.94,1235.96,772.472,849.719
142,432,695.225,849.719,1544.94,1004.21,463.483,1390.45,1390.45,540.73,308.989,308.989,231.742
142,433,463.483,926.966,926.966,695.225,772.472,1467.7,540.73,386.236,849.719,463.483,849.719
142,434,540.73,772.472,695.225,617.978,772.472,540.73,463.483,1158.71,1390.45,540.73,849.719
142,435,463.483,1004.21,540.73,540.73,540.73,386.236,926.966,617.978,617.978,231.742,308.989
142,436,308.989,540.73,386.236,231.742,386.236,695.225,463.483,308.989,154.494,308.989,231.742
142,437,463.483,772.472,463.483,308.989,386.236,463.483,463.483,540.73,308.989,540.73,308.989
142,438,617.978,772.472,386.236,386.236,386.236,695.225,695.225,231.742,231.742,231.742,231.742
142,439,463.483,386.236,617.978,463.483,540.73,849.719,308.989,386.236,308.989,231.742,154.494
142,440,386.236,386.236,386.236,308.989,772.472,386.236,540.73,540.73,231.742,154.494,154.494
142,441,386.236,695.225,540.73,386.236,308.989,540.73,463.483,154.494,154.494,154.494,154.494
142,442,463.483,772.472,540.73,617.978,540.73,386.236,154.494,308.989,386.236,308.989,386.236
142,443,308.989,617.978,463.483,540.73,308.989,231.742,386.236,231.742,154.494,154.494,154.494
142,444,308.989,849.719,1004.21,772.472,231.742,308.989,154.494,77.2472,77.2472,231.742,154.494
142,445,386.236,1158.71,617.978,540.73,308.989,77.2472,77.2472,154.494,154.494,231.742,154.494
142,446,540.73,1081.46,1004.21,849.719,154.494,77.2472,77.2472,77.2472,77.2472,154.494,77.2472
142,447,540.73,1081.46,540.73,386.236,154.494,77.2472,77.2472,77.2472,77.2472,77.2472,77.2472
142,448,849.719,926.966,463.483,463.483,154.494,77.2472,77.2472,77.2472,77.2472,77.2472,77.2472
142,449,540.73,617.978,308.989,231.742,154.494,77.2472,154.494,154.494,154.494,77.2472,77.2472
142,450,540.73,386.236,231.742,231.742,154.494,77.2472,77.2472,77.2472,77.2472,77.2472,77.2472
142,451,386.236,386.236,231.742,231.742,154.494,77.2472,77.2472,77.2472,77.2472,77.2472,77.2472
142,452,308.989,308.989,231.742,231.742,154.494,77.2472,77.2472,77.2472,77.2472,77.2472,77.2472
143,424,386.236,308.989,386.236,231.742,308.989,308.989,231.742,231.742,231.742,308.989,308.989
143,426,695.225,1158.71,540.73,386.236,154.494,386.236,849.719,849.719,463.483,154.494,231.742
143,427,463.483,695.225,1699.44,1699.44,386.236,772.472,540.73,231.742,154.494,154.494,231.742
143,428,540.73,1390.45,1158.71,849.719,386.236,463.483,154.494,308.989,463.483,308.989,540.73
143,429,1004.21,1313.2,849.719,617.978,231.742,154.494,308.989,463.483,772.472,463.483,849.719
143,430,617.978,1544.94,1313.2,772.472,540.73,386.236,308.989,695.225,1313.2,772.472,1313.2
143,431,1467.7,1235.96,695.225,926.966,695.225,231.742,617.978,1081.46,1313.2,617.978,926.966
143,432,695.225,695.225,1313.2,1544.94,308.989,463.483,926.966,695.225,463.483,463.483,308.989
143,433,1313.2,1235.96,772.472,849.719,386.236,695.225,617.978,231.742,231.742,772.472,386.236
143,434,695.225,1081.46,1081.46,772.472,695.225,463.483,308.989,386.236,695.225,849.719,695.225
143,435,695.225,849.719,540.73,540.73,926.966,386.236,617.978,617.978,617.978,463.483,540.73
143,436,386.236,463.483,617.978,308.989,617.978,695.225,849.719,308.989,231.742,154.494,231.742
143,437,772.472,1699.44,308.989,231.742,695.225,849.719,463.483,695.225,463.483,386.236,308.989
143,438,540.73,617.978,308.989,231.742,1081.46,463.483,772.472,849.719,463.483,463.483,308.989
143,439,463.483,463.483,308.989,231.742,617.978,849.719,849.719,308.989,308.989,154.494,231.742
143,440,617.978,463.483,386.236,463.483,1313.2,772.472,386.236,926.966,772.472,308.989,386.236
143,441,617.978,772.472,849.719,772.472,849.719,463.483,849.719,386.236,231.742,154.494,154.494
143,442,926.966,2085.67,772.472,617.978,772.472,772.472,231.742,308.989,386.236,386.236,463.483
143,443,386.236,1004.21,849.719,926.966,540.73,231.742,463.483,308.989,308.989,308.989,308.989
143,444,386.236,1313.2,1467.7,1313.2,308.989,540.73,231.742,154.494,77.2472,231.742,154.494
143,445,463.483,1390.45,1004.21,772.472,308.989,231.742,77.2472,77.2472,154.494,231.742,231.742
143,446,617.978,1467.7,1081.46,926.966,154.494,77.2472,77.2472,77.2472,77.2472,154.494,154.494
143,447,540.73,1081.46,695.225,463.483,154.494,77.2472,77.2472,77.2472,77.2472,77.2472,77.2472
143,448,849.719,1081.46,463.483,386.236,154.494,77.2472,77.2472,77.2472,77.2472,154.494,77.2472
143,449,540.73,540.73,386.236,231.742,154.494,77.2472,77.2472,154.494,77.2472,77.2472,77.2472
143,450,695.225,617.978,308.989,231.742,154.494,77.2472,77.2472,77.2472,77.2472,77.2472,77.2472
143,451,386.236,308.989,308.989,231.742,154.494,77.2472,77.2472,77.2472,77.2472,77.2472,77.2472
143,452,386.236,308.989,231.742,231.742,154.494,77.2472,77.2472,77.2472,77.2472,77.2472,77.2472
144,422,231.742,386.236,231.742,154.494,386.236,540.73,386.236,231.742,386.236,154.494,231.742
144,423,231.742,308.989,308.989,231.742,695.225,386.236,154.494,154.494,154.494,154.494,231.742
144,424,386.236,463.483,308.989,231.742,617.978,154.494,154.494,463.483,386.236,231.742,463.483
144,426,386.236,1235.96,695.225,386.236,540.73,154.494,463.483,617.978,695.225,154.494,231.742
144,427,463.483,1081.46,1313.2,1235.96,540.73,231.742,308.989,154.494,154.494,154.494,154.494
144,428,540.73,1158.71,1004.21,695.225,540.73,231.742,154.494,463.483,463.483,231.742,231.742
144,429,617.978,772.472,2317.42,1931.18,386.236,231.742,386.236,540.73,463.483,308.989,231.742
144,430,1081.46,2626.4,1467.7,1313.2,463.483,463.483,386.236,308.989,386.236,540.73,386.236
144,431,1390.45,1776.69,617.978,695.225,463.483,463.483,386.236,463.483,463.483,617.978,540.73
144,432,695.225,926.966,1235.96,926.966,695.225,695.225,926.966,540.73,386.236,463.483,386.236
144,433,1467.7,2240.17,1158.71,772.472,926.966,1467.7,926.966,308.989,231.742,1004.21,463.483
144,434,772.472,1544.94,540.73,463.483,1544.94,1081.46,540.73,308.989,308.989,1235.96,617.978
144,435,463.483,1235.96,386.236,308.989,849.719,695.225,540.73,463.483,463.483,695.225,617.978
144,436,463.483,1004.21,1544.94,926.966,463.483,540.73,695.225,617.978,386.236,463.483,463.483
144,437,386.236,1081.46,540.73,386.236,849.719,617.978,926.966,386.236,386.236,308.989,231.742
144,438,1004.21,849.719,695.225,540.73,1931.18,1235.96,695.225,926.966,617.978,463.483,308.989
144,439,695.225,1158.71,386.236,231.742,1235.96,695.225,772.472,386.236,308.989,386.236,308.989
144,440,772.472,695.225,695.225,386.236,540.73,617.978,540.73,926.966,926.966,386.236,540.73
144,441,540.73,926.966,1776.69,1235.96,849.719,617.978,1158.71,695.225,540.73,154.494,231.742
144,442,540.73,1004.21,1004.21,1004.21,926.966,1081.46,463.483,308.989,308.989,308.989,386.236
144,443,308.989,463.483,1235.96,1158.71,926.966,308.989,463.483,386.236,463.483,308.989,386.236
144,444,308.989,849.719,1390.45,1622.19,308.989,463.483,308.989,154.494,154.494,231.742,154.494
144,445,231.742,617.978,1313.2,1158.71,386.236,231.742,77.2472,154.494,154.494,231.742,231.742
144,446,386.236,926.966,1004.21,1004.21,231.742,77.2472,77.2472,77.2472,154.494,231.742,154.494
144,447,386.236,849.719,926.966,695.225,154.494,77.2472,77.2472,77.2472,77.2472,77.2472,154.494
144,448,617.978,926.966,463.483,308.989,154.494,154.494,77.2472,77.2472,77.2472,77.2472,77.2472
144,449,386.236,540.73,463.483,308.989,154.494,77.2472,77.2472,77.2472,154.494,77.2472,77.2472
144,450,617.978,617.978,308.989,231.742,154.494,77.2472,77.2472,77.2472,77.2472,77.2472,77.2472
144,451,308.989,308.989,231.742,231.742,154.494,77.2472,77.2472,77.2472,77.2472,77.2472,77.2472
144,452,386.236,308.989,231.742,231.742,154.494,77.2472,77.2472,77.2472,77.2472,77.2472,77.2472
145,421,308.989,386.236,463.483,231.742,231.742,308.989,617.978,386.236,308.989,463.483,386.236
145,422,231.742,695.225,308.989,231.742,308.989,849.719,540.73,154.494,154.494,154.494,154.494
145,423,386.236,926.966,308.989,308.989,849.719,463.483,154.494,463.483,386.236,308.989,463.483
145,424,386.236,695.225,386.236,463.483,1158.71,308.989,463.483,386.236,463.483,231.742,386.236
145,425,386.236,386.236,849.719,772.472,695.225,386.236,231.742,231.742,386.236,154.494,231.742
145,427,540.73,540.73,926.966,617.978,695.225,386.236,231.742,463.483,308.989,386.236,154.494
145,428,695.225,1313.2,772.472,463.483,1004.21,308.989,231.742,386.236,386.236,617.978,231.742
145,429,1622.19,1931.18,2549.16,2162.92,772.472,386.236,617.978,695.225,386.236,540.73,231.742
145,430,1544.94,1776.69,1931.18,1622.19,849.719,1313.2,1390.45,617.978,386.236,772.472,463.483
145,431,617.978,1235.96,695.225,617.978,2394.66,2626.4,1158.71,540.73,695.225,1158.71,1081.46
145,432,617.978,1390.45,2085.67,2008.43,3939.61,1622.19,1004.21,1158.71,1004.21,1004.21,926.966
145,433,926.966,2471.91,1622.19,1544.94,1622.19,1158.71,1313.2,617.978,617.978,695.225,540.73
145,434,695.225,1699.44,1699.44,1622.19,1390.45,926.966,617.978,231.742,231.742,772.472,386.236
145,435,926.966,2703.65,1622.19,1235.96,695.225,540.73,463.483,308.989,231.742,540.73,308.989
145,436,1081.46,2240.17,1390.45,1467.7,540.73,617.978,386.236,617.978,617.978,772.472,617.978
145,437,386.236,926.966,1158.71,1313.2,926.966,463.483,849.719,695.225,540.73,617.978,463.483
145,438,1081.46,1853.93,1081.46,1158.71,926.966,1081.46,1004.21,463.483,386.236,308.989,231.742
145,439,695.225,849.719,617.978,386.236,772.472,1004.21,540.73,540.73,386.236,695.225,540.73
145,440,386.236,386.236,617.978,463.483,463.483,617.978,617.978,695.225,772.472,386.236,617.978
145,441,772.472,463.483,540.73,463.483,1081.46,540.73,849.719,926.966,695.225,154.494,308.989
145,442,1004.21,1158.71,463.483,463.483,463.483,695.225,617.978,231.742,231.742,154.494,231.742
145,443,540.73,1004.21,772.472,1004.21,1004.21,308.989,231.742,386.236,463.483,231.742,308.989
145,444,617.978,617.978,617.978,926.966,386.236,231.742,231.742,154.494,154.494,154.494,154.494
145,445,386.236,617.978,695.225,849.719,231.742,154.494,77.2472,154.494,154.494,154.494,231.742
145,446,308.989,463.483,772.472,849.719,231.742,77.2472,77.2472,154.494,77.2472,154.494,154.494
145,447,308.989,772.472,772.472,540.73,154.494,77.2472,154.494,77.2472,77.2472,154.494,154.494
145,448,308.989,617.978,463.483,386.236,154.494,154.494,154.494,77.2472,77.2472,77.2472,77.2472
145,449,308.989,617.978,386.236,308.989,154.494,77.2472,77.2472,77.2472,77.2472,77.2472,77.2472
145,450,463.483,540.73,308.989,231.742,154.494,154.494,77.2472,77.2472,77.2472,77.2472,77.2472
145,452,308.989,308.989,231.742,231.742,154.494,77.2472,77.2472,77.2472,77.2472,77.2472,77.2472
146,421,386.236,772.472,772.472,695.225,617.978,386.236,926.966,849.719,386.236,308.989,231.742
146,422,617.978,849.719,1313.2,1004.21,540.73,1158.71,849.719,231.742,231.742,231.742,308.989
146,423,463.483,1544.94,1158.71,849.719,695.225,695.225,231.742,540.73,695.225,463.483,849.719
146,424,540.73,1699.44,386.236,308.989,695.225,231.742,386.236,386.236,463.483,386.236,386.236
146,425,308.989,540.73,308.989,308.989,308.989,308.989,308.989,540.73,463.483,695.225,695.225
146,427,849.719,1390.45,1390.45,926.966,617.978,772.472,1081.46,926.966,617.978,1004.21,463.483
146,428,772.472,1081.46,1467.7,772.472,540.73,1467.7,1235.96,1004.21,617.978,2162.92,1004.21
146,429,772.472,1313.2,1544.94,1390.45,1004.21,1853.93,1931.18,3089.89,1544.94,1776.69,1235.96
146,430,849.719,926.966,1313.2,1313.2,1931.18,2394.66,4248.6,3244.38,1158.71,849.719,540.73
146,431,695.225,1390.45,1313.2,1004.21,1622.19,4557.58,3939.61,1081.46,463.483,386.236,463.483
146,432,1004.21,1853.93,2471.91,2394.66,2780.9,3553.37,1235.96,617.978,772.472,463.483,772.472
146,433,772.472,1313.2,2858.15,2703.65,2085.67,1235.96,463.483,386.236,463.483,386.236,463.483
146,434,1390.45,1931.18,2471.91,2240.17,617.978,386.236,308.989,308.989,308.989,231.742,308.989
146,435,772.472,1776.69,2549.16,2471.91,463.483,386.236,386.236,1004.21,617.978,231.742,308.989
146,436,540.73,1390.45,1081.46,1081.46,540.73,386.236,695.225,540.73,540.73,695.225,540.73
146,437,308.989,772.472,2394.66,1931.18,695.225,695.225,463.483,463.483,617.978,772.472,617.978
146,438,849.719,2085.67,1004.21,772.472,617.978,386.236,695.225,308.989,231.742,308.989,154.494
146,439,540.73,1544.94,695.225,772.472,308.989,772.472,463.483,540.73,463.483,772.472,617.978
146,440,540.73,1081.46,540.73,695.225,308.989,695.225,772.472,386.236,540.73,463.483,540.73
146,441,540.73,1081.46,849.719,695.225,1081.46,772.472,463.483,926.966,617.978,231.742,231.742
146,442,540.73,772.472,1158.71,1081.46,540.73,463.483,695.225,231.742,231.742,154.494,154.494
146,443,1004.21,1081.46,463.483,463.483,849.719,463.483,154.494,386.236,386.236,154.494,231.742
146,444,849.719,849.719,463.483,617.978,540.73,154.494,231.742,231.742,154.494,77.2472,154.494
146,445,617.978,849.719,386.236,540.73,386.236,231.742,154.494,154.494,154.494,77.2472,154.494
146,446,386.236,617.978,695.225,772.472,231.742,77.2472,154.494,154.494,154.494,154.494,154.494
146,447,386.236,772.472,540.73,540.73,154.494,77.2472,154.494,77.2472,154.494,77.2472,77.2472
146,448,386.236,695.225,463.483,463.483,154.494,154.494,154.494,77.2472,77.2472,154.494,77.2472
146,449,308.989,617.978,463.483,308.989,154.494,77.2472,154.494,77.2472,77.2472,77.2472,77.2472
146,450,540.73,617.978,308.989,231.742,154.494,154.494,77.2472,77.2472,154.494,154.494,77.2472
146,452,386.236,308.989,231.742,231.742,154.494,77.2472,77.2472,77.2472,77.2472,77.2472,77.2472
147,420,386.236,386.236,695.225,540.73,386.236,308.989,386.236,617.978,772.472,926.966,617.978
147,421,386.236,772.472,849.719,695.225,540.73,386.236,695.225,617.978,463.483,308.989,231.742
147,422,849.719,1390.45,1158.71,1081.46,849.719,772.472,695.225,154.494,154.494,308.989,308.989
147,423,772.472,849.719,1390.45,1235.96,1004.21,540.73,154.494,386.236,540.73,540.73,772.472
147,424,308.989,617.978,386.236,386.236,540.73,154.494,308.989,463.483,463.483,386.236,463.483
147,426,617.978,1390.45,1931.18,1544.94,1004.21,617.978,386.236,1158.71,1853.93,1776.69,2008.43
147,427,1235.96,2549.16,926.966,1081.46,1853.93,308.989,1390.45,2162.92,1622.19,1853.93,1544.94
147,428,1004.21,926.966,1081.46,1235.96,1313.2,1544.94,2471.91,1390.45,1313.2,2162.92,1931.18
147,429,617.978,849.719,617.978,695.225,1313.2,2317.42,1313.2,1699.44,2780.9,2162.92,2317.42
147,430,463.483,926.966,926.966,1081.46,4094.1,849.719,1390.45,2162.92,2471.91,1390.45,1544.94
147,431,772.472,849.719,1931.18,2008.43,3785.11,695.225,1544.94,926.966,849.719,695.225,463.483
147,432,1081.46,2394.66,772.472,849.719,2008.43,849.719,849.719,463.483,463.483,540.73,308.989
147,433,617.978,1467.7,1158.71,926.966,2471.91,926.966,695.225,308.989,386.236,540.73,540.73
147,434,1235.96,849.719,1081.46,1004.21,1931.18,1158.71,617.978,386.236,695.225,540.73,772.472
147,435,617.978,772.472,1390.45,1544.94,1081.46,926.966,617.978,1081.46,1235.96,386.236,695.225
147,436,463.483,772.472,540.73,617.978,926.966,1004.21,1004.21,695.225,463.483,463.483,231.742
147,437,463.483,695.225,1158.71,1081.46,1235.96,926.966,308.989,231.742,308.989,540.73,386.236
147,438,617.978,772.472,926.966,1004.21,926.966,231.742,386.236,231.742,231.742,231.742,154.494
147,439,849.719,926.966,1235.96,1544.94,463.483,386.236,308.989,463.483,386.236,695.225,463.483
147,440,772.472,849.719,1622.19,1467.7,308.989,463.483,617.978,308.989,386.236,386.236,308.989
147,441,695.225,1467.7,772.472,695.225,386.236,463.483,540.73,772.472,540.73,231.742,231.742
147,442,463.483,772.472,772.472,695.225,463.483,772.472,695.225,231.742,231.742,154.494,231.742
147,443,695.225,772.472,695.225,463.483,926.966,463.483,231.742,463.483,386.236,154.494,231.742
147,444,617.978,463.483,540.73,540.73,386.236,308.989,386.236,231.742,231.742,77.2472,77.2472
147,445,617.978,772.472,540.73,540.73,540.73,386.236,154.494,231.742,231.742,154.494,154.494
147,446,540.73,1004.21,849.719,849.719,231.742,154.494,154.494,231.742,231.742,77.2472,154.494
147,447,463.483,849.719,617.978,540.73,231.742,154.494,154.494,154.494,154.494,154.494,77.2472
147,448,617.978,1158.71,617.978,463.483,154.494,154.494,77.2472,154.494,154.494,77.2472,154.494
147,449,463.483,695.225,463.483,308.989,154.494,77.2472,154.494,77.2472,154.494,154.494,154.494
147,450,617.978,540.73,308.989,231.742,154.494,154.494,77.2472,77.2472,77.2472,77.2472,77.2472
147,451,386.236,386.236,386.236,231.742,231.742,77.2472,77.2472,77.2472,77.2472,77.2472,77.2472
147,452,308.989,308.989,231.742,231.742,154.494,77.2472,77.2472,77.2472,77.2472,77.2472,77.2472
148,420,463.483,540.73,617.978,617.978,386.236,231.742,386.236,386.236,386.236,463.483,308.989
148,421,540.73,463.483,1235.96,926.966,308.989,463.483,463.483,231.742,154.494,231.742,154.494
148,422,617.978,1313.2,849.719,540.73,540.73,540.73,231.742,154.494,154.494,308.989,231.742
148,423,926.966,1467.7,308.989,386.236,1081.46,231.742,154.494,463.483,463.483,617.978,617.978
148,424,463.483,463.483,308.989,308.989,540.73,154.494,386.236,849.719,695.225,308.989,386.236
148,425,308.989,386.236,849.719,772.472,463.483,540.73,1004.21,772.472,308.989,308.989,386.236
148,426,308.989,540.73,2317.42,1699.44,849.719,1313.2,849.719,308.989,1004.21,1390.45,1467.7
148,427,540.73,1622.19,772.472,463.483,1776.69,926.966,386.236,1622.19,2162.92,1544.94,1853.93
148,428,1313.2,1699.44,695.225,772.472,1544.94,386.236,1544.94,1853.93,1235.96,772.472,1004.21
148,429,1776.69,1544.94,1081.46,695.225,540.73,1313.2,1467.7,1081.46,695.225,617.978,695.225
148,430,926.966,2703.65,1004.21,695.225,2162.92,1313.2,1313.2,849.719,695.225,617.978,617.978
148,431,2858.15,4557.58,2317.42,2780.9,3707.87,1467.7,1622.19,1235.96,540.73,849.719,540.73
148,432,1313.2,3707.87,2858.15,3476.12,3167.13,2008.43,1931.18,1544.94,617.978,1544.94,695.225
148,433,926.966,4171.35,617.978,849.719,2240.17,2085.67,2008.43,1004.21,540.73,1081.46,695.225
148,434,463.483,849.719,617.978,695.225,1390.45,2162.92,1081.46,540.73,695.225,1235.96,1158.71
148,435,772.472,540.73,617.978,617.978,695.225,926.966,1004.21,1004.21,1235.96,772.472,849.719
148,436,926.966,1081.46,617.978,463.483,1004.21,1313.2,1622.19,695.225,540.73,231.742,231.742
148,437,463.483,1004.21,617.978,463.483,1776.69,1313.2,540.73,540.73,308.989,308.989,231.742
148,438,463.483,695.225,540.73,463.483,1390.45,386.236,231.742,154.494,154.494,231.742,154.494
148,439,540.73,617.978,617.978,617.978,695.225,231.742,231.742,308.989,231.742,463.483,308.989
148,440,695.225,617.978,1544.94,1622.19,231.742,386.236,308.989,463.483,308.989,386.236,231.742
148,441,540.73,617.978,849.719,926.966,231.742,386.236,849.719,617.978,463.483,308.989,308.989
148,442,463.483,849.719,463.483,386.236,463.483,1081.46,617.978,308.989,231.742,154.494,231.742
148,443,772.472,1004.21,386.236,386.236,695.225,308.989,386.236,617.978,540.73,231.742,308.989
148,444,463.483,617.978,540.73,540.73,386.236,463.483,540.73,154.494,154.494,77.2472,77.2472
148,445,463.483,617.978,849.719,772.472,540.73,308.989,77.2472,308.989,308.989,154.494,231.742
148,446,463.483,1158.71,1004.21,1004.21,231.742,154.494,231.742,231.742,231.742,154.494,231.742
148,447,463.483,926.966,1004.21,695.225,154.494,154.494,154.494,154.494,154.494,154.494,154.494
148,448,540.73,1004.21,772.472,695.225,154.494,154.494,77.2472,154.494,154.494,154.494,154.494
148,449,695.225,1004.21,463.483,308.989,154.494,77.2472,154.494,154.494,154.494,154.494,154.494
148,450,540.73,463.483,386.236,231.742,154.494,154.494,77.2472,77.2472,77.2472,77.2472,77.2472
148,451,463.483,540.73,308.989,308.989,154.494,77.2472,77.2472,77.2472,77.2472,77.2472,77.2472
149,420,386.236,540.73,463.483,308.989,463.483,154.494,231.742,308.989,308.989,308.989,308.989
149,421,695.225,849.719,849.719,849.719,463.483,231.742,540.73,463.483,308.989,154.494,231.742
149,422,849.719,695.225,1313.2,1081.46,308.989,617.978,463.483,386.236,386.236,154.494,308.989
149,423,540.73,1004.21,540.73,308.989,772.472,463.483,308.989,463.483,463.483,463.483,463.483
149,424,308.989,617.978,308.989,231.742,772.472,231.742,231.742,463.483,772.472,695.225,617.978
149,426,463.483,695.225,1390.45,1622.19,695.225,617.978,1158.71,463.483,231.742,308.989,308.989
149,427,849.719,926.966,1853.93,1390.45,540.73,1004.21,463.483,386.236,926.966,849.719,772.472
149,428,1467.7,2471.91,1390.45,617.978,926.966,386.236,386.236,1158.71,1390.45,1235.96,1004.21
149,429,1931.18,3476.12,2162.92,1467.7,849.719,308.989,849.719,2162.92,1544.94,1467.7,1313.2
149,430,1390.45,2780.9,5330.06,3321.63,772.472,617.978,1235.96,1931.18,1390.45,1158.71,1081.46
149,431,1931.18,5330.06,5407.3,4866.57,1622.19,772.472,1313.2,1313.2,1004.21,1081.46,772.472
149,432,1931.18,6025.28,6025.28,6411.52,1622.19,849.719,1158.71,1699.44,1622.19,1467.7,1081.46
149,433,1004.21,3553.37,1313.2,1544.94,849.719,695.225,1390.45,1004.21,772.472,695.225,540.73
149,434,1004.21,1544.94,617.978,540.73,463.483,1235.96,849.719,463.483,617.978,1004.21,1081.46
149,435,1622.19,2008.43,1158.71,1081.46,617.978,695.225,772.472,1081.46,1158.71,772.472,1004.21
149,436,1004.21,1235.96,1313.2,1004.21,463.483,849.719,1158.71,772.472,617.978,154.494,308.989
149,437,772.472,1699.44,617.978,386.236,695.225,695.225,540.73,617.978,540.73,231.742,308.989
149,438,695.225,1004.21,386.236,463.483,617.978,308.989,308.989,154.494,154.494,308.989,231.742
149,439,540.73,695.225,463.483,695.225,695.225,308.989,231.742,308.989,231.742,308.989,231.742
149,440,386.236,849.719,463.483,695.225,231.742,231.742,308.989,617.978,540.73,540.73,386.236
149,441,308.989,463.483,926.966,695.225,231.742,386.236,926.966,463.483,386.236,386.236,308.989
149,442,463.483,772.472,849.719,695.225,386.236,695.225,386.236,463.483,308.989,231.742,308.989
149,443,617.978,695.225,386.236,540.73,540.73,308.989,463.483,617.978,540.73,231.742,308.989
149,444,463.483,463.483,463.483,463.483,463.483,463.483,308.989,154.494,154.494,77.2472,77.2472
149,445,308.989,540.73,1158.71,1081.46,308.989,154.494,154.494,308.989,308.989,154.494,308.989
149,446,386.236,772.472,772.472,849.719,154.494,154.494,154.494,231.742,308.989,231.742,231.742
149,447,463.483,926.966,1004.21,849.719,154.494,154.494,154.494,77.2472,154.494,154.494,154.494
149,448,386.236,540.73,772.472,540.73,154.494,154.494,77.2472,154.494,154.494,231.742,154.494
149,449,772.472,1004.21,386.236,308.989,154.494,77.2472,154.494,154.494,154.494,154.494,154.494
149,450,386.236,386.236,386.236,231.742,154.494,154.494,77.2472,77.2472,77.2472,77.2472,77.2472
149,451,540.73,463.483,308.989,231.742,231.742,77.2472,77.2472,77.2472,77.2472,154.494,77.2472
149,452,231.742,308.989,231.742,308.989,154.494,77.2472,77.2472,77.2472,154.494,77.2472,77.2472
150,420,386.236,386.236,849.719,617.978,308.989,386.236,308.989,308.989,386.236,695.225,540.73
150,421,540.73,772.472,617.978,386.236,695.225,231.742,463.483,463.483,463.483,308.989,386.236
150,422,695.225,1081.46,695.225,772.472,617.978,386.236,617.978,231.742,308.989,154.494,231.742
150,423,540.73,617.978,695.225,617.978,695.225,463.483,231.742,386.236,231.742,154.494,231.742
150,424,308.989,695.225,308.989,231.742,926.966,231.742,463.483,540.73,231.742,463.483,231.742
150,425,308.989,308.989,617.978,308.989,849.719,772.472,540.73,308.989,463.483,772.472,463.483
150,426,308.989,926.966,1004.21,926.966,1313.2,617.978,386.236,463.483,386.236,463.483,386.236
150,427,772.472,2008.43,2471.91,2549.16,1004.21,463.483,617.978,386.236,308.989,463.483,463.483
150,428,1390.45,2085.67,3089.89,2085.67,695.225,849.719,463.483,540.73,849.719,1158.71,1004.21
150,429,1853.93,2394.66,2008.43,1158.71,1081.46,695.225,386.236,1313.2,1776.69,1467.7,1699.44
150,430,1776.69,3089.89,3398.88,2858.15,1081.46,540.73,617.978,1390.45,1544.94,849.719,1235.96
150,431,2858.15,3398.88,4943.82,4480.34,849.719,695.225,617.978,540.73,463.483,386.236,386.236
150,432,2085.67,3244.38,3321.63,3476.12,772.472,463.483,540.73,695.225,849.719,617.978,617.978
150,433,1313.2,3012.64,1622.19,1235.96,695.225,695.225,1235.96,1081.46,772.472,463.483,463.483
150,434,1313.2,2471.91,1622.19,1004.21,849.719,1467.7,1081.46,617.978,772.472,617.978,849.719
150,435,926.966,1853.93,1004.21,1004.21,1081.46,849.719,463.483,463.483,926.966,463.483,617.978
150,436,695.225,926.966,849.719,772.472,386.236,463.483,386.236,386.236,463.483,154.494,231.742
150,437,463.483,617.978,463.483,386.236,463.483,463.483,231.742,463.483,463.483,308.989,308.989
150,438,617.978,1390.45,617.978,695.225,386.236,231.742,308.989,154.494,154.494,463.483,231.742
150,439,540.73,1158.71,849.719,926.966,308.989,308.989,308.989,231.742,308.989,386.236,231.742
150,440,386.236,540.73,386.236,463.483,308.989,386.236,386.236,463.483,463.483,540.73,463.483
150,441,308.989,386.236,695.225,617.978,308.989,463.483,617.978,308.989,231.742,308.989,308.989
150,442,386.236,386.236,463.483,540.73,463.483,463.483,308.989,617.978,540.73,308.989,386.236
150,443,540.73,540.73,386.236,386.236,463.483,308.989,463.483,308.989,386.236,231.742,231.742
150,444,463.483,386.236,463.483,540.73,386.236,386.236,154.494,231.742,154.494,154.494,154.494
150,445,386.236,540.73,772.472,1081.46,231.742,154.494,154.494,231.742,386.236,231.742,308.989
150,446,463.483,617.978,617.978,540.73,154.494,154.494,154.494,154.494,231.742,231.742,231.742
150,447,386.236,849.719,617.978,695.225,154.494,154.494,154.494,154.494,154.494,154.494,154.494
150,448,463.483,617.978,695.225,386.236,231.742,77.2472,77.2472,77.2472,154.494,231.742,231.742
150,449,617.978,695.225,308.989,308.989,154.494,77.2472,154.494,154.494,154.494,154.494,154.494
150,450,386.236,386.236,386.236,231.742,231.742,154.494,154.494,77.2472,77.2472,77.2472,77.2472
150,451,386.236,463.483,308.989,386.236,231.742,77.2472,77.2472,77.2472,77.2472,77.2472,77.2472
150,453,231.742,231.742,231.742,308.989,154.494,77.2472,77.2472,77.2472,77.2472,77.2472,77.2472
151,420,386.236,386.236,695.225,772.472,154.494,386.236,540.73,463.483,386.236,617.978,463.483
151,421,463.483,463.483,1158.71,849.719,463.483,386.236,308.989,231.742,308.989,231.742,308.989
151,422,540.73,849.719,540.73,463.483,617.978,231.742,386.236,154.494,154.494,231.742,154.494
151,423,463.483,772.472,540.73,617.978,308.989,308.989,154.494,695.225,695.225,540.73,617.978
151,425,308.989,463.483,926.966,849.719,308.989,1158.71,1776.69,1467.7,540.73,540.73,386.236
151,426,308.989,772.472,2317.42,1776.69,926.966,1931.18,1158.71,695.225,463.483,772.472,540.73
151,427,849.719,2085.67,1776.69,1699.44,1622.19,1235.96,926.966,849.719,695.225,540.73,617.978
151,428,1776.69,2317.42,1390.45,1390.45,1081.46,1158.71,1004.21,617.978,617.978,463.483,540.73
151,429,3785.11,2780.9,1776.69,926.966,695.225,1158.71,617.978,386.236,772.472,617.978,772.472
151,430,3244.38,2394.66,2394.66,926.966,617.978,617.978,463.483,308.989,772.472,463.483,617.978
151,431,1622.19,3553.37,3012.64,1544.94,463.483,540.73,386.236,386.236,617.978,1081.46,772.472
151,432,2008.43,4248.6,3553.37,2162.92,308.989,308.989,540.73,849.719,1004.21,1390.45,1004.21
151,433,1235.96,3244.38,2317.42,1699.44,386.236,617.978,1081.46,695.225,1004.21,695.225,772.472
151,434,1853.93,2780.9,1235.96,1158.71,540.73,772.472,617.978,231.742,540.73,463.483,386.236
151,435,1699.44,1699.44,695.225,695.225,463.483,308.989,386.236,308.989,231.742,540.73,231.742
151,436,849.719,617.978,772.472,617.978,308.989,695.225,617.978,308.989,231.742,231.742,154.494
151,437,926.966,1313.2,1699.44,1081.46,540.73,695.225,308.989,231.742,308.989,308.989,308.989
151,438,1081.46,1467.7,926.966,772.472,308.989,308.989,308.989,231.742,231.742,463.483,231.742
151,439,695.225,1004.21,386.236,463.483,308.989,463.483,386.236,231.742,231.742,386.236,231.742
151,440,386.236,772.472,308.989,386.236,386.236,386.236,386.236,308.989,308.989,463.483,386.236
151,441,231.742,386.236,386.236,463.483,308.989,386.236,463.483,386.236,308.989,231.742,308.989
151,442,386.236,463.483,308.989,386.236,695.225,386.236,308.989,540.73,540.73,231.742,386.236
151,443,308.989,540.73,386.236,386.236,386.236,308.989,386.236,231.742,231.742,154.494,154.494
151,444,308.989,386.236,540.73,849.719,386.236,231.742,154.494,231.742,231.742,154.494,231.742
151,445,463.483,540.73,617.978,772.472,308.989,77.2472,154.494,154.494,308.989,308.989,386.236
151,446,386.236,772.472,772.472,617.978,154.494,154.494,154.494,154.494,154.494,231.742,231.742
151,447,386.236,772.472,617.978,617.978,231.742,154.494,154.494,77.2472,77.2472,154.494,154.494
151,448,540.73,695.225,540.73,386.236,231.742,154.494,77.2472,154.494,77.2472,231.742,154.494
151,449,463.483,463.483,308.989,231.742,154.494,77.2472,154.494,154.494,154.494,77.2472,154.494
151,451,308.989,308.989,386.236,386.236,231.742,77.2472,77.2472,77.2472,77.2472,77.2472,77.2472
151,453,231.742,231.742,231.742,308.989,231.742,77.2472,77.2472,77.2472,77.2472,77.2472,77.2472
152,421,463.483,463.483,695.225,849.719,231.742,308.989,231.742,154.494,231.742,231.742,154.494
152,422,540.73,463.483,849.719,695.225,540.73,154.494,231.742,231.742,154.494,308.989,231.742
152,423,463.483,540.73,463.483,386.236,386.236,231.742,231.742,463.483,772.472,1004.21,1004.21
152,426,540.73,1313.2,1776.69,1699.44,617.978,1390.45,1467.7,772.472,695.225,849.719,695.225
152,427,1158.71,1699.44,2317.42,1467.7,1467.7,1390.45,849.719,463.483,695.225,695.225,617.978
152,428,1699.44,2008.43,1544.94,617.978,1622.19,772.472,617.978,386.236,463.483,308.989,386.236
152,429,2008.43,2240.17,1004.21,463.483,849.719,540.73,386.236,154.494,231.742,154.494,154.494
152,430,1853.93,1853.93,1467.7,926.966,540.73,386.236,231.742,386.236,231.742,231.742,231.742
152,431,1390.45,1467.7,2162.92,1467.7,386.236,463.483,463.483,617.978,386.236,617.978,540.73
152,432,1853.93,2008.43,1931.18,1699.44,463.483,849.719,617.978,463.483,540.73,540.73,540.73
152,433,2162.92,2162.92,1467.7,849.719,926.966,926.966,463.483,231.742,308.989,463.483,231.742
152,434,1390.45,1390.45,1081.46,540.73,1081.46,463.483,386.236,463.483,231.742,926.966,308.989
152,435,926.966,926.966,463.483,386.236,617.978,617.978,772.472,463.483,308.989,772.472,308.989
152,436,695.225,540.73,695.225,617.978,695.225,926.966,540.73,231.742,231.742,308.989,231.742
152,437,926.966,772.472,926.966,1004.21,695.225,463.483,386.236,154.494,231.742,463.483,308.989
152,438,1004.21,1544.94,1158.71,695.225,540.73,463.483,463.483,231.742,231.742,386.236,231.742
152,439,1158.71,2471.91,1004.21,695.225,540.73,463.483,308.989,308.989,231.742,386.236,231.742
152,440,849.719,1235.96,308.989,308.989,386.236,308.989,463.483,386.236,308.989,386.236,386.236
152,441,463.483,695.225,463.483,540.73,540.73,463.483,463.483,308.989,386.236,231.742,308.989
152,442,463.483,926.966,386.236,463.483,695.225,308.989,308.989,463.483,463.483,231.742,308.989
152,443,308.989,695.225,386.236,617.978,308.989,231.742,308.989,231.742,231.742,77.2472,77.2472
152,444,386.236,540.73,540.73,772.472,463.483,231.742,77.2472,154.494,231.742,154.494,231.742
152,445,540.73,772.472,695.225,695.225,231.742,77.2472,77.2472,231.742,231.742,231.742,308.989
152,446,386.236,695.225,772.472,695.225,154.494,154.494,231.742,154.494,154.494,154.494,154.494
152,447,386.236,617.978,617.978,463.483,231.742,231.742,154.494,77.2472,77.2472,154.494,154.494
152,448,617.978,772.472,463.483,308.989,231.742,77.2472,154.494,154.494,154.494,154.494,154.494
152,449,386.236,308.989,308.989,154.494,154.494,154.494,154.494,154.494,77.2472,77.2472,77.2472
152,450,386.236,386.236,386.236,308.989,231.742,154.494,77.2472,77.2472,77.2472,77.2472,77.2472
152,451,231.742,308.989,231.742,308.989,154.494,77.2472,77.2472,77.2472,77.2472,77.2472,77.2472
153,421,308.989,463.483,463.483,308.989,386.236,231.742,154.494,154.494,154.494,231.742,154.494
153,422,463.483,386.236,540.73,617.978,386.236,231.742,154.494,308.989,231.742,231.742,231.742
153,423,463.483,540.73,540.73,386.236,540.73,154.494,386.236,540.73,386.236,463.483,386.236
153,424,463.483,695.225,540.73,540.73,308.989,463.483,463.483,540.73,695.225,926.966,772.472
153,425,540.73,617.978,1544.94,1081.46,463.483,540.73,540.73,695.225,849.719,849.719,772.472
153,426,617.978,1544.94,1622.19,1081.46,695.225,617.978,926.966,617.978,463.483,463.483,463.483
153,427,1235.96,2471.91,1544.94,1622.19,772.472,1004.21,926.966,386.236,231.742,308.989,231.742
153,428,1390.45,1544.94,1699.44,1467.7,1004.21,1081.46,695.225,231.742,154.494,231.742,154.494
153,429,1776.69,1544.94,1004.21,695.225,1081.46,772.472,463.483,231.742,308.989,308.989,308.989
153,430,1931.18,1390.45,849.719,386.236,926.966,617.978,540.73,617.978,695.225,463.483,540.73
153,431,1081.46,1081.46,1699.44,695.225,617.978,695.225,849.719,772.472,772.472,463.483,540.73
153,432,1235.96,2317.42,1776.69,772.472,617.978,849.719,849.719,463.483,540.73,386.236,308.989
153,433,1235.96,2240.17,695.225,463.483,695.225,772.472,463.483,463.483,386.236,849.719,386.236
153,434,695.225,695.225,617.978,617.978,617.978,540.73,617.978,540.73,540.73,926.966,540.73
153,435,463.483,617.978,308.989,308.989,463.483,849.719,695.225,540.73,308.989,463.483,308.989
153,436,463.483,695.225,617.978,386.236,617.978,772.472,617.978,540.73,308.989,617.978,386.236
153,437,695.225,1235.96,1313.2,772.472,772.472,695.225,695.225,463.483,386.236,540.73,386.236
153,438,849.719,1390.45,1853.93,1467.7,772.472,695.225,617.978,308.989,231.742,308.989,231.742
153,439,772.472,926.966,1004.21,1004.21,695.225,463.483,386.236,386.236,386.236,386.236,308.989
153,440,849.719,1004.21,926.966,772.472,540.73,386.236,463.483,386.236,386.236,386.236,386.236
153,441,617.978,1158.71,926.966,1004.21,617.978,386.236,308.989,386.236,308.989,154.494,308.989
153,442,386.236,1004.21,772.472,695.225,463.483,231.742,308.989,540.73,386.236,154.494,231.742
153,443,386.236,849.719,617.978,695.225,386.236,308.989,308.989,231.742,154.494,154.494,77.2472
153,444,772.472,1313.2,926.966,849.719,463.483,231.742,77.2472,231.742,231.742,154.494,231.742
153,445,540.73,926.966,617.978,695.225,154.494,77.2472,154.494,308.989,231.742,154.494,231.742
153,446,463.483,540.73,617.978,540.73,231.742,231.742,231.742,154.494,77.2472,77.2472,77.2472
153,447,695.225,695.225,617.978,463.483,231.742,231.742,154.494,154.494,77.2472,154.494,154.494
153,448,463.483,540.73,308.989,231.742,154.494,77.2472,154.494,231.742,154.494,154.494,154.494
153,449,386.236,308.989,308.989,231.742,154.494,154.494,154.494,77.2472,77.2472,77.2472,77.2472
153,450,386.236,308.989,231.742,308.989,231.742,154.494,77.2472,77.2472,77.2472,77.2472,77.2472
154,420,231.742,308.989,386.236,463.483,231.742,231.742,308.989,231.742,308.989,154.494,231.742
154,421,231.742,308.989,386.236,386.236,308.989,231.742,231.742,231.742,231.742,231.742,154.494
154,422,386.236,386.236,463.483,386.236,231.742,231.742,231.742,308.989,308.989,463.483,386.236
154,424,386.236,772.472,540.73,386.236,386.236,308.989,772.472,926.966,617.978,386.236,386.236
154,425,617.978,1158.71,1235.96,1313.2,308.989,772.472,849.719,1004.21,695.225,695.225,617.978
154,426,849.719,1004.21,2240.17,1544.94,772.472,849.719,926.966,1235.96,772.472,772.472,540.73
154,427,772.472,1699.44,1390.45,1081.46,926.966,926.966,1235.96,1081.46,540.73,617.978,308.989
154,428,849.719,2240.17,849.719,1158.71,926.966,1235.96,1313.2,540.73,231.742,463.483,231.742
154,429,1081.46,1853.93,926.966,1081.46,1158.71,1081.46,772.472,308.989,308.989,463.483,386.236
154,430,1235.96,1390.45,772.472,849.719,1081.46,695.225,463.483,308.989,540.73,463.483,617.978
154,431,1158.71,1081.46,1544.94,1467.7,772.472,540.73,386.236,231.742,540.73,308.989,463.483
154,432,1004.21,1081.46,1622.19,1390.45,695.225,540.73,386.236,231.742,308.989,308.989,308.989
154,433,1313.2,1313.2,540.73,463.483,1004.21,463.483,386.236,308.989,308.989,617.978,308.989
154,434,1235.96,1081.46,463.483,695.225,1004.21,463.483,463.483,463.483,463.483,695.225,386.236
154,435,617.978,617.978,695.225,463.483,617.978,540.73,695.225,695.225,617.978,849.719,540.73
154,436,772.472,1313.2,926.966,849.719,695.225,849.719,926.966,849.719,695.225,849.719,772.472
154,437,695.225,926.966,772.472,695.225,926.966,1004.21,849.719,695.225,540.73,463.483,463.483
154,438,926.966,1004.21,695.225,617.978,849.719,695.225,540.73,463.483,386.236,308.989,308.989
154,439,1776.69,2085.67,1081.46,772.472,695.225,463.483,386.236,386.236,463.483,463.483,463.483
154,440,1544.94,1776.69,1313.2,1467.7,463.483,308.989,308.989,308.989,308.989,308.989,308.989
154,441,695.225,772.472,849.719,1004.21,463.483,231.742,231.742,540.73,386.236,154.494,231.742
154,442,617.978,772.472,926.966,926.966,231.742,231.742,386.236,463.483,386.236,154.494,231.742
154,443,772.472,1313.2,1390.45,1081.46,386.236,308.989,308.989,154.494,77.2472,77.2472,77.2472
154,444,617.978,1313.2,1004.21,1081.46,308.989,231.742,77.2472,308.989,231.742,154.494,231.742
154,445,540.73,617.978,463.483,386.236,154.494,154.494,308.989,308.989,231.742,154.494,154.494
154,446,772.472,772.472,695.225,463.483,231.742,308.989,231.742,77.2472,77.2472,77.2472,77.2472
154,447,617.978,617.978,386.236,308.989,154.494,231.742,77.2472,154.494,154.494,154.494,154.494
154,448,386.236,308.989,231.742,154.494,154.494,77.2472,154.494,154.494,154.494,154.494,154.494
154,449,463.483,308.989,231.742,231.742,154.494,154.494,154.494,77.2472,77.2472,77.2472,77.2472
155,425,463.483,926.966,772.472,540.73,308.989,540.73,695.225,772.472,926.966,849.719,1004.21
155,426,695.225,1313.2,1158.71,1313.2,463.483,540.73,617.978,1004.21,1313.2,1081.46,1158.71
155,427,1004.21,1158.71,2317.42,1931.18,540.73,540.73,772.472,1158.71,1004.21,849.719,849.719
155,428,849.719,1390.45,2626.4,1776.69,463.483,617.978,849.719,926.966,463.483,463.483,308.989
155,429,849.719,2394.66,2162.92,1235.96,617.978,695.225,772.472,540.73,231.742,308.989,231.742
155,430,1081.46,2935.39,1235.96,772.472,1004.21,617.978,540.73,386.236,231.742,386.236,308.989
155,431,849.719,2549.16,772.472,1004.21,1235.96,540.73,695.225,540.73,308.989,540.73,386.236
155,432,695.225,1776.69,849.719,1004.21,772.472,695.225,772.472,540.73,386.236,540.73,386.236
155,433,695.225,1622.19,695.225,617.978,617.978,772.472,617.978,463.483,308.989,617.978,463.483
155,434,617.978,1853.93,386.236,463.483,695.225,463.483,540.73,617.978,463.483,617.978,540.73
155,435,540.73,1390.45,849.719,926.966,772.472,463.483,617.978,617.978,772.472,772.472,772.472
155,436,463.483,1004.21,695.225,849.719,772.472,540.73,617.978,617.978,849.719,540.73,617.978
155,437,617.978,1390.45,926.966,772.472,463.483,540.73,540.73,695.225,617.978,308.989,386.236
155,438,695.225,1931.18,1622.19,1235.96,463.483,463.483,463.483,463.483,463.483,308.989,386.236
155,439,926.966,1699.44,1544.94,1313.2,617.978,386.236,308.989,386.236,463.483,231.742,386.236
155,440,926.966,1004.21,695.225,849.719,540.73,231.742,308.989,308.989,386.236,154.494,231.742
155,441,1004.21,772.472,772.472,772.472,308.989,231.742,231.742,463.483,463.483,154.494,231.742
155,442,1081.46,1158.71,1235.96,1235.96,231.742,231.742,308.989,154.494,231.742,154.494,231.742
155,443,617.978,1004.21,1004.21,1004.21,386.236,231.742,154.494,154.494,77.2472,77.2472,77.2472
155,444,540.73,617.978,540.73,540.73,154.494,77.2472,154.494,308.989,308.989,154.494,154.494
155,445,849.719,1081.46,695.225,386.236,231.742,231.742,308.989,154.494,154.494,154.494,154.494
155,446,617.978,695.225,463.483,386.236,231.742,308.989,154.494,154.494,77.2472,77.2472,77.2472
155,448,463.483,386.236,231.742,231.742,154.494,154.494,154.494,77.2472,154.494,154.494,154.494
155,449,308.989,386.236,308.989,231.742,154.494,154.494,154.494,77.2472,77.2472,77.2472,77.2472
155,450,231.742,308.989,154.494,231.742,154.494,77.2472,77.2472,77.2472,154.494,77.2472,77.2472
156,424,463.483,463.483,772.472,849.719,231.742,154.494,463.483,617.978,540.73,308.989,308.989
156,425,540.73,463.483,1390.45,1004.21,154.494,386.236,463.483,463.483,386.236,386.236,386.236
156,426,540.73,849.719,1081.46,617.978,308.989,386.236,308.989,386.236,540.73,463.483,540.73
156,427,695.225,1467.7,926.966,1004.21,540.73,231.742,308.989,540.73,695.225,463.483,617.978
156,428,926.966,1544.94,1776.69,2085.67,540.73,308.989,463.483,1004.21,772.472,540.73,540.73
156,429,1313.2,1622.19,2703.65,2935.39,463.483,540.73,849.719,926.966,617.978,540.73,540.73
156,430,1390.45,1467.7,2780.9,2780.9,540.73,695.225,695.225,540.73,540.73,695.225,617.978
156,431,1081.46,1313.2,2240.17,1931.18,772.472,463.483,386.236,386.236,540.73,772.472,695.225
156,432,772.472,1235.96,2008.43,1544.94,540.73,231.742,308.989,386.236,540.73,617.978,617.978
156,433,695.225,1467.7,2240.17,1853.93,463.483,231.742,386.236,695.225,617.978,540.73,540.73
156,434,695.225,1313.2,1776.69,1544.94,617.978,386.236,617.978,695.225,695.225,463.483,540.73
156,435,540.73,1158.71,1235.96,1004.21,695.225,540.73,540.73,386.236,540.73,386.236,463.483
156,436,463.483,1004.21,1622.19,1235.96,463.483,308.989,308.989,386.236,540.73,308.989,386.236
156,437,540.73,1235.96,1931.18,2085.67,463.483,231.742,386.236,386.236,463.483,231.742,386.236
156,438,849.719,1081.46,1313.2,1699.44,617.978,386.236,386.236,308.989,386.236,231.742,308.989
156,439,1158.71,1390.45,772.472,926.966,463.483,308.989,231.742,308.989,308.989,154.494,231.742
156,440,1004.21,1544.94,695.225,617.978,308.989,154.494,154.494,308.989,308.989,154.494,231.742
156,441,772.472,1390.45,1004.21,926.966,154.494,154.494,154.494,231.742,308.989,154.494,231.742
156,442,617.978,1081.46,772.472,772.472,308.989,154.494,154.494,77.2472,154.494,154.494,154.494
156,443,540.73,540.73,463.483,386.236,308.989,154.494,77.2472,154.494,154.494,77.2472,77.2472
156,444,772.472,926.966,849.719,463.483,154.494,154.494,231.742,231.742,231.742,154.494,154.494
156,445,463.483,772.472,540.73,463.483,231.742,231.742,231.742,154.494,154.494,154.494,77.2472
156,446,386.236,308.989,231.742,231.742,154.494,154.494,154.494,154.494,154.494,77.2472,77.2472
156,447,386.236,308.989,231.742,154.494,154.494,77.2472,154.494,154.494,154.494,154.494,154.494
156,448,308.989,386.236,386.236,308.989,154.494,154.494,77.2472,77.2472,77.2472,77.2472,77.2472
157,425,386.236,540.73,617.978,772.472,231.742,154.494,463.483,849.719,695.225,231.742,463.483
157,427,617.978,617.978,1544.94,1004.21,463.483,695.225,540.73,772.472,463.483,308.989,386.236
157,428,695.225,926.966,1467.7,772.472,849.719,540.73,386.236,617.978,617.978,463.483,386.236
157,429,849.719,1390.45,1467.7,772.472,1081.46,386.236,463.483,617.978,540.73,308.989,308.989
157,430,1004.21,1931.18,1313.2,926.966,617.978,386.236,463.483,463.483,308.989,308.989,308.989
157,431,1004.21,2085.67,1158.71,1081.46,463.483,308.989,308.989,463.483,308.989,308.989,308.989
157,432,926.966,2240.17,1235.96,1235.96,463.483,308.989,386.236,617.978,386.236,386.236,386.236
157,433,1081.46,2549.16,1158.71,1235.96,695.225,386.236,463.483,540.73,617.978,463.483,463.483
157,434,1158.71,2626.4,926.966,1081.46,540.73,463.483,463.483,463.483,463.483,386.236,386.236
157,435,926.966,2008.43,926.966,1004.21,308.989,308.989,308.989,617.978,386.236,231.742,308.989
157,436,926.966,1776.69,1081.46,1158.71,308.989,231.742,386.236,695.225,540.73,231.742,386.236
157,437,1081.46,2162.92,1235.96,926.966,540.73,386.236,463.483,386.236,386.236,231.742,308.989
157,438,1004.21,2317.42,1544.94,926.966,386.236,308.989,231.742,231.742,231.742,154.494,231.742
157,439,849.719,2008.43,1622.19,1081.46,154.494,154.494,154.494,231.742,231.742,154.494,154.494
157,440,695.225,1158.71,1235.96,1081.46,231.742,154.494,154.494,231.742,231.742,231.742,154.494
157,441,695.225,695.225,772.472,695.225,308.989,154.494,154.494,154.494,154.494,154.494,154.494
157,442,617.978,617.978,386.236,386.236,308.989,154.494,154.494,154.494,77.2472,77.2472,77.2472
157,443,695.225,617.978,617.978,386.236,154.494,154.494,154.494,231.742,154.494,154.494,77.2472
157,444,463.483,540.73,617.978,540.73,154.494,154.494,231.742,77.2472,154.494,154.494,154.494
157,445,386.236,386.236,231.742,308.989,231.742,154.494,77.2472,154.494,77.2472,77.2472,77.2472
157,446,386.236,386.236,231.742,154.494,154.494,77.2472,154.494,154.494,154.494,77.2472,77.2472
158,427,386.236,540.73,617.978,849.719,231.742,463.483,695.225,617.978,849.719,386.236,617.978
158,428,540.73,540.73,1004.21,1235.96,308.989,540.73,463.483,463.483,617.978,308.989,463.483
158,429,772.472,617.978,1776.69,1622.19,386.236,308.989,308.989,386.236,540.73,231.742,386.236
158,430,926.966,772.472,2085.67,1699.44,386.236,231.742,231.742,617.978,617.978,386.236,540.73
158,431,926.966,849.719,2240.17,1699.44,308.989,308.989,386.236,849.719,849.719,463.483,772.472
158,432,926.966,849.719,2394.66,1622.19,308.989,463.483,617.978,617.978,849.719,540.73,772.472
158,433,849.719,926.966,2626.4,1699.44,386.236,463.483,386.236,386.236,695.225,463.483,617.978
158,434,926.966,1004.21,2162.92,1544.94,308.989,308.989,231.742,540.73,617.978,308.989,540.73
158,435,1004.21,926.966,1776.69,1235.96,231.742,154.494,308.989,772.472,849.719,308.989,463.483
158,436,926.966,849.719,2008.43,1467.7,308.989,308.989,463.483,463.483,617.978,308.989,386.236
158,437,926.966,926.966,2162.92,1776.69,308.989,386.236,308.989,154.494,231.742,154.494,231.742
158,438,1081.46,926.966,1622.19,1622.19,231.742,231.742,154.494,154.494,154.494,154.494,154.494
158,439,1081.46,1004.21,849.719,1004.21,231.742,77.2472,154.494,231.742,154.494,231.742,154.494
158,440,1081.46,1158.71,540.73,463.483,231.742,154.494,154.494,154.494,154.494,154.494,154.494
158,441,695.225,1004.21,463.483,308.989,231.742,154.494,154.494,154.494,154.494,77.2472,77.2472
158,442,540.73,540.73,463.483,308.989,154.494,77.2472,77.2472,154.494,154.494,77.2472,77.2472
158,443,386.236,386.236,463.483,308.989,154.494,77.2472,154.494,154.494,154.494,77.2472,154.494
158,444,386.236,308.989,308.989,308.989,231.742,154.494,154.494,77.2472,77.2472,77.2472,77.2472
159,427,231.742,386.236,463.483,308.989,463.483,154.494,154.494,154.494,308.989,231.742,231.742
159,428,308.989,463.483,386.236,386.236,540.73,154.494,154.494,154.494,231.742,154.494,231.742
159,429,386.236,617.978,463.483,695.225,540.73,154.494,154.494,154.494,308.989,231.742,231.742
159,430,540.73,849.719,540.73,926.966,463.483,154.494,154.494,231.742,386.236,386.236,463.483
159,431,617.978,926.966,617.978,849.719,386.236,154.494,231.742,231.742,540.73,540.73,617.978
159,432,617.978,926.966,617.978,772.472,308.989,231.742,308.989,231.742,386.236,463.483,463.483
159,433,695.225,926.966,695.225,849.719,231.742,231.742,154.494,231.742,308.989,308.989,386.236
159,434,926.966,1004.21,617.978,695.225,308.989,154.494,154.494,231.742,386.236,308.989,308.989
159,435,849.719,926.966,540.73,617.978,386.236,231.742,231.742,154.494,386.236,308.989,308.989
159,436,772.472,772.472,463.483,617.978,386.236,231.742,231.742,154.494,231.742,231.742,154.494
159,437,772.472,849.719,617.978,540.73,308.989,154.494,154.494,231.742,154.494,77.2472,154.494
159,438,695.225,1081.46,849.719,463.483,386.236,231.742,231.742,308.989,231.742,154.494,231.742
159,439,540.73,1004.21,1081.46,463.483,386.236,231.742,231.742,154.494,231.742,231.742,231.742
159,440,463.483,772.472,1004.21,617.978,231.742,154.494,154.494,77.2472,154.494,154.494,154.494
159,441,463.483,540.73,540.73,463.483,154.494,154.494,77.2472,154.494,77.2472,77.2472,77.2472
159,442,386.236,386.236,308.989,308.989,154.494,77.2472,154.494,154.494,154.494,77.2472,77.2472
159,443,308.989,308.989,231.742,231.742,231.742,154.494,154.494,77.2472,154.494,77.2472,77.2472
160,430,308.989,463.483,1081.46,695.225,617.978,308.989,308.989,308.989,308.989,231.742,231.742
160,431,308.989,540.73,1081.46,695.225,540.73,231.742,231.742,308.989,231.742,231.742,154.494
160,434,540.73,695.225,926.966,540.73,386.236,386.236,463.483,308.989,308.989,154.494,154.494
160,435,540.73,617.978,772.472,463.483,386.236,386.236,231.742,231.742,154.494,154.494,154.494
160,436,540.73,463.483,772.472,463.483,308.989,231.742,154.494,308.989,231.742,77.2472,154.494
160,437,463.483,617.978,926.966,617.978,308.989,231.742,308.989,386.236,308.989,154.494,231.742
160,438,463.483,695.225,1004.21,849.719,308.989,308.989,308.989,231.742,308.989,231.742,308.989
160,439,463.483,617.978,772.472,772.472,231.742,231.742,154.494,154.494,154.494,154.494,231.742
160,440,386.236,540.73,540.73,617.978,154.494,77.2472,77.2472,154.494,77.2472,77.2472,77.2472
160,441,308.989,386.236,308.989,308.989,231.742,77.2472,154.494,154.494,154.494,77.2472,77.2472
160,442,308.989,386.236,154.494,154.494,231.742,154.494,154.494,154.494,77.2472,77.2472,77.2472
161,429,231.742,386.236,386.236,617.978,308.989,308.989,308.989,308.989,386.236,231.742,308.989
161,430,231.742,386.236,540.73,849.719,308.989,308.989,231.742,231.742,308.989,231.742,308.989
161,431,231.742,386.236,617.978,849.719,308.989,231.742,231.742,231.742,386.236,154.494,231.742
161,432,231.742,308.989,617.978,849.719,231.742,154.494,231.742,308.989,463.483,231.742,308.989
161,433,231.742,308.989,540.73,772.472,154.494,154.494,308.989,231.742,463.483,308.989,308.989
161,434,308.989,386.236,540.73,849.719,154.494,231.742,308.989,231.742,308.989,231.742,231.742
161,435,386.236,463.483,463.483,772.472,154.494,154.494,154.494,231.742,231.742,154.494,154.494
161,436,308.989,386.236,463.483,695.225,154.494,154.494,154.494,154.494,231.742,154.494,154.494
161,437,308.989,386.236,540.73,772.472,154.494,154.494,231.742,154.494,231.742,231.742,231.742
161,438,308.989,540.73,540.73,772.472,231.742,154.494,154.494,154.494,154.494,231.742,154.494
161,439,308.989,695.225,463.483,540.73,386.236,154.494,154.494,231.742,154.494,77.2472,77.2472
161,440,308.989,695.225,463.483,308.989,386.236,154.494,154.494,154.494,154.494,77.2472,77.2472
161,441,231.742,540.73,386.236,231.742,231.742,154.494,154.494,154.494,154.494,154.494,77.2472
162,430,154.494,386.236,386.236,308.989,617.978,231.742,154.494,154.494,154.494,231.742,154.494
162,431,154.494,386.236,386.236,386.236,617.978,154.494,77.2472,154.494,154.494,231.742,231.742
162,432,154.494,386.236,386.236,308.989,463.483,154.494,154.494,154.494,231.742,308.989,231.742
162,439,154.494,463.483,772.472,617.978,463.483,308.989,308.989,231.742,231.742,77.2472,77.2472
163,430,154.494,231.742,386.236,386.236,540.73,463.483,386.236,386.236,308.989,77.2472,154.494
163,431,154.494,231.742,386.236,463.483,540.73,386.236,308.989,308.989,231.742,77.2472,154.494
163,432,154.494,231.742,386.236,463.483,386.236,308.989,308.989,308.989,154.494,77.2472,154.494
163,434,154.494,231.742,386.236,463.483,308.989,308.989,231.742,231.742,154.494,77.2472,77.2472
163,435,231.742,308.989,386.236,463.483,308.989,308.989,154.494,154.494,154.494,77.2472,77.2472
163,438,154.494,308.989,386.236,463.483,231.742,231.742,231.742,154.494,231.742,154.494,154.494
163,439,154.494,308.989,308.989,463.483,231.742,231.742,231.742,77.2472,154.494,154.494,154.494
163,440,154.494,308.989,231.742,386.236,308.989,154.494,77.2472,154.494,77.2472,154.494,77.2472
164,429,154.494,231.742,154.494,231.742,308.989,308.989,308.989,231.742,308.989,231.742,231.742
164,430,154.494,231.742,154.494,231.742,386.236,308.989,308.989,154.494,231.742,154.494,154.494
164,431,154.494,231.742,154.494,308.989,386.236,231.742,231.742,154.494,231.742,154.494,154.494
164,432,154.494,154.494,154.494,308.989,308.989,231.742,231.742,154.494,231.742,77.2472,154.494
164,435,154.494,231.742,231.742,308.989,231.742,154.494,154.494,77.2472,154.494,77.2472,77.2472
164,436,154.494,308.989,154.494,308.989,231.742,77.2472,154.494,77.2472,77.2472,154.494,77.2472
164,438,154.494,308.989,231.742,308.989,231.742,154.494,154.494,154.494,77.2472,154.494,77.2472
165,431,154.494,154.494,231.742,231.742,463.483,231.742,231.742,154.494,77.2472,154.494,77.2472
165,432,154.494,154.494,231.742,231.742,463.483,231.742,154.494,154.494,77.2472,154.494,77.2472
166,431,154.494,154.494,154.494,231.742,308.989,386.236,308.989,231.742,154.494,77.2472,77.2472
