303,364,154.494,231.742,154.494,154.494,308.989,308.989,231.742,154.494,154.494,308.989,231.742
298,365,154.494,231.742,308.989,308.989,463.483,308.989,154.494,77.2472,77.2472,308.989,154.494
305,365,308.989,308.989,231.742,231.742,386.236,231.742,154.494,231.742,231.742,386.236,231.742
298,366,231.742,540.73,308.989,308.989,231.742,154.494,154.494,231.742,308.989,386.236,386.236
299,366,308.989,617.978,386.236,386.236,231.742,154.494,231.742,308.989,308.989,231.742,231.742
300,366,231.742,463.483,386.236,386.236,231.742,154.494,308.989,308.989,231.742,154.494,154.494
301,366,231.742,386.236,308.989,231.742,308.989,231.742,308.989,308.989,231.742,154.494,154.494
302,366,308.989,540.73,231.742,231.742,308.989,540.73,540.73,463.483,463.483,231.742,308.989
306,366,386.236,386.236,540.73,540.73,386.236,231.742,231.742,231.742,308.989,617.978,308.989
307,366,463.483,463.483,308.989,308.989,231.742,386.236,386.236,463.483,386.236,231.742,308.989
310,366,308.989,308.989,308.989,308.989,231.742,231.742,154.494,154.494,308.989,540.73,386.236
295,367,231.742,308.989,231.742,231.742,231.742,154.494,231.742,154.494,308.989,231.742,308.989
299,367,231.742,386.236,308.989,308.989,154.494,308.989,308.989,231.742,231.742,154.494,231.742
302,367,386.236,308.989,695.225,695.225,695.225,386.236,154.494,386.236,386.236,695.225,463.483
303,367,540.73,540.73,386.236,386.236,926.966,617.978,308.989,386.236,463.483,772.472,540.73
304,367,617.978,772.472,463.483,386.236,695.225,617.978,540.73,695.225,772.472,772.472,772.472
305,367,540.73,926.966,772.472,617.978,231.742,386.236,617.978,1004.21,1158.71,849.719,1158.71
307,367,540.73,463.483,849.719,772.472,386.236,231.742,231.742,308.989,386.236,695.225,463.483
308,367,617.978,540.73,463.483,463.483,386.236,463.483,463.483,540.73,463.483,308.989,386.236
311,367,386.236,386.236,463.483,463.483,386.236,154.494,154.494,231.742,386.236,540.73,463.483
312,367,386.236,386.236,386.236,308.989,231.742,308.989,231.742,154.494,231.742,308.989,231.742
313,367,308.989,386.236,386.236,386.236,154.494,308.989,386.236,386.236,308.989,154.494,231.742
287,368,154.494,231.742,154.494,154.494,463.483,308.989,386.236,308.989,308.989,231.742,231.742
298,368,231.742,231.742,231.742,231.742,231.742,231.742,231.742,154.494,231.742,154.494,154.494
299,368,308.989,540.73,386.236,386.236,231.742,231.742,231.742,231.742,231.742,154.494,231.742
300,368,617.978,1235.96,1004.21,772.472,308.989,308.989,386.236,540.73,463.483,231.742,386.236
301,368,617.978,1235.96,1235.96,926.966,231.742,386.236,695.225,1158.71,1081.46,540.73,849.719
303,368,386.236,695.225,1699.44,1776.69,540.73,231.742,849.719,1390.45,1467.7,1544.94,1313.2
304,368,617.978,617.978,1853.93,1699.44,772.472,386.236,617.978,926.966,926.966,1158.71,926.966
305,368,926.966,849.719,1004.21,926.966,617.978,617.978,772.472,1081.46,1004.21,772.472,1004.21
306,368,926.966,1235.96,772.472,695.225,308.989,540.73,926.966,1235.96,1467.7,849.719,1313.2
307,368,772.472,849.719,1158.71,1004.21,231.742,231.742,617.978,695.225,1081.46,849.719,1004.21
308,368,772.472,617.978,926.966,772.472,463.483,308.989,386.236,463.483,540.73,617.978,463.483
309,368,695.225,695.225,617.978,617.978,463.483,463.483,540.73,540.73,540.73,308.989,386.236
310,368,617.978,695.225,695.225,617.978,231.742,386.236,540.73,617.978,695.225,308.989,540.73
311,368,540.73,540.73,849.719,695.225,231.742,231.742,463.483,695.225,695.225,540.73,617.978
312,368,463.483,463.483,617.978,540.73,386.236,154.494,231.742,308.989,540.73,617.978,540.73
313,368,386.236,463.483,463.483,386.236,386.236,386.236,231.742,231.742,231.742,386.236,231.742
314,368,386.236,463.483,463.483,386.236,154.494,386.236,540.73,463.483,308.989,154.494,231.742
316,368,308.989,308.989,386.236,308.989,308.989,154.494,77.2472,154.494,231.742,386.236,308.989
317,368,231.742,308.989,308.989,308.989,154.494,231.742,231.742,154.494,154.494,231.742,154.494
286,369,154.494,231.742,231.742,154.494,386.236,540.73,540.73,308.989,308.989,231.742,231.742
290,369,231.742,540.73,695.225,695.225,154.494,154.494,154.494,154.494,154.494,77.2472,77.2472
294,369,463.483,849.719,463.483,463.483,154.494,231.742,231.742,308.989,231.742,386.236,308.989
295,369,617.978,1158.71,463.483,386.236,154.494,231.742,154.494,308.989,308.989,154.494,154.494
296,369,308.989,617.978,308.989,231.742,154.494,154.494,77.2472,231.742,154.494,154.494,154.494
299,369,386.236,540.73,386.236,308.989,154.494,154.494,154.494,154.494,154.494,154.494,154.494
300,369,695.225,1081.46,695.225,617.978,386.236,231.742,231.742,154.494,231.742,154.494,231.742
301,369,617.978,849.719,849.719,772.472,695.225,617.978,540.73,463.483,463.483,386.236,540.73
302,369,695.225,926.966,617.978,540.73,695.225,1081.46,1158.71,1235.96,1235.96,1004.21,1235.96
303,369,1004.21,1853.93,772.472,772.472,463.483,1158.71,1776.69,1853.93,1776.69,1313.2,1622.19
304,369,1004.21,2240.17,2008.43,1699.44,386.236,772.472,1390.45,1390.45,1544.94,1004.21,1158.71
305,369,849.719,1158.71,2085.67,1699.44,695.225,772.472,849.719,849.719,849.719,695.225,617.978
306,369,1081.46,1004.21,1004.21,849.719,772.472,1004.21,1004.21,926.966,926.966,463.483,695.225
307,369,1158.71,1158.71,926.966,849.719,386.236,695.225,1004.21,926.966,1081.46,540.73,926.966
308,369,926.966,1004.21,1158.71,1004.21,386.236,386.236,617.978,695.225,772.472,695.225,772.472
309,369,849.719,772.472,1158.71,1004.21,463.483,386.236,386.236,463.483,540.73,695.225,463.483
310,369,849.719,772.472,849.719,772.472,463.483,463.483,386.236,308.989,386.236,386.236,231.742
311,369,772.472,849.719,772.472,617.978,386.236,540.73,617.978,772.472,617.978,231.742,463.483
312,369,617.978,695.225,926.966,772.472,231.742,308.989,540.73,849.719,849.719,540.73,695.225
313,369,463.483,540.73,617.978,540.73,386.236,154.494,231.742,231.742,540.73,695.225,540.73
314,369,386.236,463.483,463.483,386.236,463.483,463.483,308.989,231.742,231.742,308.989,154.494
315,369,308.989,463.483,386.236,386.236,154.494,386.236,463.483,386.236,386.236,154.494,308.989
316,369,308.989,386.236,386.236,386.236,231.742,154.494,231.742,231.742,386.236,386.236,386.236
317,369,231.742,308.989,308.989,308.989,231.742,231.742,154.494,154.494,154.494,308.989,231.742
318,369,231.742,308.989,231.742,231.742,154.494,231.742,231.742,154.494,154.494,154.494,154.494
285,370,154.494,231.742,231.742,231.742,231.742,463.483,386.236,231.742,231.742,308.989,231.742
286,370,154.494,308.989,308.989,231.742,540.73,463.483,386.236,231.742,231.742,154.494,154.494
289,370,308.989,617.978,849.719,849.719,231.742,154.494,154.494,154.494,154.494,154.494,77.2472
292,370,386.236,772.472,849.719,540.73,77.2472,154.494,77.2472,154.494,154.494,308.989,231.742
293,370,386.236,463.483,231.742,231.742,231.742,154.494,77.2472,231.742,231.742,386.236,308.989
297,370,463.483,463.483,540.73,386.236,154.494,231.742,231.742,154.494,154.494,154.494,154.494
298,370,308.989,386.236,386.236,463.483,231.742,231.742,154.494,308.989,231.742,231.742,154.494
299,370,386.236,772.472,772.472,695.225,154.494,154.494,154.494,463.483,308.989,386.236,308.989
300,370,463.483,1390.45,1699.44,1544.94,386.236,154.494,231.742,463.483,386.236,695.225,386.236
301,370,463.483,1544.94,2935.39,2626.4,772.472,386.236,463.483,617.978,463.483,926.966,540.73
302,370,386.236,1235.96,3089.89,2858.15,1313.2,1004.21,849.719,1004.21,926.966,1467.7,1081.46
303,370,617.978,849.719,2008.43,1853.93,1699.44,1699.44,1313.2,1004.21,1235.96,1622.19,1235.96
304,370,1158.71,1776.69,926.966,926.966,1235.96,1313.2,1390.45,849.719,1004.21,1004.21,849.719
305,370,1004.21,1776.69,1235.96,1235.96,926.966,695.225,849.719,695.225,695.225,540.73,540.73
306,370,849.719,1158.71,1313.2,1313.2,1081.46,695.225,540.73,463.483,463.483,617.978,386.236
307,370,1004.21,1081.46,1313.2,1158.71,849.719,772.472,617.978,463.483,463.483,463.483,386.236
308,370,1158.71,1235.96,1235.96,1081.46,540.73,540.73,695.225,772.472,772.472,463.483,772.472
309,370,1081.46,1313.2,1158.71,1081.46,463.483,386.236,617.978,926.966,1004.21,1081.46,1158.71
310,370,926.966,926.966,1390.45,1313.2,386.236,308.989,308.989,463.483,695.225,1158.71,772.472
311,370,926.966,772.472,772.472,772.472,617.978,463.483,463.483,386.236,308.989,463.483,231.742
312,370,772.472,849.719,772.472,695.225,463.483,617.978,772.472,1004.21,695.225,308.989,540.73
313,370,540.73,617.978,772.472,695.225,231.742,231.742,540.73,695.225,926.966,695.225,772.472
314,370,463.483,463.483,540.73,463.483,463.483,231.742,231.742,231.742,308.989,617.978,386.236
315,370,386.236,463.483,463.483,386.236,308.989,463.483,463.483,463.483,308.989,231.742,231.742
285,371,231.742,231.742,231.742,231.742,308.989,386.236,231.742,154.494,154.494,231.742,154.494
286,371,154.494,308.989,231.742,231.742,463.483,308.989,231.742,154.494,154.494,154.494,231.742
288,371,308.989,540.73,617.978,695.225,463.483,154.494,231.742,154.494,231.742,77.2472,77.2472
289,371,386.236,695.225,695.225,695.225,154.494,154.494,154.494,231.742,154.494,231.742,154.494
291,371,617.978,1235.96,1081.46,772.472,154.494,154.494,154.494,154.494,154.494,154.494,154.494
292,371,463.483,772.472,463.483,308.989,77.2472,154.494,154.494,231.742,231.742,386.236,308.989
293,371,308.989,617.978,849.719,617.978,77.2472,154.494,231.742,154.494,154.494,308.989,154.494
294,371,463.483,849.719,926.966,540.73,77.2472,231.742,308.989,386.236,308.989,695.225,386.236
295,371,386.236,695.225,308.989,231.742,154.494,154.494,308.989,386.236,540.73,1313.2,772.472
296,371,772.472,926.966,386.236,231.742,154.494,154.494,231.742,231.742,308.989,617.978,386.236
297,371,540.73,463.483,231.742,231.742,308.989,154.494,231.742,463.483,231.742,231.742,231.742
299,371,695.225,772.472,308.989,308.989,154.494,154.494,540.73,1158.71,1004.21,695.225,695.225
300,371,1158.71,1622.19,386.236,308.989,154.494,231.742,617.978,849.719,849.719,1313.2,1004.21
301,371,1313.2,2471.91,695.225,695.225,308.989,540.73,1004.21,926.966,849.719,1776.69,1235.96
302,371,1081.46,2703.65,1158.71,1313.2,772.472,926.966,1467.7,1699.44,1544.94,2085.67,1699.44
303,371,540.73,2162.92,1776.69,1853.93,1467.7,1081.46,1081.46,1544.94,1776.69,2549.16,1776.69
304,371,463.483,1313.2,1622.19,1622.19,1313.2,1081.46,695.225,540.73,849.719,1699.44,926.966
305,371,617.978,1544.94,1467.7,1467.7,772.472,695.225,772.472,463.483,463.483,617.978,463.483
306,371,772.472,1390.45,1390.45,1544.94,617.978,386.236,617.978,772.472,695.225,1004.21,849.719
307,371,849.719,1699.44,1622.19,1467.7,617.978,463.483,463.483,463.483,617.978,1313.2,695.225
308,371,849.719,1081.46,1776.69,1699.44,695.225,617.978,617.978,540.73,463.483,617.978,463.483
309,371,1235.96,1390.45,772.472,695.225,695.225,617.978,1004.21,1390.45,1235.96,849.719,1235.96
310,371,1004.21,1467.7,1390.45,1158.71,386.236,386.236,849.719,1467.7,1622.19,1699.44,1699.44
311,371,849.719,772.472,1390.45,1390.45,463.483,308.989,386.236,463.483,772.472,1235.96,772.472
312,371,849.719,772.472,695.225,617.978,772.472,695.225,695.225,849.719,463.483,386.236,386.236
313,371,695.225,772.472,849.719,695.225,308.989,540.73,772.472,1004.21,1081.46,617.978,849.719
314,371,463.483,540.73,695.225,617.978,308.989,231.742,308.989,386.236,695.225,772.472,695.225
315,371,463.483,463.483,540.73,463.483,386.236,386.236,386.236,386.236,231.742,308.989,231.742
316,371,308.989,463.483,386.236,386.236,231.742,308.989,386.236,386.236,463.483,154.494,308.989
318,371,231.742,308.989,231.742,231.742,231.742,231.742,154.494,154.494,154.494,231.742,154.494
287,372,231.742,308.989,308.989,308.989,308.989,308.989,386.236,308.989,308.989,154.494,154.494
288,372,386.236,617.978,463.483,463.483,386.236,231.742,231.742,77.2472,154.494,154.494,77.2472
290,372,463.483,772.472,695.225,540.73,154.494,154.494,154.494,154.494,154.494,154.494,154.494
291,372,695.225,1004.21,617.978,463.483,154.494,154.494,386.236,386.236,231.742,540.73,308.989
292,372,386.236,540.73,463.483,386.236,154.494,231.742,308.989,386.236,386.236,617.978,386.236
293,372,1235.96,1544.94,849.719,463.483,231.742,386.236,154.494,463.483,231.742,617.978,386.236
299,372,231.742,540.73,695.225,695.225,308.989,772.472,1235.96,1158.71,1158.71,617.978,695.225
300,372,463.483,540.73,1081.46,926.966,540.73,926.966,1235.96,849.719,1004.21,1004.21,926.966
301,372,849.719,617.978,849.719,617.978,1004.21,1313.2,1544.94,617.978,772.472,1235.96,1004.21
302,372,617.978,695.225,695.225,540.73,1081.46,1776.69,2162.92,1390.45,1235.96,1004.21,1158.71
303,372,386.236,1081.46,540.73,463.483,1004.21,1158.71,2008.43,1544.94,1699.44,1235.96,1313.2
304,372,540.73,1235.96,540.73,540.73,926.966,463.483,695.225,463.483,772.472,1081.46,617.978
305,372,617.978,1622.19,463.483,463.483,617.978,617.978,540.73,308.989,231.742,463.483,231.742
306,372,463.483,1004.21,540.73,617.978,463.483,617.978,926.966,849.719,849.719,772.472,926.966
307,372,926.966,1699.44,463.483,540.73,463.483,463.483,695.225,1158.71,1313.2,2240.17,1622.19
308,372,695.225,1622.19,1313.2,1313.2,463.483,617.978,695.225,695.225,772.472,1776.69,926.966
309,372,772.472,772.472,1158.71,1235.96,695.225,926.966,1158.71,1158.71,849.719,695.225,695.225
310,372,1081.46,1390.45,695.225,617.978,695.225,926.966,1390.45,2085.67,2008.43,1467.7,1853.93
311,372,849.719,1235.96,1390.45,1313.2,308.989,463.483,772.472,1081.46,1699.44,1699.44,1467.7
312,372,849.719,772.472,1004.21,1004.21,617.978,617.978,772.472,772.472,617.978,772.472,540.73
313,372,772.472,849.719,772.472,695.225,540.73,617.978,926.966,1158.71,1004.21,540.73,695.225
314,372,540.73,695.225,772.472,772.472,308.989,308.989,386.236,540.73,926.966,695.225,772.472
315,372,463.483,540.73,617.978,540.73,386.236,386.236,308.989,308.989,308.989,386.236,386.236
316,372,386.236,386.236,463.483,386.236,231.742,386.236,386.236,386.236,386.236,154.494,231.742
287,373,231.742,463.483,463.483,386.236,308.989,386.236,540.73,308.989,308.989,154.494,154.494
288,373,154.494,308.989,231.742,231.742,308.989,231.742,231.742,154.494,154.494,154.494,77.2472
290,373,463.483,772.472,695.225,695.225,231.742,308.989,540.73,308.989,154.494,386.236,231.742
292,373,617.978,926.966,1004.21,695.225,308.989,386.236,540.73,695.225,617.978,772.472,463.483
295,373,695.225,849.719,463.483,308.989,463.483,1467.7,1776.69,2008.43,2858.15,2471.91,2471.91
298,373,463.483,617.978,772.472,926.966,1235.96,1004.21,1235.96,1544.94,2549.16,2471.91,1931.18
299,373,386.236,849.719,849.719,1081.46,926.966,1081.46,695.225,695.225,617.978,1081.46,463.483
300,373,540.73,1158.71,1313.2,1235.96,849.719,1235.96,772.472,617.978,849.719,617.978,617.978
301,373,386.236,849.719,1158.71,849.719,1544.94,1544.94,695.225,231.742,386.236,772.472,540.73
302,373,463.483,849.719,540.73,695.225,1931.18,2317.42,1390.45,1004.21,463.483,540.73,308.989
303,373,463.483,849.719,695.225,617.978,1235.96,2240.17,1544.94,926.966,849.719,772.472,540.73
304,373,617.978,926.966,617.978,386.236,463.483,772.472,617.978,308.989,308.989,386.236,231.742
305,373,386.236,540.73,463.483,231.742,463.483,540.73,463.483,540.73,386.236,463.483,308.989
306,373,463.483,540.73,386.236,386.236,540.73,1004.21,1004.21,617.978,540.73,386.236,463.483
307,373,540.73,617.978,695.225,617.978,695.225,772.472,1313.2,1313.2,1390.45,1699.44,1699.44
308,373,463.483,1004.21,540.73,540.73,849.719,772.472,926.966,1313.2,1544.94,2780.9,1931.18
309,373,463.483,1235.96,1544.94,1544.94,926.966,1158.71,1158.71,926.966,772.472,1313.2,695.225
310,373,695.225,926.966,1390.45,1390.45,1004.21,1313.2,1544.94,1776.69,1390.45,1158.71,1235.96
311,373,1004.21,1313.2,1235.96,1158.71,849.719,772.472,1158.71,1544.94,2008.43,1467.7,1699.44
312,373,849.719,1081.46,1235.96,1235.96,617.978,772.472,849.719,772.472,1158.71,1004.21,926.966
313,373,926.966,926.966,1081.46,1004.21,540.73,772.472,1004.21,1004.21,849.719,617.978,617.978
314,373,695.225,772.472,849.719,772.472,463.483,308.989,463.483,695.225,926.966,540.73,695.225
315,373,540.73,617.978,695.225,617.978,386.236,386.236,386.236,308.989,463.483,386.236,386.236
316,373,386.236,386.236,540.73,463.483,231.742,308.989,386.236,308.989,231.742,154.494,231.742
284,374,154.494,231.742,154.494,231.742,231.742,231.742,231.742,154.494,77.2472,154.494,154.494
286,374,308.989,463.483,463.483,540.73,231.742,386.236,463.483,386.236,308.989,308.989,231.742
287,374,231.742,540.73,617.978,540.73,231.742,463.483,617.978,308.989,386.236,77.2472,154.494
288,374,308.989,386.236,540.73,463.483,154.494,154.494,231.742,154.494,154.494,154.494,77.2472
289,374,617.978,772.472,926.966,695.225,308.989,231.742,231.742,154.494,154.494,154.494,77.2472
290,374,308.989,617.978,540.73,617.978,308.989,540.73,695.225,617.978,231.742,386.236,386.236
292,374,463.483,1158.71,926.966,617.978,308.989,386.236,695.225,849.719,772.472,926.966,540.73
295,374,386.236,617.978,463.483,386.236,1004.21,1699.44,1467.7,1313.2,2162.92,1776.69,1544.94
296,374,849.719,1390.45,1390.45,1235.96,772.472,1622.19,2549.16,2935.39,1622.19,695.225,1467.7
298,374,540.73,849.719,617.978,1081.46,1313.2,1081.46,1699.44,1622.19,3244.38,3167.13,2471.91
299,374,849.719,849.719,695.225,926.966,695.225,386.236,308.989,849.719,463.483,849.719,386.236
300,374,1235.96,1467.7,1390.45,1390.45,386.236,540.73,463.483,1158.71,1390.45,1081.46,1081.46
301,374,1158.71,1235.96,2008.43,1467.7,695.225,463.483,308.989,386.236,617.978,1313.2,849.719
302,374,926.966,849.719,695.225,540.73,1313.2,1158.71,1467.7,2008.43,695.225,1235.96,772.472
303,374,386.236,617.978,695.225,463.483,1081.46,1158.71,1390.45,1776.69,1622.19,2008.43,1235.96
304,374,1004.21,1004.21,617.978,540.73,540.73,463.483,308.989,463.483,540.73,695.225,386.236
305,374,695.225,617.978,772.472,540.73,386.236,463.483,617.978,1004.21,695.225,1081.46,695.225
306,374,540.73,540.73,772.472,540.73,617.978,1081.46,695.225,386.236,617.978,926.966,386.236
307,374,772.472,1235.96,540.73,540.73,772.472,1390.45,1467.7,849.719,695.225,1004.21,926.966
308,374,463.483,849.719,849.719,849.719,1081.46,1081.46,1467.7,1467.7,1699.44,2394.66,2008.43
309,374,695.225,1622.19,1081.46,1158.71,1313.2,1081.46,1158.71,1158.71,1235.96,1622.19,1158.71
310,374,772.472,1776.69,1931.18,1931.18,1158.71,1467.7,1467.7,1313.2,1081.46,1158.71,926.966
311,374,1004.21,1390.45,1931.18,1853.93,1081.46,926.966,1235.96,1544.94,1699.44,1235.96,1390.45
312,374,1158.71,1390.45,1390.45,1235.96,1081.46,772.472,772.472,926.966,1313.2,849.719,1081.46
313,374,1004.21,1235.96,1467.7,1313.2,540.73,926.966,926.966,772.472,772.472,540.73,617.978
314,374,849.719,849.719,1004.21,1004.21,463.483,308.989,463.483,617.978,772.472,463.483,617.978
315,374,695.225,695.225,617.978,617.978,540.73,386.236,308.989,386.236,463.483,386.236,386.236
316,374,463.483,463.483,540.73,540.73,231.742,308.989,308.989,231.742,231.742,154.494,154.494
317,374,308.989,386.236,386.236,386.236,154.494,154.494,154.494,231.742,231.742,154.494,154.494
284,375,154.494,231.742,231.742,231.742,308.989,231.742,308.989,154.494,154.494,154.494,154.494
285,375,231.742,308.989,386.236,386.236,231.742,231.742,231.742,154.494,77.2472,154.494,154.494
286,375,308.989,463.483,617.978,695.225,308.989,463.483,463.483,386.236,308.989,231.742,231.742
287,375,308.989,617.978,540.73,617.978,231.742,463.483,540.73,308.989,308.989,154.494,154.494
288,375,695.225,926.966,926.966,849.719,154.494,154.494,154.494,154.494,154.494,154.494,154.494
289,375,695.225,1158.71,772.472,617.978,308.989,231.742,231.742,231.742,231.742,154.494,154.494
290,375,617.978,540.73,386.236,308.989,154.494,540.73,540.73,540.73,231.742,231.742,308.989
291,375,849.719,1004.21,463.483,308.989,386.236,772.472,849.719,1544.94,1081.46,926.966,926.966
292,375,386.236,695.225,386.236,386.236,308.989,463.483,617.978,540.73,617.978,695.225,463.483
293,375,463.483,1081.46,849.719,772.472,849.719,1544.94,2162.92,1081.46,772.472,617.978,849.719
294,375,386.236,1235.96,1467.7,1235.96,1081.46,2008.43,2626.4,1853.93,2162.92,1544.94,1931.18
295,375,540.73,695.225,695.225,772.472,695.225,926.966,926.966,695.225,1004.21,1235.96,772.472
296,375,617.978,1158.71,2162.92,1931.18,1931.18,2240.17,2085.67,1776.69,1158.71,617.978,1081.46
297,375,695.225,926.966,1004.21,1081.46,3553.37,3630.62,3476.12,2858.15,3707.87,2471.91,3321.63
298,375,540.73,617.978,540.73,617.978,1235.96,1467.7,1313.2,772.472,1776.69,2394.66,1853.93
299,375,617.978,617.978,695.225,849.719,308.989,386.236,772.472,1544.94,849.719,695.225,849.719
301,375,1081.46,1931.18,1544.94,1853.93,540.73,308.989,695.225,1390.45,2240.17,2240.17,1931.18
302,375,849.719,849.719,1004.21,1235.96,1544.94,1853.93,1544.94,1544.94,772.472,1081.46,849.719
303,375,849.719,1004.21,1313.2,1313.2,1004.21,1622.19,2008.43,1544.94,1699.44,1544.94,1235.96
304,375,772.472,1158.71,2085.67,1776.69,540.73,386.236,540.73,386.236,540.73,540.73,386.236
305,375,1235.96,1622.19,1699.44,1235.96,463.483,695.225,849.719,849.719,617.978,1699.44,1004.21
306,375,1081.46,1158.71,1313.2,772.472,463.483,617.978,617.978,463.483,540.73,2085.67,926.966
307,375,617.978,617.978,695.225,463.483,1004.21,1390.45,926.966,617.978,463.483,1081.46,617.978
308,375,695.225,1235.96,463.483,540.73,1158.71,1467.7,1467.7,1235.96,1158.71,1931.18,1467.7
309,375,540.73,1390.45,1004.21,1004.21,1313.2,1081.46,1235.96,1313.2,1390.45,1467.7,1235.96
310,375,1004.21,2240.17,1235.96,1235.96,1390.45,1235.96,1235.96,1235.96,1158.71,1158.71,1081.46
311,375,1004.21,2008.43,2085.67,2085.67,926.966,1004.21,1158.71,1313.2,1390.45,1158.71,1158.71
312,375,1235.96,1544.94,1467.7,1390.45,1235.96,695.225,772.472,849.719,1235.96,695.225,926.966
313,375,1158.71,1390.45,1390.45,1235.96,695.225,849.719,772.472,617.978,695.225,463.483,540.73
314,375,926.966,926.966,1158.71,1081.46,386.236,386.236,386.236,540.73,695.225,386.236,463.483
315,375,772.472,695.225,617.978,617.978,540.73,308.989,308.989,308.989,540.73,386.236,386.236
316,375,540.73,540.73,540.73,463.483,231.742,308.989,231.742,154.494,231.742,154.494,154.494
317,375,386.236,386.236,386.236,386.236,154.494,154.494,154.494,231.742,231.742,154.494,154.494
284,376,154.494,231.742,231.742,231.742,386.236,308.989,308.989,154.494,154.494,231.742,154.494
285,376,231.742,463.483,386.236,386.236,308.989,231.742,231.742,154.494,77.2472,154.494,77.2472
286,376,308.989,386.236,617.978,695.225,386.236,386.236,386.236,231.742,231.742,231.742,231.742
287,376,463.483,695.225,386.236,386.236,231.742,308.989,386.236,231.742,308.989,154.494,154.494
288,376,617.978,849.719,772.472,695.225,154.494,154.494,154.494,154.494,154.494,154.494,231.742
289,376,540.73,772.472,308.989,308.989,308.989,154.494,154.494,308.989,308.989,231.742,231.742
290,376,540.73,849.719,1081.46,617.978,231.742,540.73,386.236,308.989,154.494,154.494,154.494
291,376,308.989,540.73,849.719,772.472,772.472,772.472,617.978,772.472,540.73,617.978,540.73
292,376,540.73,617.978,772.472,617.978,540.73,463.483,463.483,231.742,308.989,386.236,308.989
293,376,386.236,1622.19,1467.7,1235.96,1235.96,1853.93,1931.18,463.483,386.236,308.989,463.483
294,376,463.483,1081.46,1081.46,1081.46,1313.2,2240.17,2008.43,849.719,1004.21,772.472,849.719
295,376,926.966,1622.19,2162.92,2317.42,463.483,695.225,695.225,386.236,463.483,695.225,386.236
296,376,772.472,2471.91,4712.08,4480.34,1853.93,1313.2,1158.71,617.978,540.73,617.978,540.73
297,376,926.966,849.719,1004.21,1158.71,3476.12,2085.67,1544.94,772.472,1467.7,2162.92,2008.43
298,376,772.472,926.966,1467.7,1390.45,926.966,849.719,772.472,463.483,849.719,1390.45,1158.71
299,376,463.483,617.978,1313.2,1699.44,617.978,1158.71,2240.17,1853.93,1004.21,1081.46,1313.2
300,376,540.73,695.225,617.978,617.978,849.719,2626.4,4789.33,4325.84,4094.1,3476.12,3785.11
301,376,926.966,1081.46,1158.71,1004.21,463.483,772.472,1776.69,1931.18,2858.15,1467.7,1776.69
302,376,1467.7,1081.46,772.472,1004.21,2085.67,1313.2,695.225,1081.46,849.719,849.719,617.978
303,376,1313.2,1467.7,1158.71,1931.18,1776.69,1622.19,1081.46,772.472,695.225,617.978,540.73
304,376,1390.45,2394.66,2780.9,2935.39,1313.2,463.483,463.483,1467.7,926.966,849.719,1004.21
305,376,1776.69,1931.18,2703.65,2394.66,926.966,1004.21,617.978,1235.96,1622.19,2626.4,2085.67
306,376,2317.42,1853.93,849.719,695.225,308.989,695.225,772.472,849.719,1004.21,2703.65,1544.94
307,376,1081.46,1004.21,849.719,540.73,772.472,1081.46,1004.21,1081.46,772.472,1313.2,849.719
308,376,617.978,695.225,386.236,386.236,1313.2,1313.2,1081.46,1081.46,1004.21,1931.18,1390.45
309,376,386.236,1004.21,772.472,849.719,1081.46,1235.96,1235.96,1544.94,1390.45,1390.45,1313.2
310,376,540.73,1390.45,849.719,849.719,1390.45,1081.46,1158.71,1390.45,1467.7,1004.21,1158.71
311,376,926.966,1931.18,1699.44,1622.19,849.719,926.966,1004.21,1158.71,1313.2,1081.46,1081.46
312,376,1158.71,1544.94,1699.44,1622.19,1004.21,617.978,617.978,849.719,1081.46,772.472,849.719
313,376,1313.2,1544.94,1235.96,1081.46,695.225,695.225,695.225,695.225,617.978,386.236,463.483
314,376,1004.21,1158.71,1390.45,1235.96,308.989,308.989,386.236,617.978,695.225,386.236,540.73
315,376,849.719,695.225,695.225,617.978,463.483,308.989,231.742,308.989,540.73,386.236,463.483
316,376,617.978,617.978,617.978,540.73,231.742,231.742,231.742,154.494,231.742,154.494,154.494
317,376,386.236,386.236,386.236,386.236,154.494,154.494,154.494,231.742,231.742,154.494,231.742
284,377,154.494,231.742,308.989,308.989,308.989,386.236,308.989,231.742,154.494,231.742,154.494
285,377,308.989,540.73,386.236,386.236,231.742,231.742,231.742,231.742,154.494,154.494,154.494
286,377,308.989,308.989,540.73,540.73,231.742,308.989,308.989,231.742,154.494,154.494,154.494
287,377,540.73,772.472,386.236,308.989,154.494,308.989,308.989,231.742,308.989,154.494,154.494
288,377,386.236,540.73,617.978,463.483,154.494,154.494,154.494,231.742,154.494,154.494,154.494
289,377,849.719,1081.46,617.978,386.236,231.742,154.494,154.494,308.989,308.989,231.742,231.742
290,377,540.73,1467.7,1390.45,926.966,154.494,386.236,231.742,154.494,154.494,154.494,154.494
291,377,617.978,695.225,695.225,540.73,695.225,695.225,540.73,308.989,231.742,308.989,231.742
292,377,926.966,1235.96,849.719,617.978,463.483,386.236,308.989,154.494,154.494,231.742,154.494
293,377,463.483,1390.45,1313.2,1081.46,1313.2,1467.7,1081.46,231.742,308.989,154.494,308.989
294,377,772.472,849.719,772.472,772.472,1158.71,1622.19,1004.21,463.483,540.73,386.236,386.236
295,377,1699.44,3167.13,1622.19,1776.69,540.73,540.73,540.73,308.989,308.989,308.989,231.742
296,377,1390.45,3476.12,3398.88,2935.39,695.225,1158.71,1313.2,386.236,308.989,463.483,386.236
297,377,1004.21,1158.71,695.225,772.472,772.472,1467.7,1390.45,1004.21,1158.71,1622.19,1467.7
298,377,772.472,1544.94,1853.93,2317.42,540.73,695.225,772.472,849.719,1081.46,849.719,849.719
299,377,463.483,926.966,1622.19,2240.17,1699.44,2703.65,2162.92,1081.46,540.73,772.472,772.472
300,377,772.472,926.966,849.719,772.472,3089.89,4557.58,3167.13,2858.15,2317.42,1699.44,1622.19
301,377,1467.7,1931.18,2162.92,1544.94,1081.46,1313.2,926.966,1004.21,926.966,849.719,695.225
302,377,1544.94,1467.7,1081.46,617.978,849.719,540.73,617.978,2626.4,1699.44,2008.43,1544.94
303,377,926.966,1313.2,540.73,695.225,772.472,1004.21,926.966,1390.45,1004.21,617.978,540.73
304,377,849.719,2935.39,1158.71,1313.2,540.73,540.73,1158.71,3244.38,2085.67,1158.71,2008.43
305,377,926.966,2471.91,1467.7,1313.2,540.73,772.472,617.978,2394.66,3167.13,2935.39,2935.39
306,377,772.472,849.719,1158.71,926.966,540.73,926.966,772.472,1235.96,1544.94,2703.65,1544.94
307,377,926.966,849.719,463.483,386.236,772.472,1313.2,1313.2,1235.96,1004.21,1158.71,849.719
308,377,617.978,617.978,463.483,386.236,926.966,926.966,926.966,1313.2,1158.71,1931.18,1544.94
309,377,308.989,1004.21,617.978,617.978,1081.46,1158.71,1158.71,1699.44,1622.19,1699.44,1622.19
310,377,386.236,1081.46,1158.71,1081.46,1081.46,1081.46,1235.96,1467.7,1544.94,926.966,1158.71
311,377,772.472,1853.93,1390.45,1235.96,772.472,849.719,1004.21,1313.2,1390.45,926.966,1158.71
312,377,1004.21,1699.44,1931.18,1776.69,849.719,463.483,540.73,772.472,1081.46,926.966,926.966
313,377,1390.45,1467.7,1081.46,1004.21,695.225,617.978,695.225,617.978,463.483,386.236,386.236
314,377,1081.46,1313.2,1467.7,1390.45,231.742,231.742,386.236,695.225,695.225,308.989,540.73
315,377,926.966,772.472,772.472,695.225,463.483,231.742,231.742,308.989,540.73,540.73,540.73
316,377,695.225,695.225,695.225,617.978,231.742,231.742,231.742,154.494,231.742,231.742,154.494
317,377,463.483,386.236,463.483,463.483,154.494,154.494,154.494,308.989,308.989,154.494,231.742
318,377,308.989,386.236,308.989,231.742,231.742,154.494,154.494,231.742,231.742,308.989,231.742
283,378,231.742,308.989,231.742,231.742,154.494,154.494,154.494,77.2472,77.2472,154.494,154.494
284,378,231.742,308.989,463.483,386.236,231.742,463.483,386.236,231.742,154.494,154.494,231.742
285,378,386.236,463.483,308.989,308.989,154.494,231.742,308.989,231.742,231.742,154.494,154.494
286,378,308.989,386.236,540.73,540.73,154.494,308.989,231.742,154.494,154.494,77.2472,154.494
287,378,617.978,926.966,386.236,231.742,231.742,231.742,154.494,231.742,231.742,77.2472,154.494
288,378,386.236,540.73,540.73,386.236,154.494,154.494,154.494,154.494,154.494,154.494,154.494
289,378,926.966,1081.46,308.989,231.742,154.494,154.494,154.494,231.742,154.494,154.494,154.494
290,378,772.472,1235.96,695.225,540.73,231.742,231.742,308.989,231.742,154.494,77.2472,154.494
291,378,926.966,1235.96,849.719,540.73,463.483,772.472,772.472,231.742,231.742,231.742,154.494
292,378,772.472,1390.45,1235.96,772.472,386.236,386.236,386.236,77.2472,77.2472,77.2472,77.2472
293,378,695.225,1158.71,695.225,695.225,926.966,772.472,463.483,231.742,231.742,154.494,231.742
294,378,695.225,772.472,1235.96,849.719,617.978,695.225,463.483,386.236,386.236,308.989,231.742
295,378,1622.19,1853.93,540.73,463.483,617.978,617.978,463.483,231.742,231.742,308.989,154.494
296,378,1158.71,2317.42,772.472,695.225,849.719,1544.94,1081.46,308.989,231.742,231.742,308.989
297,378,926.966,772.472,617.978,463.483,540.73,1467.7,1235.96,1467.7,1313.2,1081.46,1313.2
298,378,1313.2,1544.94,2008.43,1544.94,695.225,695.225,772.472,1776.69,1776.69,1004.21,926.966
299,378,617.978,926.966,1467.7,1699.44,1776.69,1776.69,849.719,1158.71,695.225,772.472,772.472
300,378,849.719,1235.96,1235.96,1081.46,2394.66,1776.69,1699.44,3785.11,2935.39,2085.67,1931.18
301,378,1235.96,2162.92,1931.18,1390.45,772.472,772.472,2085.67,2935.39,2085.67,2085.67,2162.92
303,378,308.989,772.472,1081.46,1158.71,2008.43,1004.21,1081.46,2549.16,2471.91,926.966,1081.46
306,378,463.483,1158.71,1004.21,695.225,540.73,926.966,695.225,772.472,1158.71,1776.69,1004.21
307,378,386.236,540.73,695.225,386.236,1081.46,1467.7,1313.2,849.719,617.978,849.719,540.73
308,378,540.73,695.225,308.989,231.742,772.472,926.966,1158.71,1853.93,1390.45,2008.43,1699.44
309,378,308.989,926.966,386.236,540.73,1158.71,1081.46,1158.71,2008.43,2317.42,2085.67,2162.92
310,378,386.236,1235.96,1467.7,1390.45,1081.46,1158.71,1081.46,1081.46,1235.96,849.719,1004.21
311,378,617.978,1853.93,1390.45,1313.2,849.719,1081.46,1313.2,1699.44,1467.7,617.978,1081.46
312,378,926.966,1699.44,2162.92,1853.93,695.225,463.483,540.73,849.719,1390.45,1081.46,1158.71
313,378,1390.45,1544.94,1081.46,926.966,695.225,617.978,617.978,463.483,386.236,463.483,386.236
314,378,1081.46,1467.7,1622.19,1544.94,308.989,386.236,463.483,695.225,772.472,308.989,463.483
315,378,1081.46,772.472,772.472,695.225,386.236,231.742,231.742,308.989,617.978,540.73,540.73
316,378,695.225,772.472,849.719,695.225,308.989,231.742,231.742,231.742,154.494,231.742,154.494
317,378,540.73,463.483,463.483,386.236,154.494,154.494,154.494,308.989,231.742,154.494,231.742
318,378,386.236,386.236,308.989,231.742,231.742,154.494,231.742,231.742,231.742,308.989,308.989
319,378,308.989,308.989,386.236,386.236,154.494,77.2472,77.2472,77.2472,154.494,154.494,154.494
283,379,231.742,231.742,154.494,231.742,77.2472,154.494,154.494,77.2472,77.2472,154.494,77.2472
284,379,231.742,308.989,463.483,386.236,231.742,463.483,386.236,231.742,154.494,154.494,154.494
285,379,386.236,386.236,231.742,231.742,231.742,231.742,231.742,308.989,231.742,154.494,154.494
287,379,386.236,617.978,231.742,231.742,231.742,154.494,77.2472,231.742,231.742,77.2472,154.494
288,379,231.742,617.978,386.236,308.989,154.494,231.742,308.989,154.494,154.494,231.742,154.494
289,379,386.236,617.978,308.989,154.494,231.742,154.494,308.989,231.742,154.494,231.742,154.494
290,379,695.225,695.225,695.225,463.483,308.989,308.989,308.989,231.742,154.494,154.494,154.494
291,379,849.719,1622.19,463.483,386.236,617.978,1004.21,772.472,386.236,308.989,231.742,231.742
292,379,540.73,1158.71,1158.71,849.719,308.989,463.483,386.236,154.494,154.494,77.2472,154.494
293,379,849.719,1235.96,695.225,540.73,540.73,386.236,231.742,231.742,231.742,154.494,154.494
294,379,463.483,1931.18,1544.94,1235.96,386.236,308.989,231.742,386.236,308.989,154.494,231.742
295,379,386.236,772.472,849.719,772.472,772.472,386.236,154.494,308.989,308.989,386.236,308.989
296,379,849.719,849.719,386.236,308.989,926.966,849.719,308.989,617.978,308.989,308.989,231.742
297,379,1699.44,1853.93,695.225,463.483,540.73,1081.46,695.225,772.472,695.225,695.225,772.472
298,379,1467.7,2626.4,1931.18,1235.96,617.978,1004.21,1158.71,926.966,1081.46,1004.21,695.225
299,379,463.483,1158.71,1081.46,1235.96,695.225,772.472,849.719,772.472,540.73,1235.96,1081.46
300,379,695.225,1467.7,1467.7,1622.19,1544.94,2085.67,2471.91,2085.67,2394.66,2471.91,2085.67
301,379,849.719,2085.67,1853.93,2240.17,1622.19,2858.15,3167.13,2162.92,1390.45,1004.21,1313.2
303,379,386.236,1776.69,1467.7,1776.69,2162.92,926.966,1235.96,2008.43,3089.89,1081.46,1467.7
304,379,617.978,2780.9,2317.42,2780.9,2008.43,1081.46,849.719,1390.45,1004.21,308.989,617.978
305,379,772.472,3089.89,3321.63,2935.39,308.989,772.472,540.73,926.966,1467.7,695.225,1004.21
306,379,463.483,1158.71,2162.92,1544.94,463.483,772.472,540.73,386.236,540.73,926.966,463.483
307,379,463.483,1004.21,1235.96,540.73,1158.71,1390.45,926.966,540.73,386.236,772.472,386.236
310,379,308.989,1235.96,1313.2,1390.45,1313.2,849.719,695.225,849.719,849.719,617.978,695.225
311,379,617.978,2008.43,1467.7,1467.7,1081.46,1235.96,1390.45,2008.43,1699.44,617.978,1081.46
312,379,849.719,1776.69,2085.67,1931.18,617.978,463.483,695.225,849.719,1622.19,1158.71,1235.96
313,379,1235.96,1622.19,1235.96,1004.21,772.472,540.73,540.73,463.483,386.236,386.236,308.989
314,379,1158.71,1390.45,1467.7,1313.2,308.989,386.236,540.73,772.472,772.472,386.236,540.73
315,379,1158.71,772.472,772.472,695.225,386.236,231.742,231.742,308.989,617.978,540.73,617.978
316,379,772.472,849.719,926.966,772.472,231.742,231.742,231.742,154.494,154.494,231.742,154.494
317,379,540.73,386.236,463.483,463.483,231.742,154.494,154.494,231.742,231.742,154.494,231.742
318,379,386.236,386.236,308.989,308.989,308.989,231.742,231.742,231.742,231.742,231.742,231.742
284,380,231.742,386.236,386.236,386.236,231.742,386.236,308.989,231.742,154.494,154.494,154.494
288,380,386.236,463.483,308.989,231.742,154.494,308.989,308.989,154.494,231.742,231.742,231.742
289,380,540.73,849.719,463.483,463.483,386.236,231.742,386.236,231.742,154.494,308.989,154.494
290,380,695.225,1081.46,386.236,308.989,308.989,308.989,154.494,154.494,77.2472,154.494,154.494
291,380,463.483,617.978,463.483,308.989,772.472,849.719,463.483,386.236,308.989,154.494,308.989
292,380,1004.21,1313.2,540.73,386.236,308.989,308.989,231.742,154.494,231.742,154.494,154.494
293,380,926.966,1390.45,695.225,463.483,308.989,231.742,154.494,231.742,154.494,231.742,154.494
294,380,463.483,1313.2,1081.46,772.472,231.742,231.742,386.236,308.989,308.989,231.742,154.494
295,380,463.483,926.966,772.472,463.483,231.742,231.742,231.742,231.742,308.989,308.989,386.236
296,380,540.73,695.225,1235.96,1158.71,386.236,386.236,772.472,849.719,849.719,540.73,617.978
297,380,695.225,1081.46,1158.71,926.966,695.225,695.225,386.236,540.73,540.73,386.236,308.989
298,380,617.978,1467.7,463.483,463.483,1544.94,1235.96,617.978,308.989,231.742,772.472,308.989
299,380,463.483,1158.71,849.719,772.472,617.978,926.966,849.719,617.978,540.73,1004.21,1081.46
300,380,772.472,1467.7,2317.42,1699.44,2008.43,2317.42,1544.94,1004.21,1622.19,2240.17,1931.18
301,380,540.73,1313.2,1622.19,1622.19,2626.4,2317.42,1081.46,1004.21,695.225,772.472,540.73
302,380,386.236,849.719,926.966,1158.71,3089.89,2858.15,2085.67,2008.43,2008.43,617.978,1390.45
303,380,463.483,1235.96,926.966,1313.2,1544.94,772.472,772.472,463.483,1158.71,926.966,849.719
304,380,772.472,1390.45,849.719,1235.96,1390.45,540.73,231.742,617.978,386.236,386.236,231.742
305,380,849.719,2317.42,695.225,540.73,308.989,540.73,308.989,386.236,463.483,308.989,231.742
306,380,540.73,1390.45,1158.71,849.719,308.989,617.978,463.483,308.989,231.742,386.236,154.494
307,380,617.978,1390.45,926.966,463.483,1004.21,1004.21,772.472,308.989,231.742,849.719,386.236
308,380,231.742,540.73,308.989,231.742,1390.45,1544.94,1622.19,1776.69,1158.71,1390.45,1390.45
309,380,308.989,695.225,386.236,463.483,1004.21,1313.2,1544.94,1622.19,1931.18,1158.71,1390.45
310,380,308.989,1313.2,1390.45,1544.94,1081.46,540.73,617.978,772.472,617.978,540.73,540.73
311,380,540.73,1931.18,1390.45,1467.7,1158.71,1235.96,1235.96,1853.93,1699.44,849.719,1313.2
312,380,772.472,1853.93,2240.17,2008.43,540.73,540.73,617.978,695.225,1235.96,1081.46,1004.21
313,380,1235.96,1544.94,1390.45,1158.71,695.225,463.483,463.483,540.73,308.989,308.989,231.742
314,380,1235.96,1390.45,1390.45,1313.2,386.236,463.483,540.73,772.472,772.472,463.483,617.978
315,380,1158.71,849.719,695.225,617.978,386.236,231.742,231.742,231.742,540.73,540.73,540.73
316,380,849.719,849.719,926.966,772.472,231.742,154.494,154.494,154.494,154.494,154.494,154.494
317,380,540.73,463.483,463.483,463.483,231.742,154.494,154.494,231.742,231.742,154.494,154.494
318,380,386.236,386.236,308.989,308.989,231.742,154.494,154.494,154.494,231.742,231.742,231.742
284,381,154.494,386.236,308.989,308.989,231.742,308.989,231.742,154.494,154.494,154.494,154.494
287,381,540.73,308.989,463.483,540.73,231.742,77.2472,77.2472,231.742,231.742,77.2472,154.494
288,381,540.73,617.978,308.989,308.989,231.742,386.236,308.989,231.742,231.742,154.494,154.494
289,381,463.483,617.978,772.472,772.472,540.73,308.989,386.236,154.494,154.494,231.742,231.742
290,381,386.236,463.483,386.236,386.236,231.742,154.494,154.494,77.2472,77.2472,154.494,154.494
291,381,463.483,540.73,308.989,231.742,695.225,386.236,231.742,231.742,231.742,154.494,231.742
292,381,463.483,617.978,386.236,386.236,154.494,154.494,77.2472,154.494,308.989,154.494,231.742
293,381,695.225,849.719,695.225,540.73,308.989,231.742,231.742,308.989,231.742,386.236,308.989
294,381,308.989,695.225,540.73,386.236,540.73,540.73,617.978,386.236,463.483,540.73,386.236
295,381,1004.21,2162.92,1390.45,926.966,308.989,308.989,386.236,154.494,231.742,231.742,231.742
296,381,463.483,1390.45,1544.94,1622.19,849.719,1004.21,1004.21,463.483,463.483,540.73,617.978
297,381,540.73,1622.19,1390.45,1390.45,617.978,463.483,617.978,463.483,540.73,386.236,308.989
298,381,695.225,926.966,386.236,308.989,926.966,617.978,308.989,308.989,231.742,463.483,154.494
299,381,540.73,1235.96,463.483,617.978,540.73,772.472,540.73,772.472,463.483,308.989,386.236
300,381,540.73,1776.69,1313.2,1776.69,695.225,1467.7,772.472,695.225,772.472,617.978,849.719
301,381,617.978,1931.18,1931.18,2626.4,1004.21,540.73,308.989,308.989,463.483,308.989,386.236
302,381,617.978,1390.45,2935.39,2626.4,2240.17,1235.96,540.73,308.989,308.989,386.236,308.989
303,381,772.472,1235.96,1467.7,1390.45,849.719,695.225,463.483,617.978,308.989,463.483,231.742
304,381,540.73,695.225,695.225,463.483,463.483,231.742,231.742,386.236,386.236,231.742,154.494
305,381,1081.46,1390.45,463.483,386.236,231.742,231.742,231.742,154.494,231.742,386.236,231.742
306,381,772.472,1081.46,772.472,540.73,231.742,772.472,617.978,308.989,154.494,308.989,154.494
307,381,463.483,772.472,617.978,308.989,617.978,849.719,695.225,308.989,231.742,926.966,386.236
308,381,463.483,463.483,308.989,231.742,1467.7,1467.7,1158.71,1313.2,772.472,849.719,849.719
309,381,463.483,926.966,463.483,463.483,1158.71,1390.45,1390.45,1081.46,1081.46,695.225,617.978
310,381,308.989,1467.7,1467.7,1544.94,695.225,463.483,617.978,1004.21,695.225,617.978,772.472
311,381,540.73,1699.44,1313.2,1390.45,1004.21,1004.21,1004.21,1467.7,1699.44,1004.21,1390.45
312,381,849.719,2085.67,2626.4,2240.17,617.978,540.73,540.73,463.483,849.719,772.472,695.225
313,381,1390.45,1699.44,1622.19,1313.2,617.978,386.236,386.236,617.978,386.236,231.742,308.989
314,381,1390.45,1467.7,1776.69,1313.2,386.236,386.236,386.236,540.73,772.472,540.73,695.225
315,381,1235.96,926.966,617.978,540.73,386.236,231.742,154.494,154.494,386.236,386.236,463.483
316,381,849.719,849.719,849.719,695.225,231.742,154.494,154.494,154.494,154.494,154.494,154.494
317,381,463.483,463.483,386.236,386.236,231.742,154.494,154.494,231.742,231.742,154.494,231.742
318,381,386.236,386.236,308.989,231.742,231.742,154.494,154.494,154.494,154.494,231.742,154.494
283,382,154.494,308.989,231.742,231.742,231.742,231.742,154.494,77.2472,77.2472,154.494,77.2472
285,382,231.742,308.989,463.483,463.483,386.236,231.742,231.742,231.742,231.742,154.494,231.742
286,382,386.236,386.236,308.989,231.742,231.742,77.2472,77.2472,308.989,308.989,154.494,154.494
287,382,386.236,463.483,617.978,540.73,154.494,77.2472,77.2472,154.494,154.494,77.2472,77.2472
288,382,463.483,386.236,308.989,463.483,308.989,231.742,154.494,231.742,308.989,77.2472,154.494
289,382,308.989,540.73,463.483,386.236,463.483,386.236,231.742,154.494,231.742,154.494,231.742
290,382,308.989,308.989,308.989,308.989,231.742,154.494,77.2472,154.494,77.2472,154.494,154.494
291,382,463.483,463.483,386.236,386.236,617.978,154.494,154.494,154.494,154.494,77.2472,154.494
292,382,308.989,540.73,463.483,463.483,231.742,154.494,154.494,231.742,308.989,231.742,308.989
293,382,308.989,926.966,849.719,1004.21,308.989,231.742,154.494,386.236,308.989,308.989,308.989
294,382,386.236,540.73,849.719,772.472,695.225,695.225,463.483,386.236,386.236,463.483,386.236
295,382,772.472,1776.69,849.719,617.978,386.236,386.236,386.236,231.742,308.989,308.989,231.742
296,382,308.989,926.966,926.966,617.978,849.719,1158.71,695.225,231.742,154.494,308.989,231.742
297,382,386.236,926.966,695.225,540.73,695.225,695.225,695.225,308.989,231.742,308.989,154.494
298,382,386.236,540.73,1158.71,926.966,386.236,463.483,308.989,231.742,154.494,231.742,154.494
299,382,308.989,540.73,695.225,540.73,617.978,540.73,386.236,308.989,231.742,231.742,154.494
300,382,1235.96,1467.7,695.225,540.73,463.483,540.73,463.483,386.236,308.989,154.494,154.494
301,382,1544.94,2008.43,1313.2,695.225,463.483,231.742,154.494,154.494,154.494,231.742,231.742
302,382,1081.46,2703.65,1776.69,1467.7,540.73,463.483,308.989,308.989,231.742,231.742,154.494
303,382,1158.71,1544.94,849.719,772.472,308.989,463.483,540.73,849.719,540.73,308.989,231.742
304,382,695.225,1004.21,1081.46,772.472,386.236,231.742,540.73,695.225,695.225,540.73,386.236
305,382,386.236,540.73,463.483,463.483,308.989,231.742,308.989,231.742,386.236,386.236,308.989
306,382,772.472,772.472,540.73,463.483,463.483,926.966,540.73,231.742,154.494,386.236,231.742
307,382,849.719,849.719,772.472,463.483,463.483,772.472,617.978,386.236,231.742,849.719,386.236
308,382,1004.21,540.73,540.73,617.978,1235.96,1004.21,926.966,772.472,463.483,617.978,463.483
309,382,463.483,849.719,386.236,463.483,1622.19,1235.96,1004.21,772.472,617.978,695.225,540.73
310,382,386.236,1313.2,926.966,1081.46,617.978,617.978,695.225,1467.7,1158.71,849.719,1158.71
311,382,617.978,1931.18,1776.69,1544.94,926.966,772.472,849.719,1081.46,1544.94,849.719,1158.71
312,382,926.966,2471.91,2703.65,2317.42,617.978,463.483,463.483,308.989,463.483,386.236,308.989
313,382,1699.44,2162.92,1544.94,1081.46,463.483,308.989,386.236,695.225,540.73,308.989,386.236
314,382,1313.2,1467.7,1853.93,1390.45,308.989,308.989,308.989,386.236,695.225,540.73,617.978
315,382,1313.2,772.472,463.483,463.483,308.989,154.494,154.494,154.494,231.742,308.989,231.742
316,382,695.225,772.472,849.719,617.978,154.494,154.494,154.494,154.494,231.742,154.494,154.494
317,382,463.483,386.236,308.989,308.989,154.494,154.494,77.2472,154.494,231.742,231.742,231.742
318,382,308.989,386.236,308.989,231.742,154.494,154.494,77.2472,154.494,154.494,231.742,154.494
285,383,231.742,386.236,463.483,463.483,231.742,154.494,154.494,154.494,154.494,154.494,154.494
287,383,308.989,617.978,540.73,463.483,154.494,154.494,154.494,231.742,231.742,231.742,154.494
289,383,308.989,849.719,540.73,463.483,463.483,154.494,154.494,231.742,231.742,154.494,154.494
291,383,308.989,617.978,308.989,386.236,231.742,154.494,77.2472,154.494,154.494,154.494,154.494
293,383,386.236,1004.21,1390.45,1081.46,231.742,231.742,308.989,308.989,463.483,540.73,463.483
294,383,308.989,695.225,1158.71,926.966,308.989,463.483,231.742,231.742,231.742,308.989,154.494
295,383,617.978,1235.96,540.73,463.483,308.989,386.236,231.742,308.989,308.989,231.742,231.742
296,383,926.966,1313.2,1158.71,772.472,386.236,617.978,308.989,308.989,386.236,231.742,308.989
297,383,695.225,1235.96,926.966,926.966,386.236,617.978,308.989,154.494,231.742,231.742,154.494
298,383,463.483,1622.19,1235.96,1313.2,308.989,386.236,386.236,386.236,231.742,154.494,77.2472
299,383,695.225,1004.21,695.225,463.483,849.719,386.236,308.989,463.483,231.742,231.742,154.494
300,383,695.225,1158.71,540.73,617.978,772.472,231.742,231.742,386.236,231.742,154.494,231.742
301,383,1158.71,1699.44,849.719,849.719,308.989,231.742,231.742,386.236,386.236,231.742,386.236
302,383,463.483,1004.21,540.73,386.236,463.483,386.236,540.73,386.236,308.989,231.742,231.742
303,383,695.225,695.225,463.483,308.989,540.73,849.719,1081.46,617.978,540.73,463.483,463.483
304,383,463.483,695.225,540.73,617.978,231.742,926.966,1004.21,617.978,849.719,540.73,617.978
305,383,463.483,695.225,926.966,540.73,308.989,386.236,308.989,231.742,386.236,308.989,308.989
306,383,695.225,617.978,695.225,463.483,540.73,617.978,463.483,308.989,231.742,540.73,308.989
307,383,772.472,1004.21,695.225,463.483,540.73,695.225,617.978,463.483,308.989,540.73,308.989
308,383,617.978,617.978,617.978,695.225,926.966,772.472,695.225,463.483,386.236,540.73,308.989
309,383,386.236,617.978,386.236,540.73,1544.94,926.966,695.225,926.966,540.73,695.225,617.978
310,383,772.472,1004.21,1004.21,1235.96,772.472,695.225,772.472,1544.94,1467.7,617.978,1081.46
311,383,1158.71,2780.9,2394.66,1853.93,926.966,695.225,617.978,540.73,1004.21,386.236,617.978
312,383,1004.21,2085.67,2085.67,1699.44,540.73,308.989,308.989,463.483,308.989,154.494,231.742
313,383,1776.69,2240.17,1390.45,849.719,386.236,308.989,386.236,617.978,617.978,386.236,463.483
314,383,1235.96,1235.96,1390.45,1158.71,231.742,231.742,231.742,231.742,463.483,463.483,463.483
315,383,1158.71,849.719,463.483,308.989,231.742,154.494,154.494,231.742,154.494,154.494,154.494
316,383,617.978,617.978,849.719,695.225,154.494,154.494,154.494,231.742,231.742,231.742,231.742
317,383,463.483,308.989,231.742,231.742,154.494,77.2472,154.494,154.494,231.742,231.742,231.742
318,383,308.989,386.236,386.236,308.989,154.494,154.494,77.2472,77.2472,77.2472,154.494,154.494
284,384,231.742,308.989,231.742,231.742,154.494,154.494,154.494,77.2472,77.2472,154.494,77.2472
285,384,231.742,463.483,308.989,308.989,154.494,154.494,154.494,77.2472,77.2472,154.494,77.2472
286,384,308.989,540.73,463.483,386.236,154.494,154.494,154.494,231.742,231.742,231.742,231.742
289,384,386.236,695.225,308.989,308.989,154.494,154.494,154.494,308.989,231.742,154.494,231.742
290,384,308.989,695.225,617.978,463.483,308.989,154.494,154.494,231.742,308.989,231.742,231.742
291,384,695.225,463.483,617.978,463.483,77.2472,154.494,154.494,77.2472,77.2472,231.742,77.2472
292,384,695.225,1081.46,386.236,308.989,154.494,231.742,308.989,308.989,308.989,231.742,308.989
293,384,695.225,1931.18,1235.96,1004.21,308.989,463.483,540.73,463.483,540.73,695.225,695.225
294,384,308.989,772.472,772.472,695.225,386.236,308.989,463.483,308.989,463.483,695.225,540.73
295,384,386.236,772.472,540.73,386.236,231.742,231.742,231.742,154.494,231.742,308.989,231.742
296,384,772.472,849.719,463.483,463.483,308.989,308.989,386.236,386.236,463.483,231.742,308.989
297,384,617.978,695.225,540.73,463.483,386.236,308.989,540.73,463.483,463.483,308.989,308.989
298,384,540.73,772.472,617.978,386.236,308.989,308.989,308.989,463.483,386.236,308.989,231.742
299,384,617.978,926.966,386.236,308.989,772.472,540.73,386.236,463.483,463.483,463.483,231.742
300,384,772.472,1390.45,695.225,386.236,695.225,308.989,308.989,386.236,540.73,540.73,386.236
301,384,540.73,1313.2,1313.2,849.719,308.989,463.483,386.236,463.483,540.73,540.73,463.483
302,384,849.719,1081.46,1313.2,772.472,617.978,772.472,463.483,386.236,463.483,386.236,231.742
303,384,540.73,695.225,540.73,386.236,1004.21,1081.46,386.236,231.742,231.742,308.989,154.494
304,384,540.73,540.73,386.236,386.236,617.978,772.472,308.989,231.742,231.742,308.989,154.494
305,384,1081.46,1544.94,772.472,540.73,386.236,308.989,308.989,386.236,231.742,540.73,308.989
306,384,308.989,617.978,849.719,617.978,463.483,540.73,540.73,463.483,386.236,463.483,386.236
307,384,463.483,849.719,540.73,463.483,772.472,772.472,540.73,463.483,386.236,308.989,231.742
308,384,386.236,617.978,617.978,540.73,695.225,617.978,463.483,540.73,308.989,540.73,386.236
309,384,540.73,849.719,926.966,772.472,1081.46,540.73,540.73,1004.21,772.472,540.73,617.978
310,384,1004.21,1390.45,1235.96,1390.45,849.719,617.978,617.978,772.472,1081.46,386.236,617.978
311,384,1235.96,3012.64,1699.44,1390.45,849.719,463.483,308.989,308.989,386.236,154.494,231.742
312,384,772.472,1390.45,1004.21,926.966,386.236,231.742,308.989,772.472,617.978,231.742,386.236
313,384,1699.44,2085.67,1544.94,1004.21,308.989,308.989,386.236,617.978,772.472,463.483,540.73
314,384,1004.21,849.719,772.472,772.472,231.742,154.494,154.494,154.494,308.989,308.989,308.989
315,384,1081.46,772.472,540.73,386.236,231.742,154.494,154.494,231.742,154.494,154.494,154.494
316,384,540.73,617.978,695.225,695.225,154.494,154.494,154.494,154.494,308.989,231.742,308.989
317,384,386.236,386.236,231.742,231.742,231.742,77.2472,77.2472,154.494,154.494,231.742,154.494
285,385,308.989,463.483,231.742,154.494,154.494,154.494,154.494,154.494,77.2472,154.494,77.2472
286,385,231.742,386.236,386.236,386.236,154.494,154.494,154.494,154.494,154.494,154.494,154.494
287,385,386.236,540.73,386.236,308.989,154.494,154.494,154.494,231.742,231.742,231.742,154.494
288,385,386.236,849.719,540.73,463.483,154.494,154.494,154.494,154.494,231.742,154.494,154.494
290,385,308.989,695.225,308.989,308.989,154.494,231.742,231.742,386.236,386.236,231.742,308.989
291,385,463.483,540.73,695.225,617.978,154.494,77.2472,154.494,154.494,308.989,308.989,231.742
292,385,540.73,617.978,308.989,386.236,231.742,231.742,231.742,231.742,77.2472,154.494,154.494
293,385,386.236,849.719,308.989,231.742,308.989,695.225,695.225,849.719,617.978,308.989,540.73
295,385,231.742,540.73,231.742,154.494,386.236,308.989,231.742,231.742,308.989,617.978,308.989
296,385,231.742,386.236,308.989,308.989,231.742,463.483,308.989,231.742,154.494,308.989,154.494
297,385,540.73,772.472,617.978,849.719,308.989,695.225,772.472,386.236,308.989,231.742,231.742
298,385,849.719,1081.46,695.225,617.978,386.236,463.483,849.719,540.73,463.483,308.989,308.989
299,385,463.483,617.978,463.483,308.989,695.225,386.236,617.978,695.225,540.73,463.483,386.236
300,385,231.742,695.225,540.73,386.236,617.978,308.989,540.73,540.73,617.978,772.472,540.73
301,385,540.73,1004.21,926.966,695.225,308.989,308.989,540.73,617.978,617.978,1081.46,772.472
302,385,1004.21,1081.46,386.236,386.236,308.989,386.236,386.236,540.73,695.225,926.966,695.225
303,385,386.236,540.73,308.989,308.989,386.236,308.989,308.989,386.236,540.73,540.73,540.73
304,385,386.236,695.225,926.966,695.225,386.236,386.236,617.978,463.483,540.73,386.236,386.236
305,385,540.73,849.719,463.483,308.989,231.742,540.73,772.472,617.978,540.73,386.236,463.483
306,385,308.989,617.978,308.989,231.742,540.73,540.73,386.236,308.989,308.989,231.742,231.742
307,385,308.989,463.483,386.236,308.989,772.472,540.73,463.483,463.483,231.742,463.483,231.742
308,385,695.225,1081.46,617.978,386.236,695.225,540.73,617.978,695.225,463.483,540.73,540.73
309,385,617.978,1390.45,1081.46,1004.21,695.225,463.483,463.483,540.73,695.225,308.989,463.483
310,385,540.73,1158.71,772.472,926.966,695.225,386.236,308.989,308.989,386.236,154.494,231.742
311,385,540.73,1467.7,1081.46,926.966,386.236,231.742,308.989,695.225,463.483,231.742,308.989
312,385,926.966,1158.71,1004.21,772.472,308.989,308.989,463.483,926.966,926.966,463.483,540.73
313,385,1235.96,1931.18,1699.44,1235.96,308.989,308.989,308.989,308.989,617.978,463.483,463.483
314,385,926.966,540.73,463.483,463.483,231.742,154.494,154.494,154.494,154.494,154.494,154.494
315,385,849.719,849.719,772.472,540.73,231.742,154.494,154.494,308.989,231.742,231.742,231.742
316,385,463.483,463.483,463.483,540.73,154.494,154.494,154.494,231.742,308.989,308.989,308.989
317,385,308.989,386.236,231.742,231.742,308.989,154.494,77.2472,77.2472,154.494,231.742,154.494
284,386,231.742,308.989,154.494,154.494,154.494,231.742,154.494,77.2472,77.2472,77.2472,77.2472
286,386,308.989,463.483,308.989,308.989,231.742,154.494,154.494,77.2472,154.494,154.494,77.2472
288,386,540.73,772.472,540.73,386.236,154.494,154.494,154.494,154.494,154.494,231.742,154.494
289,386,308.989,540.73,617.978,540.73,154.494,154.494,154.494,77.2472,154.494,154.494,77.2472
290,386,617.978,540.73,231.742,308.989,154.494,308.989,308.989,308.989,231.742,154.494,231.742
291,386,386.236,540.73,386.236,308.989,154.494,154.494,308.989,463.483,463.483,308.989,308.989
292,386,231.742,386.236,695.225,849.719,386.236,154.494,154.494,231.742,231.742,231.742,154.494
293,386,386.236,540.73,695.225,772.472,695.225,772.472,540.73,463.483,308.989,231.742,231.742
294,386,308.989,617.978,386.236,386.236,695.225,772.472,1081.46,849.719,540.73,231.742,308.989
296,386,231.742,386.236,308.989,231.742,617.978,308.989,231.742,154.494,154.494,386.236,231.742
297,386,308.989,463.483,308.989,308.989,540.73,617.978,231.742,231.742,154.494,308.989,154.494
298,386,463.483,463.483,308.989,231.742,849.719,926.966,463.483,308.989,231.742,154.494,154.494
299,386,308.989,463.483,386.236,308.989,695.225,849.719,617.978,308.989,308.989,308.989,308.989
300,386,308.989,926.966,540.73,617.978,308.989,926.966,695.225,386.236,386.236,617.978,386.236
301,386,386.236,1158.71,1081.46,849.719,386.236,849.719,695.225,308.989,308.989,540.73,308.989
302,386,308.989,463.483,386.236,386.236,231.742,540.73,463.483,308.989,386.236,386.236,308.989
303,386,463.483,540.73,849.719,617.978,231.742,463.483,308.989,231.742,308.989,308.989,308.989
304,386,849.719,1235.96,617.978,386.236,540.73,849.719,463.483,231.742,231.742,308.989,231.742
305,386,617.978,695.225,540.73,308.989,617.978,695.225,463.483,231.742,154.494,386.236,231.742
306,386,308.989,540.73,849.719,617.978,463.483,308.989,231.742,308.989,231.742,463.483,308.989
307,386,231.742,617.978,849.719,695.225,695.225,540.73,617.978,617.978,463.483,540.73,463.483
308,386,540.73,926.966,308.989,308.989,695.225,617.978,540.73,540.73,540.73,386.236,463.483
309,386,308.989,849.719,540.73,540.73,386.236,308.989,308.989,308.989,308.989,154.494,231.742
310,386,386.236,849.719,1235.96,1004.21,540.73,308.989,308.989,463.483,386.236,231.742,308.989
311,386,540.73,1235.96,1776.69,1622.19,308.989,308.989,463.483,617.978,772.472,386.236,540.73
312,386,1004.21,1699.44,1390.45,1081.46,540.73,386.236,386.236,386.236,617.978,540.73,463.483
313,386,695.225,1235.96,1081.46,926.966,231.742,231.742,154.494,154.494,231.742,231.742,231.742
314,386,1004.21,772.472,540.73,308.989,231.742,154.494,154.494,308.989,231.742,154.494,154.494
315,386,617.978,772.472,849.719,772.472,154.494,154.494,231.742,308.989,386.236,308.989,308.989
316,386,386.236,308.989,308.989,308.989,154.494,77.2472,154.494,154.494,231.742,308.989,231.742
317,386,308.989,386.236,386.236,231.742,231.742,77.2472,77.2472,77.2472,154.494,77.2472,77.2472
285,387,231.742,386.236,308.989,231.742,231.742,154.494,154.494,77.2472,77.2472,154.494,77.2472
286,387,231.742,540.73,308.989,308.989,231.742,154.494,154.494,77.2472,77.2472,154.494,77.2472
287,387,386.236,1158.71,772.472,695.225,308.989,154.494,154.494,77.2472,77.2472,154.494,77.2472
288,387,308.989,695.225,772.472,617.978,231.742,154.494,231.742,154.494,154.494,231.742,231.742
289,387,463.483,695.225,695.225,463.483,154.494,154.494,154.494,231.742,231.742,231.742,154.494
290,387,386.236,386.236,463.483,386.236,386.236,231.742,154.494,154.494,77.2472,77.2472,77.2472
291,387,540.73,617.978,231.742,154.494,386.236,386.236,386.236,463.483,386.236,154.494,308.989
293,387,231.742,463.483,617.978,695.225,695.225,463.483,231.742,308.989,308.989,308.989,308.989
294,387,231.742,463.483,308.989,231.742,1390.45,1081.46,540.73,231.742,231.742,386.236,231.742
295,387,308.989,540.73,772.472,540.73,540.73,386.236,386.236,154.494,154.494,308.989,154.494
296,387,231.742,308.989,386.236,463.483,308.989,308.989,231.742,154.494,154.494,154.494,154.494
297,387,308.989,308.989,308.989,308.989,308.989,308.989,386.236,308.989,231.742,231.742,231.742
298,387,308.989,386.236,463.483,386.236,463.483,308.989,463.483,617.978,540.73,231.742,308.989
299,387,386.236,617.978,540.73,386.236,617.978,463.483,617.978,695.225,617.978,617.978,540.73
300,387,308.989,463.483,463.483,386.236,540.73,695.225,1004.21,926.966,849.719,1544.94,1081.46
301,387,463.483,772.472,308.989,308.989,386.236,617.978,772.472,926.966,1004.21,2008.43,1235.96
302,387,308.989,540.73,386.236,463.483,231.742,386.236,386.236,540.73,772.472,1622.19,1004.21
303,387,463.483,1235.96,926.966,926.966,386.236,308.989,308.989,386.236,540.73,1235.96,695.225
304,387,386.236,695.225,849.719,772.472,772.472,386.236,386.236,540.73,463.483,1004.21,617.978
305,387,463.483,617.978,463.483,463.483,772.472,386.236,386.236,463.483,463.483,772.472,540.73
306,387,463.483,1235.96,540.73,463.483,386.236,231.742,386.236,386.236,308.989,463.483,386.236
307,387,308.989,695.225,463.483,463.483,617.978,540.73,540.73,463.483,386.236,308.989,386.236
308,387,231.742,463.483,540.73,540.73,540.73,463.483,308.989,386.236,386.236,308.989,308.989
309,387,617.978,1004.21,1004.21,849.719,540.73,308.989,231.742,308.989,308.989,231.742,308.989
310,387,849.719,2317.42,2162.92,1853.93,463.483,386.236,308.989,386.236,540.73,308.989,463.483
311,387,695.225,1622.19,1235.96,1235.96,308.989,308.989,231.742,231.742,463.483,386.236,386.236
312,387,849.719,1622.19,1313.2,849.719,386.236,231.742,154.494,154.494,154.494,231.742,154.494
313,387,772.472,772.472,695.225,540.73,154.494,154.494,154.494,386.236,231.742,154.494,154.494
314,387,849.719,926.966,695.225,386.236,154.494,154.494,231.742,386.236,463.483,308.989,386.236
315,387,463.483,617.978,540.73,540.73,154.494,154.494,154.494,154.494,308.989,386.236,308.989
316,387,386.236,308.989,231.742,231.742,154.494,77.2472,77.2472,77.2472,154.494,231.742,154.494
285,388,231.742,386.236,231.742,231.742,231.742,231.742,154.494,77.2472,77.2472,77.2472,77.2472
286,388,231.742,386.236,386.236,386.236,231.742,77.2472,77.2472,77.2472,77.2472,154.494,77.2472
287,388,231.742,849.719,308.989,231.742,231.742,154.494,154.494,77.2472,77.2472,154.494,77.2472
288,388,308.989,772.472,386.236,308.989,231.742,231.742,231.742,77.2472,77.2472,154.494,154.494
289,388,386.236,849.719,386.236,231.742,231.742,231.742,231.742,231.742,231.742,154.494,231.742
290,388,308.989,463.483,849.719,617.978,308.989,154.494,154.494,154.494,231.742,154.494,154.494
291,388,386.236,386.236,463.483,386.236,617.978,308.989,154.494,154.494,154.494,154.494,154.494
292,388,386.236,695.225,540.73,463.483,463.483,386.236,308.989,308.989,308.989,154.494,231.742
294,388,386.236,617.978,386.236,386.236,695.225,308.989,308.989,617.978,540.73,308.989,386.236
295,388,308.989,540.73,231.742,231.742,463.483,231.742,154.494,308.989,386.236,386.236,463.483
296,388,463.483,463.483,231.742,308.989,231.742,231.742,231.742,231.742,308.989,540.73,386.236
297,388,463.483,463.483,540.73,772.472,463.483,463.483,231.742,308.989,231.742,463.483,231.742
298,388,308.989,463.483,1081.46,1235.96,463.483,463.483,386.236,231.742,231.742,154.494,231.742
299,388,308.989,386.236,540.73,386.236,540.73,926.966,849.719,617.978,617.978,308.989,695.225
300,388,231.742,308.989,231.742,231.742,1004.21,1467.7,1544.94,1235.96,1235.96,1004.21,1467.7
302,388,308.989,463.483,308.989,308.989,308.989,617.978,772.472,772.472,1081.46,1313.2,1390.45
303,388,540.73,695.225,463.483,463.483,308.989,386.236,617.978,695.225,772.472,772.472,926.966
304,388,386.236,695.225,463.483,386.236,463.483,617.978,849.719,849.719,772.472,540.73,772.472
305,388,386.236,463.483,308.989,231.742,540.73,540.73,695.225,463.483,540.73,463.483,463.483
306,388,308.989,540.73,308.989,308.989,308.989,308.989,308.989,308.989,308.989,231.742,231.742
307,388,308.989,695.225,926.966,926.966,695.225,386.236,308.989,463.483,386.236,308.989,386.236
308,388,463.483,926.966,1313.2,1158.71,540.73,308.989,231.742,386.236,386.236,386.236,463.483
309,388,926.966,1699.44,849.719,849.719,463.483,231.742,231.742,463.483,463.483,308.989,463.483
310,388,695.225,1853.93,772.472,695.225,308.989,231.742,231.742,308.989,463.483,308.989,308.989
311,388,772.472,1081.46,926.966,617.978,231.742,154.494,154.494,154.494,154.494,154.494,154.494
312,388,926.966,1544.94,1467.7,1081.46,154.494,154.494,231.742,386.236,308.989,154.494,154.494
313,388,849.719,772.472,463.483,386.236,231.742,231.742,386.236,540.73,463.483,386.236,386.236
314,388,772.472,695.225,463.483,308.989,231.742,231.742,231.742,231.742,386.236,463.483,386.236
315,388,463.483,386.236,231.742,308.989,154.494,154.494,77.2472,77.2472,154.494,231.742,231.742
316,388,308.989,386.236,308.989,308.989,154.494,77.2472,77.2472,154.494,77.2472,77.2472,77.2472
286,389,231.742,386.236,231.742,231.742,154.494,154.494,77.2472,77.2472,77.2472,77.2472,77.2472
289,389,386.236,540.73,308.989,231.742,231.742,231.742,154.494,154.494,154.494,154.494,154.494
290,389,308.989,772.472,617.978,463.483,231.742,154.494,154.494,231.742,231.742,154.494,231.742
291,389,308.989,617.978,849.719,849.719,231.742,154.494,231.742,231.742,308.989,231.742,231.742
292,389,463.483,695.225,617.978,617.978,308.989,231.742,154.494,308.989,231.742,231.742,154.494
293,389,308.989,772.472,463.483,463.483,463.483,463.483,231.742,154.494,154.494,154.494,154.494
294,389,386.236,463.483,617.978,617.978,386.236,308.989,308.989,308.989,308.989,154.494,231.742
296,389,308.989,386.236,308.989,308.989,308.989,308.989,386.236,308.989,386.236,386.236,617.978
297,389,308.989,695.225,308.989,308.989,386.236,231.742,540.73,695.225,695.225,695.225,772.472
298,389,308.989,772.472,463.483,617.978,540.73,231.742,231.742,463.483,540.73,540.73,463.483
299,389,231.742,386.236,617.978,540.73,772.472,695.225,386.236,308.989,231.742,308.989,231.742
300,389,540.73,463.483,386.236,386.236,1081.46,1313.2,849.719,695.225,540.73,308.989,386.236
301,389,308.989,463.483,308.989,308.989,1004.21,1235.96,1081.46,695.225,695.225,308.989,463.483
302,389,386.236,540.73,617.978,386.236,695.225,926.966,772.472,463.483,540.73,231.742,386.236
303,389,386.236,1158.71,1158.71,1004.21,849.719,695.225,617.978,463.483,463.483,231.742,308.989
304,389,463.483,926.966,1158.71,1081.46,1313.2,926.966,695.225,463.483,463.483,308.989,308.989
305,389,386.236,386.236,308.989,386.236,772.472,617.978,386.236,386.236,308.989,308.989,308.989
306,389,463.483,617.978,463.483,463.483,463.483,231.742,308.989,540.73,386.236,231.742,308.989
307,389,463.483,1313.2,849.719,849.719,540.73,308.989,308.989,463.483,540.73,308.989,463.483
308,389,386.236,1004.21,540.73,463.483,231.742,231.742,308.989,540.73,540.73,308.989,463.483
309,389,617.978,926.966,772.472,695.225,231.742,231.742,386.236,540.73,540.73,231.742,231.742
310,389,617.978,695.225,772.472,617.978,231.742,231.742,308.989,231.742,308.989,154.494,154.494
311,389,1390.45,1853.93,1313.2,1004.21,154.494,154.494,231.742,231.742,154.494,154.494,154.494
312,389,772.472,1158.71,695.225,695.225,231.742,231.742,386.236,386.236,308.989,231.742,308.989
313,389,849.719,617.978,463.483,308.989,386.236,308.989,308.989,231.742,308.989,386.236,386.236
314,389,617.978,463.483,386.236,308.989,154.494,154.494,154.494,154.494,154.494,308.989,231.742
315,389,386.236,231.742,231.742,231.742,154.494,77.2472,154.494,154.494,154.494,77.2472,77.2472
289,390,308.989,463.483,540.73,386.236,154.494,154.494,77.2472,77.2472,77.2472,154.494,77.2472
290,390,463.483,772.472,386.236,308.989,154.494,77.2472,77.2472,77.2472,154.494,154.494,154.494
291,390,308.989,772.472,463.483,386.236,154.494,231.742,154.494,154.494,231.742,308.989,308.989
294,390,231.742,463.483,308.989,386.236,463.483,231.742,231.742,154.494,154.494,231.742,154.494
296,390,154.494,308.989,386.236,308.989,463.483,386.236,231.742,231.742,231.742,154.494,154.494
297,390,231.742,386.236,1158.71,926.966,772.472,617.978,540.73,308.989,308.989,231.742,463.483
298,390,308.989,463.483,617.978,540.73,308.989,308.989,463.483,386.236,540.73,386.236,617.978
299,390,540.73,1004.21,695.225,617.978,386.236,308.989,308.989,308.989,386.236,463.483,386.236
300,390,386.236,463.483,772.472,695.225,1081.46,695.225,540.73,463.483,386.236,463.483,386.236
301,390,540.73,463.483,308.989,308.989,1313.2,849.719,617.978,540.73,386.236,540.73,463.483
302,390,463.483,1158.71,617.978,540.73,849.719,617.978,386.236,695.225,463.483,463.483,463.483
303,390,463.483,1313.2,926.966,695.225,540.73,463.483,463.483,849.719,617.978,386.236,463.483
304,390,308.989,695.225,463.483,386.236,695.225,463.483,463.483,772.472,617.978,308.989,386.236
305,390,308.989,308.989,386.236,386.236,463.483,308.989,463.483,540.73,540.73,231.742,386.236
306,390,308.989,617.978,617.978,617.978,386.236,308.989,386.236,386.236,463.483,231.742,386.236
307,390,231.742,617.978,540.73,540.73,308.989,308.989,308.989,308.989,386.236,231.742,308.989
308,390,308.989,849.719,1158.71,1081.46,308.989,231.742,308.989,308.989,308.989,154.494,154.494
309,390,386.236,1081.46,1313.2,1235.96,540.73,386.236,308.989,231.742,231.742,154.494,154.494
310,390,1004.21,1081.46,772.472,617.978,386.236,308.989,231.742,77.2472,154.494,154.494,154.494
311,390,772.472,1158.71,540.73,463.483,231.742,154.494,154.494,231.742,154.494,154.494,154.494
312,390,772.472,540.73,386.236,308.989,308.989,308.989,231.742,231.742,231.742,154.494,231.742
313,390,849.719,772.472,695.225,540.73,231.742,231.742,154.494,77.2472,154.494,154.494,154.494
314,390,386.236,386.236,308.989,463.483,154.494,154.494,154.494,154.494,154.494,77.2472,77.2472
315,390,308.989,308.989,154.494,231.742,231.742,154.494,231.742,154.494,154.494,154.494,231.742
288,391,386.236,463.483,231.742,154.494,77.2472,77.2472,77.2472,154.494,77.2472,77.2472,77.2472
289,391,386.236,695.225,463.483,386.236,154.494,77.2472,77.2472,77.2472,77.2472,154.494,154.494
291,391,463.483,617.978,463.483,386.236,154.494,154.494,77.2472,154.494,154.494,231.742,154.494
292,391,308.989,772.472,386.236,308.989,231.742,231.742,154.494,154.494,231.742,231.742,308.989
295,391,231.742,386.236,772.472,849.719,772.472,231.742,154.494,154.494,231.742,308.989,308.989
296,391,308.989,695.225,386.236,308.989,308.989,231.742,154.494,231.742,308.989,308.989,308.989
297,391,386.236,1390.45,926.966,849.719,617.978,386.236,154.494,308.989,308.989,231.742,231.742
299,391,386.236,849.719,463.483,386.236,386.236,308.989,308.989,540.73,463.483,154.494,308.989
300,391,308.989,926.966,849.719,1004.21,849.719,463.483,463.483,540.73,386.236,231.742,308.989
301,391,386.236,386.236,540.73,617.978,1004.21,617.978,540.73,463.483,386.236,231.742,308.989
302,391,308.989,695.225,772.472,617.978,695.225,540.73,617.978,386.236,463.483,231.742,308.989
303,391,540.73,1081.46,1081.46,1004.21,772.472,540.73,695.225,386.236,540.73,231.742,308.989
304,391,386.236,772.472,849.719,1004.21,772.472,540.73,540.73,308.989,463.483,154.494,308.989
305,391,308.989,695.225,617.978,772.472,617.978,386.236,308.989,231.742,308.989,154.494,231.742
306,391,308.989,695.225,617.978,695.225,463.483,308.989,231.742,154.494,231.742,77.2472,154.494
307,391,386.236,772.472,849.719,849.719,386.236,231.742,154.494,154.494,154.494,77.2472,154.494
308,391,463.483,1313.2,1158.71,1081.46,463.483,231.742,154.494,77.2472,77.2472,77.2472,77.2472
309,391,617.978,926.966,849.719,617.978,386.236,231.742,77.2472,154.494,77.2472,77.2472,77.2472
310,391,617.978,695.225,617.978,463.483,154.494,77.2472,154.494,308.989,231.742,154.494,154.494
311,391,617.978,463.483,463.483,386.236,154.494,154.494,231.742,308.989,308.989,154.494,154.494
312,391,849.719,849.719,540.73,386.236,154.494,154.494,154.494,154.494,231.742,154.494,154.494
313,391,463.483,617.978,386.236,463.483,154.494,77.2472,77.2472,77.2472,154.494,77.2472,154.494
314,391,463.483,386.236,231.742,231.742,231.742,231.742,154.494,77.2472,154.494,77.2472,154.494
315,391,308.989,308.989,463.483,308.989,231.742,231.742,154.494,77.2472,154.494,231.742,154.494
289,392,386.236,540.73,308.989,154.494,154.494,77.2472,77.2472,77.2472,77.2472,154.494,154.494
290,392,386.236,849.719,308.989,308.989,154.494,77.2472,77.2472,77.2472,77.2472,231.742,231.742
292,392,308.989,540.73,540.73,463.483,154.494,154.494,154.494,154.494,231.742,154.494,154.494
293,392,463.483,849.719,386.236,386.236,386.236,231.742,231.742,154.494,154.494,77.2472,77.2472
294,392,386.236,849.719,463.483,308.989,231.742,154.494,231.742,308.989,308.989,77.2472,154.494
297,392,463.483,849.719,695.225,540.73,231.742,154.494,154.494,231.742,308.989,231.742,308.989
298,392,1081.46,1699.44,1235.96,1081.46,308.989,154.494,231.742,154.494,231.742,154.494,231.742
299,392,386.236,695.225,926.966,695.225,308.989,308.989,308.989,231.742,308.989,154.494,231.742
300,392,308.989,849.719,849.719,926.966,463.483,386.236,386.236,308.989,308.989,154.494,231.742
301,392,463.483,695.225,926.966,926.966,695.225,386.236,231.742,308.989,308.989,154.494,231.742
302,392,926.966,1622.19,1699.44,1235.96,772.472,463.483,231.742,308.989,231.742,77.2472,154.494
303,392,617.978,1390.45,1776.69,1313.2,695.225,463.483,231.742,231.742,154.494,77.2472,154.494
304,392,386.236,695.225,926.966,772.472,540.73,308.989,154.494,308.989,231.742,77.2472,77.2472
305,392,386.236,695.225,849.719,617.978,386.236,154.494,154.494,231.742,231.742,77.2472,77.2472
306,392,308.989,772.472,926.966,849.719,231.742,154.494,154.494,154.494,154.494,154.494,77.2472
307,392,463.483,926.966,849.719,772.472,231.742,154.494,154.494,154.494,154.494,154.494,77.2472
308,392,695.225,1158.71,849.719,617.978,154.494,77.2472,154.494,231.742,154.494,154.494,154.494
309,392,540.73,849.719,617.978,540.73,154.494,77.2472,231.742,308.989,231.742,154.494,154.494
310,392,540.73,617.978,617.978,540.73,154.494,231.742,386.236,308.989,308.989,154.494,231.742
311,392,772.472,617.978,386.236,386.236,231.742,231.742,231.742,154.494,231.742,154.494,231.742
312,392,540.73,617.978,231.742,308.989,154.494,154.494,77.2472,154.494,154.494,77.2472,154.494
313,392,463.483,386.236,231.742,231.742,154.494,154.494,77.2472,154.494,77.2472,77.2472,77.2472
314,392,386.236,463.483,386.236,308.989,231.742,231.742,77.2472,154.494,154.494,154.494,154.494
315,392,231.742,463.483,386.236,386.236,154.494,154.494,77.2472,77.2472,154.494,154.494,77.2472
288,393,308.989,463.483,231.742,231.742,154.494,77.2472,77.2472,77.2472,77.2472,77.2472,77.2472
289,393,308.989,463.483,386.236,308.989,154.494,77.2472,77.2472,77.2472,77.2472,77.2472,77.2472
291,393,386.236,617.978,308.989,231.742,77.2472,154.494,154.494,77.2472,154.494,231.742,231.742
292,393,308.989,695.225,463.483,386.236,154.494,154.494,154.494,154.494,231.742,154.494,231.742
294,393,308.989,540.73,1004.21,926.966,308.989,231.742,231.742,154.494,77.2472,77.2472,77.2472
295,393,308.989,617.978,540.73,463.483,231.742,154.494,231.742,154.494,154.494,77.2472,77.2472
296,393,308.989,772.472,463.483,463.483,154.494,154.494,154.494,231.742,231.742,77.2472,154.494
297,393,386.236,772.472,849.719,772.472,154.494,154.494,154.494,308.989,308.989,154.494,231.742
298,393,695.225,1004.21,772.472,617.978,308.989,154.494,154.494,308.989,231.742,77.2472,154.494
299,393,308.989,617.978,463.483,463.483,463.483,231.742,154.494,231.742,154.494,77.2472,154.494
300,393,308.989,772.472,463.483,463.483,463.483,308.989,154.494,231.742,154.494,77.2472,154.494
301,393,695.225,1004.21,540.73,540.73,308.989,231.742,231.742,231.742,154.494,154.494,154.494
302,393,1235.96,1853.93,617.978,695.225,308.989,231.742,308.989,154.494,231.742,154.494,154.494
303,393,849.719,1699.44,617.978,695.225,308.989,231.742,386.236,231.742,231.742,154.494,154.494
304,393,617.978,1081.46,772.472,772.472,231.742,231.742,308.989,231.742,231.742,154.494,154.494
305,393,463.483,849.719,926.966,926.966,231.742,154.494,308.989,154.494,231.742,154.494,154.494
306,393,463.483,849.719,772.472,617.978,231.742,154.494,154.494,77.2472,154.494,154.494,154.494
307,393,540.73,849.719,617.978,463.483,154.494,77.2472,154.494,154.494,154.494,154.494,154.494
308,393,540.73,772.472,540.73,386.236,154.494,154.494,231.742,231.742,154.494,154.494,154.494
309,393,695.225,772.472,695.225,386.236,231.742,231.742,308.989,154.494,231.742,154.494,231.742
310,393,849.719,849.719,617.978,386.236,308.989,308.989,231.742,77.2472,154.494,154.494,154.494
311,393,463.483,463.483,231.742,231.742,231.742,154.494,77.2472,154.494,77.2472,77.2472,77.2472
312,393,463.483,308.989,231.742,231.742,154.494,77.2472,77.2472,308.989,154.494,77.2472,77.2472
313,393,386.236,386.236,386.236,308.989,154.494,77.2472,154.494,231.742,231.742,77.2472,154.494
314,393,231.742,463.483,308.989,386.236,77.2472,77.2472,154.494,154.494,231.742,154.494,154.494
287,394,308.989,308.989,154.494,154.494,77.2472,77.2472,77.2472,77.2472,77.2472,77.2472,77.2472
289,394,308.989,386.236,231.742,154.494,154.494,77.2472,77.2472,77.2472,77.2472,77.2472,77.2472
290,394,386.236,540.73,231.742,231.742,154.494,154.494,77.2472,77.2472,77.2472,77.2472,77.2472
291,394,308.989,386.236,463.483,386.236,154.494,154.494,154.494,77.2472,77.2472,154.494,154.494
292,394,386.236,540.73,463.483,308.989,154.494,231.742,231.742,154.494,154.494,154.494,154.494
293,394,540.73,1004.21,386.236,308.989,154.494,154.494,231.742,231.742,154.494,154.494,154.494
294,394,463.483,1158.71,617.978,463.483,154.494,154.494,154.494,231.742,231.742,77.2472,77.2472
295,394,231.742,540.73,772.472,695.225,231.742,154.494,154.494,154.494,154.494,77.2472,77.2472
296,394,308.989,540.73,695.225,540.73,231.742,154.494,77.2472,154.494,77.2472,77.2472,77.2472
297,394,540.73,926.966,695.225,463.483,154.494,154.494,154.494,77.2472,154.494,77.2472,77.2472
298,394,540.73,1081.46,772.472,617.978,154.494,77.2472,154.494,154.494,231.742,77.2472,154.494
300,394,308.989,617.978,926.966,1004.21,308.989,154.494,231.742,154.494,231.742,154.494,154.494
301,394,308.989,617.978,849.719,849.719,308.989,231.742,154.494,154.494,154.494,77.2472,154.494
302,394,540.73,695.225,1158.71,772.472,308.989,308.989,154.494,154.494,154.494,77.2472,77.2472
303,394,849.719,926.966,1235.96,849.719,308.989,308.989,154.494,77.2472,154.494,154.494,77.2472
304,394,772.472,926.966,926.966,772.472,231.742,231.742,154.494,77.2472,154.494,154.494,154.494
305,394,772.472,926.966,772.472,540.73,308.989,231.742,154.494,77.2472,77.2472,154.494,154.494
306,394,695.225,926.966,695.225,540.73,231.742,154.494,77.2472,154.494,77.2472,154.494,154.494
307,394,540.73,695.225,540.73,463.483,154.494,77.2472,154.494,154.494,154.494,77.2472,154.494
308,394,695.225,695.225,540.73,386.236,154.494,231.742,154.494,77.2472,154.494,77.2472,77.2472
309,394,772.472,772.472,463.483,386.236,231.742,231.742,154.494,77.2472,77.2472,77.2472,77.2472
310,394,463.483,386.236,231.742,231.742,154.494,154.494,77.2472,154.494,154.494,77.2472,77.2472
313,394,231.742,308.989,308.989,386.236,154.494,154.494,231.742,154.494,231.742,231.742,154.494
289,395,308.989,308.989,231.742,231.742,77.2472,77.2472,77.2472,77.2472,77.2472,77.2472,77.2472
291,395,386.236,540.73,231.742,154.494,154.494,154.494,77.2472,77.2472,77.2472,77.2472,77.2472
292,395,463.483,617.978,463.483,308.989,154.494,154.494,154.494,77.2472,77.2472,77.2472,77.2472
293,395,386.236,540.73,695.225,463.483,154.494,231.742,231.742,154.494,154.494,154.494,154.494
294,395,386.236,540.73,463.483,386.236,77.2472,154.494,231.742,231.742,231.742,154.494,154.494
295,395,386.236,772.472,308.989,231.742,77.2472,77.2472,154.494,231.742,231.742,77.2472,154.494
296,395,308.989,617.978,463.483,386.236,77.2472,77.2472,77.2472,154.494,154.494,77.2472,77.2472
297,395,617.978,772.472,695.225,540.73,154.494,77.2472,77.2472,154.494,154.494,77.2472,77.2472
298,395,617.978,695.225,540.73,386.236,154.494,154.494,77.2472,77.2472,77.2472,77.2472,77.2472
299,395,386.236,926.966,386.236,386.236,231.742,154.494,77.2472,77.2472,77.2472,77.2472,77.2472
300,395,308.989,849.719,617.978,463.483,231.742,154.494,77.2472,77.2472,77.2472,77.2472,77.2472
301,395,463.483,1004.21,695.225,540.73,231.742,154.494,77.2472,77.2472,77.2472,77.2472,77.2472
302,395,772.472,1390.45,849.719,772.472,154.494,154.494,77.2472,77.2472,77.2472,77.2472,77.2472
303,395,926.966,1313.2,617.978,695.225,154.494,154.494,77.2472,77.2472,77.2472,77.2472,77.2472
304,395,772.472,1004.21,463.483,386.236,154.494,77.2472,77.2472,77.2472,77.2472,77.2472,77.2472
305,395,540.73,772.472,540.73,463.483,154.494,77.2472,77.2472,77.2472,77.2472,77.2472,77.2472
306,395,463.483,540.73,463.483,386.236,154.494,77.2472,154.494,77.2472,154.494,77.2472,77.2472
307,395,617.978,617.978,463.483,308.989,231.742,154.494,154.494,77.2472,77.2472,77.2472,77.2472
308,395,695.225,617.978,308.989,231.742,154.494,154.494,77.2472,77.2472,77.2472,77.2472,77.2472
309,395,386.236,308.989,231.742,154.494,154.494,77.2472,77.2472,77.2472,77.2472,77.2472,77.2472
310,395,463.483,308.989,308.989,231.742,154.494,77.2472,154.494,154.494,154.494,154.494,154.494
311,395,386.236,386.236,386.236,308.989,154.494,231.742,154.494,154.494,154.494,154.494,231.742
312,395,231.742,308.989,308.989,308.989,154.494,231.742,154.494,77.2472,154.494,231.742,154.494
313,395,231.742,231.742,154.494,231.742,154.494,154.494,77.2472,77.2472,154.494,154.494,154.494
290,396,308.989,308.989,154.494,154.494,77.2472,154.494,77.2472,77.2472,77.2472,77.2472,77.2472
291,396,308.989,308.989,231.742,231.742,77.2472,77.2472,154.494,154.494,154.494,154.494,154.494
292,396,386.236,463.483,308.989,154.494,154.494,154.494,154.494,154.494,154.494,154.494,77.2472
293,396,463.483,849.719,231.742,231.742,154.494,154.494,77.2472,154.494,154.494,77.2472,77.2472
294,396,386.236,695.225,463.483,308.989,154.494,154.494,154.494,77.2472,154.494,154.494,154.494
295,396,308.989,463.483,463.483,308.989,154.494,154.494,154.494,77.2472,154.494,154.494,77.2472
296,396,463.483,617.978,463.483,308.989,77.2472,77.2472,154.494,77.2472,154.494,154.494,154.494
297,396,540.73,695.225,463.483,308.989,77.2472,77.2472,77.2472,77.2472,154.494,154.494,154.494
298,396,386.236,695.225,540.73,463.483,77.2472,77.2472,77.2472,77.2472,154.494,154.494,77.2472
299,396,231.742,463.483,617.978,540.73,154.494,77.2472,154.494,77.2472,154.494,77.2472,77.2472
300,396,308.989,617.978,695.225,617.978,231.742,77.2472,154.494,77.2472,154.494,77.2472,77.2472
301,396,308.989,617.978,695.225,540.73,154.494,77.2472,77.2472,77.2472,77.2472,77.2472,77.2472
302,396,463.483,617.978,695.225,386.236,77.2472,77.2472,77.2472,77.2472,77.2472,77.2472,77.2472
303,396,540.73,540.73,772.472,386.236,154.494,154.494,77.2472,77.2472,77.2472,77.2472,77.2472
304,396,540.73,540.73,540.73,386.236,77.2472,154.494,77.2472,77.2472,77.2472,77.2472,77.2472
305,396,617.978,540.73,463.483,386.236,154.494,77.2472,77.2472,77.2472,77.2472,77.2472,77.2472
306,396,695.225,772.472,386.236,308.989,231.742,154.494,77.2472,77.2472,77.2472,77.2472,77.2472
307,396,540.73,540.73,231.742,231.742,231.742,154.494,77.2472,154.494,77.2472,77.2472,77.2472
308,396,386.236,308.989,154.494,154.494,77.2472,77.2472,77.2472,77.2472,77.2472,77.2472,77.2472
309,396,463.483,308.989,231.742,231.742,77.2472,77.2472,77.2472,77.2472,154.494,77.2472,154.494
310,396,386.236,308.989,308.989,308.989,154.494,154.494,77.2472,77.2472,154.494,154.494,154.494
291,397,386.236,386.236,154.494,154.494,154.494,154.494,77.2472,77.2472,77.2472,77.2472,77.2472
292,397,463.483,540.73,308.989,231.742,154.494,77.2472,154.494,77.2472,231.742,154.494,154.494
293,397,386.236,386.236,386.236,231.742,154.494,77.2472,154.494,154.494,231.742,154.494,154.494
294,397,308.989,463.483,231.742,231.742,77.2472,77.2472,77.2472,154.494,231.742,154.494,154.494
295,397,386.236,540.73,231.742,154.494,154.494,77.2472,77.2472,154.494,154.494,77.2472,77.2472
296,397,386.236,540.73,308.989,231.742,77.2472,77.2472,77.2472,77.2472,77.2472,77.2472,77.2472
297,397,386.236,463.483,386.236,231.742,77.2472,77.2472,77.2472,77.2472,77.2472,77.2472,77.2472
298,397,386.236,617.978,308.989,231.742,77.2472,77.2472,77.2472,77.2472,77.2472,77.2472,77.2472
299,397,386.236,772.472,386.236,308.989,154.494,154.494,77.2472,77.2472,77.2472,154.494,154.494
300,397,386.236,772.472,463.483,308.989,231.742,154.494,154.494,77.2472,77.2472,77.2472,154.494
301,397,386.236,772.472,386.236,308.989,231.742,154.494,154.494,77.2472,77.2472,77.2472,77.2472
302,397,617.978,849.719,386.236,308.989,154.494,77.2472,154.494,77.2472,77.2472,77.2472,77.2472
303,397,617.978,695.225,308.989,308.989,77.2472,77.2472,77.2472,154.494,77.2472,77.2472,77.2472
304,397,540.73,540.73,308.989,231.742,154.494,77.2472,154.494,154.494,77.2472,77.2472,77.2472
305,397,463.483,540.73,231.742,154.494,154.494,77.2472,77.2472,77.2472,154.494,77.2472,77.2472
307,397,386.236,308.989,231.742,154.494,154.494,77.2472,154.494,154.494,154.494,77.2472,77.2472
308,397,386.236,308.989,308.989,231.742,154.494,77.2472,154.494,154.494,154.494,77.2472,77.2472
309,397,308.989,386.236,308.989,308.989,77.2472,77.2472,77.2472,77.2472,154.494,77.2472,77.2472
293,398,308.989,386.236,231.742,154.494,154.494,154.494,77.2472,77.2472,154.494,154.494,154.494
296,398,386.236,386.236,231.742,154.494,77.2472,77.2472,77.2472,77.2472,154.494,154.494,154.494
297,398,463.483,463.483,231.742,231.742,77.2472,77.2472,77.2472,77.2472,77.2472,154.494,77.2472
298,398,308.989,463.483,386.236,308.989,77.2472,77.2472,77.2472,77.2472,77.2472,77.2472,77.2472
300,398,308.989,463.483,308.989,308.989,154.494,154.494,77.2472,77.2472,77.2472,77.2472,77.2472
301,398,386.236,463.483,386.236,308.989,154.494,154.494,77.2472,77.2472,77.2472,77.2472,77.2472
302,398,386.236,386.236,386.236,231.742,154.494,77.2472,154.494,77.2472,77.2472,77.2472,77.2472
303,398,386.236,386.236,308.989,231.742,77.2472,154.494,154.494,77.2472,154.494,77.2472,77.2472
306,398,308.989,308.989,231.742,231.742,154.494,77.2472,77.2472,77.2472,154.494,77.2472,154.494
307,398,308.989,308.989,231.742,231.742,154.494,154.494,154.494,77.2472,154.494,77.2472,77.2472
308,398,231.742,386.236,231.742,231.742,154.494,154.494,154.494,77.2472,77.2472,77.2472,77.2472
295,399,308.989,308.989,231.742,154.494,154.494,154.494,77.2472,77.2472,77.2472,154.494,154.494
299,399,386.236,463.483,231.742,154.494,154.494,154.494,77.2472,77.2472,77.2472,77.2472,77.2472
300,399,308.989,463.483,154.494,154.494,154.494,154.494,154.494,77.2472,77.2472,77.2472,77.2472
301,399,386.236,386.236,154.494,154.494,154.494,154.494,154.494,77.2472,77.2472,77.2472,77.2472
302,399,386.236,308.989,231.742,154.494,154.494,77.2472,77.2472,77.2472,77.2472,77.2472,77.2472
303,399,386.236,308.989,154.494,231.742,77.2472,77.2472,77.2472,77.2472,77.2472,77.2472,77.2472
305,399,231.742,231.742,154.494,231.742,154.494,77.2472,77.2472,77.2472,77.2472,154.494,77.2472
306,399,231.742,231.742,154.494,231.742,154.494,77.2472,77.2472,77.2472,77.2472,77.2472,77.2472
307,399,231.742,231.742,154.494,231.742,154.494,77.2472,77.2472,77.2472,77.2472,154.494,77.2472
297,400,308.989,386.236,154.494,154.494,77.2472,77.2472,77.2472,77.2472,154.494,77.2472,77.2472
