135,0,231.742,231.742,154.494,308.989,154.494,154.494,154.494,77.2472,77.2472,154.494,154.494
136,0,231.742,308.989,231.742,386.236,231.742,231.742,231.742,154.494,154.494,154.494,154.494
137,0,308.989,463.483,308.989,386.236,308.989,231.742,231.742,154.494,154.494,154.494,154.494
138,0,463.483,695.225,463.483,386.236,231.742,154.494,231.742,231.742,154.494,154.494,154.494
139,0,772.472,772.472,463.483,540.73,231.742,154.494,154.494,231.742,154.494,154.494,154.494
140,0,849.719,695.225,540.73,463.483,154.494,154.494,154.494,154.494,231.742,154.494,154.494
141,0,463.483,386.236,463.483,463.483,154.494,154.494,154.494,154.494,231.742,154.494,154.494
142,0,463.483,617.978,386.236,308.989,231.742,231.742,231.742,231.742,231.742,154.494,154.494
143,0,463.483,1004.21,463.483,308.989,308.989,308.989,308.989,308.989,308.989,308.989,308.989
144,0,308.989,695.225,540.73,308.989,386.236,386.236,386.236,308.989,386.236,231.742,386.236
145,0,231.742,463.483,308.989,308.989,540.73,540.73,463.483,231.742,231.742,231.742,231.742
146,0,308.989,463.483,231.742,231.742,386.236,540.73,540.73,308.989,231.742,463.483,154.494
147,0,386.236,849.719,540.73,463.483,231.742,308.989,386.236,386.236,308.989,540.73,308.989
148,0,308.989,540.73,617.978,617.978,231.742,231.742,231.742,308.989,386.236,463.483,386.236
149,0,463.483,386.236,308.989,308.989,308.989,231.742,308.989,386.236,386.236,308.989,386.236
150,0,617.978,540.73,308.989,231.742,231.742,308.989,386.236,386.236,386.236,308.989,386.236
151,0,463.483,463.483,386.236,231.742,154.494,231.742,308.989,231.742,463.483,308.989,386.236
152,0,463.483,386.236,308.989,308.989,154.494,154.494,154.494,77.2472,308.989,231.742,308.989
153,0,463.483,617.978,308.989,463.483,231.742,231.742,154.494,77.2472,154.494,154.494,231.742
154,0,849.719,772.472,463.483,772.472,463.483,386.236,308.989,154.494,154.494,154.494,154.494
155,0,1776.69,1776.69,1004.21,1313.2,617.978,540.73,540.73,463.483,386.236,308.989,308.989
156,0,2162.92,3012.64,2317.42,2240.17,386.236,463.483,540.73,540.73,540.73,463.483,463.483
157,0,1853.93,1931.18,2317.42,1931.18,308.989,154.494,308.989,386.236,463.483,463.483,386.236
158,0,2549.16,1931.18,1313.2,1390.45,386.236,231.742,308.989,231.742,231.742,231.742,231.742
159,0,2240.17,2626.4,2085.67,2240.17,231.742,231.742,308.989,386.236,154.494,231.742,154.494
160,0,1776.69,1622.19,2085.67,1853.93,308.989,154.494,308.989,386.236,308.989,308.989,231.742
161,0,2085.67,1699.44,1081.46,926.966,386.236,231.742,308.989,463.483,386.236,463.483,231.742
162,0,1544.94,1699.44,1544.94,1313.2,231.742,231.742,308.989,308.989,308.989,386.236,231.742
163,0,1004.21,849.719,1158.71,1158.71,386.236,231.742,231.742,231.742,308.989,231.742,231.742
164,0,772.472,849.719,617.978,540.73,308.989,386.236,386.236,463.483,386.236,308.989,308.989
165,0,463.483,695.225,849.719,617.978,154.494,308.989,463.483,463.483,463.483,308.989,308.989
166,0,308.989,386.236,540.73,463.483,308.989,154.494,231.742,231.742,386.236,231.742,154.494
167,0,308.989,386.236,386.236,231.742,308.989,308.989,231.742,308.989,308.989,231.742,154.494
170,0,231.742,308.989,308.989,231.742,308.989,231.742,231.742,154.494,154.494,231.742,154.494
134,1,154.494,231.742,154.494,231.742,231.742,154.494,154.494,77.2472,77.2472,154.494,77.2472
135,1,154.494,308.989,154.494,308.989,231.742,154.494,154.494,154.494,77.2472,231.742,154.494
136,1,231.742,463.483,231.742,386.236,308.989,231.742,231.742,154.494,154.494,231.742,154.494
137,1,308.989,695.225,386.236,540.73,308.989,231.742,231.742,231.742,154.494,231.742,231.742
138,1,540.73,772.472,617.978,617.978,231.742,154.494,231.742,231.742,154.494,154.494,154.494
139,1,926.966,849.719,540.73,540.73,154.494,154.494,154.494,231.742,231.742,154.494,154.494
140,1,1004.21,772.472,540.73,540.73,154.494,154.494,154.494,154.494,231.742,154.494,154.494
141,1,540.73,386.236,463.483,617.978,231.742,231.742,154.494,154.494,154.494,154.494,154.494
142,1,540.73,617.978,386.236,308.989,386.236,386.236,308.989,231.742,154.494,231.742,154.494
143,1,695.225,1158.71,617.978,463.483,540.73,540.73,540.73,386.236,308.989,386.236,308.989
144,1,617.978,1004.21,772.472,540.73,386.236,386.236,463.483,308.989,308.989,386.236,308.989
145,1,463.483,540.73,463.483,308.989,386.236,463.483,308.989,231.742,231.742,308.989,231.742
146,1,540.73,540.73,308.989,308.989,386.236,540.73,463.483,308.989,154.494,308.989,154.494
147,1,695.225,695.225,463.483,463.483,308.989,463.483,540.73,463.483,308.989,386.236,308.989
148,1,849.719,1081.46,617.978,540.73,308.989,386.236,386.236,386.236,386.236,386.236,386.236
149,1,772.472,772.472,617.978,386.236,386.236,386.236,308.989,308.989,386.236,308.989,386.236
150,1,695.225,617.978,463.483,231.742,386.236,540.73,463.483,308.989,308.989,308.989,386.236
151,1,540.73,926.966,695.225,308.989,231.742,386.236,386.236,308.989,231.742,308.989,308.989
152,1,617.978,695.225,849.719,463.483,154.494,154.494,154.494,154.494,154.494,308.989,308.989
153,1,1081.46,695.225,386.236,386.236,231.742,154.494,154.494,231.742,77.2472,154.494,154.494
154,1,926.966,1235.96,695.225,772.472,386.236,308.989,231.742,154.494,154.494,154.494,154.494
155,1,1004.21,1158.71,1081.46,1467.7,617.978,463.483,386.236,308.989,154.494,231.742,231.742
156,1,2008.43,2626.4,1853.93,2703.65,540.73,463.483,540.73,617.978,463.483,308.989,386.236
157,1,2008.43,3167.13,3398.88,3785.11,386.236,386.236,617.978,540.73,617.978,540.73,463.483
158,1,2008.43,2471.91,2471.91,2626.4,849.719,386.236,540.73,540.73,540.73,617.978,308.989
159,1,2780.9,3167.13,2240.17,2471.91,1004.21,617.978,772.472,772.472,386.236,463.483,154.494
160,1,2394.66,3167.13,3398.88,3321.63,695.225,540.73,926.966,849.719,540.73,540.73,231.742
161,1,2394.66,2162.92,2240.17,2085.67,695.225,386.236,695.225,849.719,695.225,849.719,386.236
162,1,2008.43,2085.67,1776.69,1544.94,386.236,386.236,617.978,772.472,617.978,849.719,386.236
163,1,1158.71,1158.71,1853.93,1622.19,386.236,154.494,308.989,386.236,540.73,617.978,308.989
164,1,772.472,695.225,772.472,695.225,617.978,386.236,308.989,386.236,540.73,463.483,386.236
165,1,540.73,695.225,695.225,463.483,308.989,463.483,617.978,617.978,540.73,463.483,463.483
166,1,386.236,386.236,695.225,617.978,231.742,154.494,386.236,386.236,540.73,386.236,308.989
167,1,308.989,386.236,308.989,308.989,386.236,231.742,231.742,231.742,386.236,308.989,231.742
170,1,231.742,308.989,308.989,231.742,308.989,231.742,154.494,154.494,231.742,231.742,154.494
171,1,231.742,308.989,308.989,231.742,308.989,308.989,231.742,231.742,231.742,231.742,154.494
134,2,154.494,231.742,154.494,231.742,231.742,154.494,154.494,77.2472,77.2472,154.494,77.2472
135,2,231.742,308.989,154.494,308.989,308.989,231.742,231.742,154.494,154.494,154.494,154.494
136,2,308.989,463.483,308.989,463.483,308.989,308.989,231.742,154.494,231.742,231.742,231.742
137,2,386.236,849.719,463.483,695.225,308.989,231.742,231.742,231.742,231.742,231.742,231.742
138,2,540.73,1004.21,617.978,772.472,231.742,231.742,308.989,386.236,231.742,154.494,154.494
139,2,849.719,849.719,540.73,540.73,154.494,154.494,231.742,308.989,308.989,154.494,231.742
140,2,1081.46,772.472,540.73,617.978,154.494,154.494,154.494,154.494,231.742,154.494,231.742
141,2,772.472,540.73,463.483,617.978,231.742,231.742,231.742,154.494,154.494,154.494,154.494
142,2,540.73,617.978,463.483,463.483,617.978,540.73,386.236,231.742,231.742,308.989,154.494
143,2,617.978,849.719,617.978,617.978,772.472,695.225,695.225,386.236,308.989,463.483,231.742
144,2,463.483,849.719,926.966,772.472,463.483,463.483,695.225,617.978,386.236,617.978,308.989
145,2,540.73,617.978,617.978,463.483,231.742,308.989,386.236,540.73,386.236,617.978,231.742
146,2,695.225,695.225,386.236,308.989,386.236,463.483,308.989,308.989,308.989,540.73,231.742
147,2,849.719,849.719,463.483,308.989,463.483,617.978,463.483,386.236,308.989,386.236,231.742
148,2,1235.96,1622.19,926.966,463.483,386.236,540.73,540.73,308.989,386.236,386.236,386.236
149,2,926.966,1313.2,1235.96,772.472,463.483,463.483,386.236,308.989,231.742,308.989,308.989
150,2,1081.46,1158.71,1158.71,695.225,617.978,617.978,617.978,463.483,154.494,231.742,231.742
151,2,1158.71,1853.93,1313.2,772.472,617.978,540.73,772.472,617.978,154.494,308.989,154.494
152,2,1081.46,1931.18,1776.69,1004.21,617.978,386.236,617.978,617.978,154.494,386.236,154.494
153,2,1467.7,1235.96,1081.46,695.225,463.483,308.989,540.73,695.225,231.742,308.989,77.2472
154,2,1390.45,2008.43,1081.46,695.225,231.742,231.742,308.989,386.236,308.989,308.989,154.494
155,2,926.966,2008.43,2008.43,1544.94,386.236,308.989,308.989,231.742,154.494,308.989,154.494
156,2,849.719,1467.7,1313.2,1544.94,926.966,617.978,617.978,617.978,386.236,231.742,231.742
157,2,1235.96,2085.67,1699.44,2394.66,1004.21,926.966,1081.46,849.719,772.472,695.225,540.73
158,2,1622.19,2935.39,2780.9,3244.38,926.966,695.225,1081.46,926.966,926.966,1158.71,617.978
159,2,2240.17,3785.11,3012.64,3244.38,1544.94,1004.21,1158.71,1158.71,849.719,1081.46,386.236
160,2,2858.15,3785.11,3939.61,4171.35,1467.7,1313.2,1467.7,1467.7,1081.46,849.719,386.236
161,2,2394.66,2626.4,3321.63,3321.63,1313.2,1004.21,1390.45,1467.7,1313.2,1081.46,695.225
162,2,2008.43,1853.93,1931.18,1776.69,849.719,772.472,1158.71,1467.7,1158.71,1313.2,772.472
163,2,1235.96,1467.7,1853.93,1776.69,386.236,308.989,695.225,849.719,926.966,1081.46,617.978
164,2,849.719,772.472,1081.46,1081.46,617.978,308.989,308.989,386.236,772.472,772.472,540.73
165,2,617.978,695.225,617.978,463.483,540.73,540.73,463.483,540.73,540.73,540.73,617.978
166,2,463.483,540.73,617.978,540.73,154.494,386.236,540.73,540.73,617.978,463.483,540.73
167,2,386.236,308.989,386.236,463.483,308.989,154.494,231.742,231.742,540.73,386.236,308.989
168,2,308.989,308.989,308.989,231.742,308.989,386.236,308.989,231.742,308.989,308.989,231.742
171,2,231.742,308.989,231.742,231.742,231.742,308.989,231.742,154.494,231.742,308.989,231.742
172,2,231.742,308.989,308.989,231.742,231.742,308.989,308.989,231.742,154.494,231.742,154.494
134,3,154.494,231.742,154.494,308.989,231.742,154.494,154.494,77.2472,77.2472,154.494,77.2472
135,3,231.742,308.989,231.742,386.236,386.236,308.989,231.742,231.742,154.494,231.742,154.494
136,3,308.989,617.978,386.236,540.73,308.989,308.989,308.989,231.742,231.742,308.989,231.742
137,3,463.483,772.472,617.978,926.966,308.989,308.989,308.989,308.989,231.742,231.742,231.742
138,3,617.978,926.966,695.225,849.719,386.236,386.236,463.483,386.236,231.742,154.494,231.742
139,3,617.978,695.225,540.73,617.978,308.989,231.742,308.989,308.989,308.989,154.494,231.742
140,3,926.966,617.978,386.236,540.73,231.742,154.494,231.742,308.989,231.742,154.494,154.494
141,3,1081.46,1004.21,463.483,617.978,308.989,231.742,231.742,231.742,231.742,231.742,154.494
142,3,1004.21,1467.7,695.225,772.472,617.978,463.483,386.236,231.742,231.742,308.989,231.742
143,3,772.472,1081.46,772.472,849.719,849.719,772.472,695.225,540.73,308.989,386.236,231.742
144,3,540.73,695.225,772.472,926.966,540.73,695.225,1004.21,1081.46,617.978,772.472,386.236
145,3,540.73,1004.21,540.73,540.73,231.742,308.989,617.978,1004.21,926.966,1081.46,617.978
146,3,463.483,1313.2,463.483,386.236,386.236,308.989,308.989,540.73,772.472,849.719,540.73
147,3,617.978,1544.94,772.472,463.483,695.225,617.978,386.236,308.989,540.73,617.978,463.483
148,3,849.719,1622.19,1081.46,617.978,540.73,540.73,540.73,386.236,386.236,386.236,308.989
149,3,772.472,1622.19,1313.2,1158.71,926.966,540.73,540.73,463.483,231.742,308.989,231.742
150,3,1004.21,1931.18,1776.69,1544.94,1544.94,1081.46,1235.96,1081.46,308.989,308.989,154.494
151,3,1931.18,2471.91,1853.93,1544.94,1390.45,1235.96,1544.94,1544.94,463.483,772.472,154.494
152,3,2471.91,3476.12,2858.15,1853.93,1313.2,926.966,1235.96,1313.2,617.978,1158.71,231.742
153,3,1699.44,2471.91,2780.9,1853.93,1158.71,926.966,1235.96,1390.45,540.73,849.719,231.742
154,3,1390.45,2394.66,1931.18,1235.96,772.472,617.978,926.966,1004.21,695.225,617.978,231.742
155,3,1313.2,2858.15,2703.65,1931.18,540.73,308.989,540.73,463.483,463.483,695.225,231.742
156,3,1467.7,3476.12,3089.89,2394.66,1158.71,695.225,772.472,695.225,308.989,540.73,231.742
157,3,1390.45,4248.6,3244.38,2394.66,2162.92,1467.7,1544.94,1390.45,849.719,772.472,540.73
158,3,1622.19,3089.89,3939.61,3398.88,1699.44,1467.7,1853.93,1699.44,1467.7,1699.44,1004.21
159,3,2085.67,3244.38,3167.13,3398.88,1235.96,1081.46,1622.19,1699.44,1544.94,2008.43,1004.21
160,3,2626.4,3244.38,3553.37,4094.1,1158.71,1081.46,1235.96,1622.19,1622.19,1467.7,849.719
161,3,2162.92,2471.91,3321.63,3939.61,1467.7,1158.71,1158.71,1313.2,1931.18,1235.96,1081.46
162,3,1699.44,1544.94,2008.43,2085.67,1390.45,1158.71,1313.2,1622.19,1776.69,1235.96,1390.45
163,3,1313.2,1390.45,1390.45,1544.94,540.73,695.225,1081.46,1390.45,1390.45,1081.46,1081.46
164,3,849.719,849.719,1235.96,1235.96,540.73,231.742,386.236,463.483,1081.46,1004.21,772.472
165,3,772.472,617.978,695.225,617.978,617.978,463.483,386.236,463.483,617.978,772.472,695.225
166,3,540.73,617.978,617.978,386.236,231.742,463.483,540.73,617.978,540.73,463.483,617.978
167,3,386.236,386.236,463.483,463.483,231.742,154.494,231.742,308.989,617.978,386.236,463.483
168,3,308.989,308.989,308.989,308.989,308.989,231.742,154.494,154.494,386.236,463.483,308.989
169,3,308.989,308.989,308.989,231.742,154.494,308.989,308.989,231.742,231.742,231.742,231.742
171,3,231.742,308.989,231.742,231.742,231.742,231.742,154.494,154.494,231.742,231.742,231.742
172,3,231.742,308.989,231.742,231.742,154.494,308.989,308.989,231.742,154.494,231.742,154.494
134,4,154.494,231.742,154.494,231.742,231.742,231.742,154.494,77.2472,77.2472,154.494,77.2472
135,4,231.742,308.989,231.742,386.236,308.989,308.989,231.742,231.742,154.494,231.742,154.494
136,4,308.989,617.978,463.483,617.978,308.989,308.989,308.989,231.742,231.742,308.989,231.742
137,4,463.483,695.225,617.978,1004.21,386.236,386.236,386.236,308.989,231.742,154.494,231.742
138,4,695.225,926.966,617.978,849.719,463.483,463.483,463.483,386.236,308.989,154.494,231.742
139,4,463.483,540.73,540.73,695.225,463.483,308.989,386.236,386.236,308.989,154.494,231.742
140,4,617.978,463.483,308.989,463.483,386.236,308.989,308.989,463.483,231.742,154.494,154.494
141,4,926.966,1158.71,308.989,617.978,308.989,231.742,231.742,308.989,308.989,231.742,231.742
142,4,1390.45,2394.66,926.966,1313.2,463.483,308.989,231.742,154.494,231.742,308.989,231.742
143,4,1313.2,2085.67,1313.2,1699.44,849.719,695.225,540.73,540.73,308.989,231.742,231.742
144,4,926.966,1004.21,772.472,1081.46,695.225,772.472,849.719,1004.21,772.472,540.73,540.73
145,4,849.719,926.966,386.236,463.483,308.989,386.236,617.978,926.966,1313.2,849.719,1081.46
146,4,849.719,1390.45,540.73,386.236,386.236,231.742,308.989,463.483,1081.46,772.472,1004.21
147,4,695.225,1853.93,926.966,540.73,772.472,617.978,463.483,308.989,617.978,463.483,695.225
148,4,695.225,1390.45,1235.96,849.719,772.472,772.472,695.225,463.483,386.236,463.483,386.236
149,4,926.966,1622.19,1235.96,1390.45,1390.45,926.966,926.966,695.225,308.989,540.73,231.742
150,4,849.719,2317.42,1776.69,1931.18,2085.67,1699.44,1699.44,1544.94,540.73,617.978,231.742
151,4,1699.44,2935.39,2471.91,2085.67,1544.94,1699.44,1853.93,1931.18,1158.71,1158.71,463.483
152,4,2394.66,3553.37,3398.88,2703.65,1467.7,1081.46,1235.96,1467.7,1390.45,1622.19,695.225
153,4,2240.17,2935.39,4016.85,3476.12,1699.44,1313.2,1390.45,1544.94,1004.21,1235.96,540.73
154,4,2008.43,2085.67,2935.39,2935.39,1699.44,1467.7,1776.69,1776.69,1235.96,1004.21,463.483
155,4,2008.43,1467.7,1931.18,2085.67,1931.18,1081.46,1776.69,1622.19,1158.71,1390.45,463.483
156,4,1390.45,1544.94,1776.69,2317.42,1699.44,1158.71,1699.44,1544.94,695.225,1622.19,386.236
157,4,1313.2,3707.87,2780.9,3089.89,1931.18,1467.7,1853.93,1931.18,1004.21,1390.45,540.73
158,4,1313.2,3862.36,5021.07,4557.58,2317.42,1853.93,2008.43,2162.92,1931.18,2085.67,1544.94
159,4,1853.93,2780.9,3553.37,3398.88,1931.18,1776.69,2317.42,2394.66,2317.42,2549.16,1931.18
160,4,2008.43,2085.67,2317.42,2471.91,926.966,1081.46,1853.93,2085.67,2317.42,2085.67,1544.94
161,4,2162.92,2162.92,2085.67,2858.15,695.225,695.225,926.966,1004.21,2162.92,1544.94,1544.94
162,4,1622.19,1622.19,1931.18,2162.92,1235.96,1004.21,926.966,1004.21,1699.44,1158.71,1776.69
163,4,1699.44,1313.2,1235.96,1313.2,772.472,1081.46,1235.96,1467.7,1467.7,772.472,1467.7
164,4,1081.46,1235.96,1235.96,1081.46,386.236,386.236,617.978,772.472,1390.45,849.719,1081.46
165,4,772.472,695.225,926.966,849.719,540.73,308.989,308.989,386.236,772.472,926.966,772.472
166,4,540.73,695.225,540.73,386.236,308.989,463.483,540.73,617.978,386.236,540.73,540.73
168,4,308.989,386.236,308.989,308.989,231.742,154.494,154.494,154.494,463.483,386.236,386.236
169,4,308.989,386.236,308.989,231.742,154.494,308.989,231.742,231.742,154.494,386.236,308.989
172,4,231.742,386.236,308.989,231.742,231.742,308.989,231.742,154.494,154.494,231.742,231.742
135,5,231.742,386.236,231.742,386.236,308.989,308.989,308.989,231.742,154.494,231.742,154.494
136,5,386.236,617.978,463.483,695.225,308.989,308.989,308.989,231.742,231.742,308.989,308.989
137,5,386.236,617.978,540.73,1004.21,386.236,386.236,386.236,386.236,231.742,154.494,231.742
138,5,617.978,772.472,463.483,849.719,463.483,386.236,386.236,386.236,308.989,154.494,231.742
139,5,386.236,540.73,540.73,849.719,463.483,231.742,308.989,308.989,231.742,154.494,231.742
140,5,231.742,386.236,308.989,695.225,540.73,231.742,308.989,463.483,308.989,154.494,154.494
141,5,463.483,772.472,308.989,463.483,231.742,154.494,231.742,308.989,386.236,231.742,231.742
142,5,1081.46,1931.18,772.472,1158.71,308.989,154.494,154.494,154.494,308.989,231.742,231.742
143,5,1313.2,2549.16,1390.45,1931.18,617.978,386.236,308.989,231.742,154.494,154.494,154.494
144,5,695.225,1081.46,1081.46,1390.45,617.978,540.73,386.236,540.73,463.483,231.742,386.236
145,5,463.483,540.73,386.236,463.483,308.989,308.989,308.989,540.73,926.966,463.483,849.719
146,5,386.236,1004.21,386.236,386.236,308.989,308.989,231.742,308.989,849.719,386.236,1004.21
147,5,463.483,849.719,695.225,540.73,772.472,695.225,540.73,231.742,463.483,308.989,617.978
148,5,695.225,772.472,695.225,617.978,926.966,1081.46,926.966,463.483,308.989,463.483,386.236
149,5,926.966,1081.46,849.719,1004.21,1158.71,1158.71,1081.46,772.472,386.236,695.225,308.989
150,5,849.719,1776.69,1390.45,1390.45,1622.19,1622.19,1390.45,1235.96,695.225,849.719,463.483
151,5,1313.2,2317.42,2626.4,2317.42,1158.71,1622.19,1622.19,1467.7,1390.45,1081.46,772.472
152,5,2317.42,2240.17,2703.65,2703.65,1081.46,1081.46,1235.96,1158.71,1622.19,1390.45,1158.71
153,5,4094.1,2935.39,2935.39,3244.38,1776.69,1390.45,1390.45,1622.19,1235.96,1313.2,1081.46
154,5,3244.38,2626.4,2703.65,3167.13,2162.92,2240.17,2317.42,2240.17,1776.69,1235.96,849.719
155,5,2780.9,1622.19,1699.44,1931.18,3167.13,2626.4,3089.89,2626.4,2317.42,2162.92,1081.46
156,5,2703.65,2085.67,1158.71,1467.7,3630.62,2626.4,3476.12,3012.64,1931.18,3167.13,1004.21
157,5,1776.69,1544.94,1313.2,1544.94,2240.17,2162.92,3089.89,2858.15,1776.69,3012.64,926.966
158,5,1235.96,3089.89,2858.15,3398.88,2085.67,1622.19,2162.92,2085.67,2317.42,2703.65,1853.93
159,5,2240.17,4325.84,3939.61,4016.85,3167.13,2394.66,2471.91,2394.66,2703.65,2935.39,2858.15
160,5,2008.43,3476.12,3707.87,2626.4,2703.65,2549.16,3244.38,2935.39,2780.9,2549.16,2471.91
161,5,2935.39,2780.9,2549.16,2394.66,1158.71,1235.96,2008.43,1853.93,2471.91,2394.66,1931.18
162,5,2162.92,2780.9,2549.16,2317.42,1081.46,772.472,926.966,849.719,1622.19,2008.43,1699.44
163,5,2162.92,1699.44,1931.18,1699.44,849.719,1081.46,1158.71,1390.45,1081.46,1004.21,1313.2
164,5,1313.2,1853.93,1390.45,1081.46,463.483,540.73,849.719,1081.46,1390.45,617.978,1158.71
165,5,695.225,772.472,1390.45,1158.71,463.483,231.742,308.989,386.236,1004.21,849.719,926.966
166,5,540.73,695.225,463.483,463.483,308.989,463.483,386.236,540.73,386.236,617.978,540.73
169,5,231.742,463.483,231.742,231.742,231.742,231.742,154.494,154.494,154.494,308.989,308.989
133,6,231.742,231.742,154.494,231.742,154.494,154.494,154.494,77.2472,77.2472,154.494,77.2472
134,6,154.494,308.989,231.742,308.989,308.989,231.742,154.494,154.494,77.2472,231.742,77.2472
135,6,231.742,386.236,308.989,463.483,308.989,308.989,308.989,231.742,154.494,231.742,231.742
136,6,308.989,540.73,386.236,695.225,231.742,386.236,386.236,308.989,231.742,231.742,231.742
137,6,308.989,463.483,540.73,926.966,386.236,386.236,386.236,386.236,231.742,231.742,231.742
138,6,386.236,540.73,308.989,617.978,463.483,308.989,386.236,386.236,308.989,231.742,308.989
139,6,386.236,540.73,386.236,695.225,386.236,231.742,308.989,308.989,231.742,154.494,154.494
140,6,308.989,386.236,386.236,772.472,308.989,231.742,308.989,308.989,231.742,154.494,154.494
141,6,308.989,386.236,308.989,540.73,154.494,154.494,231.742,308.989,386.236,231.742,231.742
142,6,617.978,772.472,308.989,463.483,154.494,154.494,154.494,154.494,386.236,231.742,231.742
143,6,849.719,2085.67,1004.21,1158.71,308.989,231.742,231.742,231.742,154.494,154.494,154.494
144,6,463.483,1081.46,1235.96,1467.7,463.483,308.989,308.989,463.483,154.494,154.494,154.494
145,6,308.989,386.236,386.236,617.978,308.989,231.742,308.989,463.483,463.483,308.989,386.236
146,6,386.236,849.719,308.989,231.742,308.989,231.742,231.742,308.989,617.978,386.236,695.225
147,6,308.989,695.225,540.73,463.483,617.978,617.978,463.483,231.742,308.989,231.742,463.483
148,6,540.73,849.719,617.978,386.236,926.966,1081.46,926.966,540.73,308.989,386.236,308.989
149,6,540.73,695.225,695.225,540.73,695.225,1004.21,772.472,540.73,463.483,617.978,386.236
150,6,849.719,1004.21,695.225,772.472,1004.21,1004.21,772.472,617.978,540.73,772.472,540.73
151,6,849.719,1544.94,1622.19,1622.19,1390.45,1544.94,1313.2,1081.46,926.966,1004.21,772.472
152,6,1467.7,1544.94,1544.94,1699.44,1390.45,1467.7,1622.19,1235.96,1313.2,1390.45,1158.71
153,6,4171.35,3398.88,1699.44,1776.69,1931.18,1467.7,1622.19,1467.7,1313.2,1622.19,1158.71
154,6,5716.29,7338.48,4094.1,3012.64,2008.43,2471.91,2240.17,1931.18,2008.43,1544.94,1235.96
155,6,3862.36,5175.56,5716.29,2858.15,2394.66,3089.89,2780.9,2085.67,2935.39,2240.17,1931.18
156,6,2703.65,1931.18,2240.17,1313.2,4016.85,3862.36,3476.12,2549.16,2858.15,3398.88,2240.17
157,6,2085.67,1390.45,1158.71,1158.71,3862.36,4016.85,4171.35,3167.13,2703.65,3785.11,2008.43
158,6,1235.96,1931.18,1390.45,1622.19,2471.91,2471.91,3244.38,2394.66,2703.65,3630.62,2240.17
159,6,2394.66,4634.83,3012.64,3476.12,3089.89,2317.42,2394.66,1853.93,2394.66,3398.88,3012.64
160,6,2703.65,5716.29,5716.29,4171.35,3553.37,3244.38,3321.63,3089.89,2394.66,2858.15,2858.15
161,6,4403.09,4866.57,4712.08,4171.35,2008.43,2162.92,2780.9,2935.39,3012.64,2626.4,2317.42
162,6,3167.13,4943.82,4325.84,3167.13,1390.45,926.966,1313.2,1467.7,2240.17,2780.9,1776.69
163,6,2549.16,2240.17,3553.37,2703.65,849.719,1004.21,1158.71,1390.45,1081.46,1622.19,1081.46
164,6,1467.7,1931.18,1622.19,1235.96,463.483,695.225,849.719,1158.71,1235.96,695.225,849.719
165,6,695.225,849.719,1622.19,1235.96,386.236,231.742,308.989,386.236,1235.96,772.472,1004.21
166,6,463.483,540.73,463.483,617.978,231.742,386.236,386.236,386.236,386.236,617.978,617.978
168,6,308.989,308.989,617.978,617.978,154.494,154.494,231.742,231.742,386.236,231.742,308.989
169,6,231.742,386.236,231.742,231.742,231.742,231.742,154.494,154.494,231.742,308.989,308.989
134,7,231.742,386.236,231.742,308.989,308.989,308.989,231.742,154.494,77.2472,154.494,154.494
135,7,231.742,463.483,308.989,386.236,308.989,308.989,308.989,231.742,154.494,231.742,231.742
136,7,386.236,463.483,386.236,617.978,308.989,386.236,386.236,386.236,231.742,231.742,231.742
137,7,308.989,386.236,463.483,849.719,463.483,463.483,463.483,463.483,308.989,231.742,231.742
138,7,231.742,231.742,308.989,540.73,386.236,386.236,386.236,386.236,386.236,231.742,308.989
139,7,231.742,386.236,231.742,463.483,231.742,231.742,308.989,386.236,308.989,231.742,231.742
140,7,308.989,463.483,308.989,617.978,231.742,231.742,231.742,308.989,308.989,231.742,231.742
141,7,308.989,463.483,386.236,617.978,231.742,154.494,154.494,154.494,308.989,231.742,231.742
142,7,695.225,695.225,386.236,463.483,231.742,231.742,231.742,231.742,231.742,154.494,231.742
143,7,617.978,1004.21,617.978,926.966,231.742,231.742,308.989,386.236,308.989,154.494,231.742
144,7,386.236,617.978,772.472,1081.46,386.236,308.989,463.483,695.225,386.236,231.742,231.742
145,7,386.236,540.73,386.236,540.73,386.236,308.989,386.236,540.73,540.73,386.236,308.989
146,7,308.989,617.978,386.236,308.989,308.989,308.989,308.989,231.742,617.978,386.236,617.978
147,7,386.236,617.978,540.73,463.483,540.73,540.73,540.73,386.236,308.989,308.989,463.483
148,7,617.978,1235.96,695.225,463.483,540.73,695.225,540.73,386.236,308.989,540.73,308.989
149,7,386.236,695.225,849.719,695.225,463.483,540.73,386.236,308.989,386.236,386.236,463.483
150,7,617.978,926.966,617.978,463.483,695.225,617.978,386.236,308.989,308.989,463.483,540.73
151,7,849.719,1622.19,1004.21,772.472,2162.92,1699.44,1313.2,849.719,463.483,926.966,540.73
152,7,1467.7,3012.64,1699.44,1313.2,2394.66,2394.66,2626.4,1622.19,1081.46,1699.44,849.719
153,7,2085.67,4171.35,2240.17,1544.94,2240.17,1776.69,2085.67,1853.93,1467.7,2471.91,1313.2
154,7,4480.34,9346.91,5407.3,4016.85,1390.45,1622.19,1622.19,1622.19,1776.69,1931.18,1544.94
155,7,5561.8,10505.6,11973.3,7647.47,926.966,1853.93,1158.71,1004.21,2240.17,1467.7,2317.42
156,7,4403.09,4557.58,7647.47,3939.61,1853.93,2549.16,1544.94,849.719,1931.18,1853.93,2858.15
157,7,2008.43,1313.2,1544.94,926.966,3553.37,4171.35,3012.64,1544.94,1776.69,2703.65,2780.9
158,7,1390.45,1544.94,1081.46,1004.21,3321.63,3785.11,3862.36,2394.66,2240.17,3089.89,2549.16
159,7,1544.94,2935.39,1853.93,2394.66,2780.9,2317.42,2703.65,1853.93,2162.92,3476.12,2703.65
160,7,2394.66,5175.56,4712.08,4325.84,2935.39,2780.9,2703.65,2549.16,1776.69,2935.39,2471.91
161,7,4171.35,5484.55,5098.31,4866.57,2008.43,2085.67,2626.4,3244.38,2703.65,2317.42,2394.66
162,7,3398.88,5330.06,5252.81,3785.11,1390.45,1081.46,1390.45,1931.18,3012.64,2549.16,2394.66
163,7,2471.91,2085.67,4325.84,3553.37,849.719,1004.21,1081.46,1390.45,1699.44,1931.18,1467.7
164,7,1390.45,1544.94,1390.45,1235.96,540.73,617.978,772.472,1004.21,1235.96,772.472,695.225
165,7,695.225,849.719,1544.94,1158.71,386.236,231.742,308.989,386.236,1235.96,617.978,926.966
166,7,386.236,463.483,617.978,772.472,231.742,308.989,308.989,308.989,540.73,540.73,695.225
167,7,308.989,617.978,463.483,308.989,308.989,231.742,308.989,308.989,386.236,231.742,231.742
168,7,308.989,386.236,540.73,540.73,231.742,154.494,231.742,231.742,386.236,231.742,231.742
169,7,231.742,386.236,231.742,308.989,154.494,231.742,231.742,154.494,231.742,308.989,231.742
134,8,154.494,308.989,231.742,231.742,308.989,308.989,231.742,154.494,154.494,154.494,77.2472
135,8,231.742,386.236,231.742,386.236,386.236,308.989,308.989,231.742,154.494,231.742,154.494
136,8,308.989,308.989,308.989,540.73,308.989,308.989,308.989,308.989,154.494,154.494,154.494
137,8,308.989,386.236,386.236,695.225,386.236,386.236,386.236,463.483,308.989,231.742,231.742
138,8,154.494,386.236,386.236,617.978,308.989,308.989,308.989,308.989,386.236,308.989,308.989
140,8,386.236,386.236,231.742,386.236,154.494,154.494,231.742,386.236,386.236,308.989,308.989
141,8,308.989,463.483,308.989,540.73,154.494,154.494,77.2472,154.494,386.236,308.989,308.989
142,8,772.472,926.966,463.483,849.719,386.236,231.742,154.494,231.742,154.494,231.742,154.494
143,8,540.73,617.978,617.978,926.966,308.989,231.742,231.742,386.236,308.989,154.494,231.742
144,8,231.742,386.236,540.73,695.225,386.236,386.236,386.236,540.73,617.978,231.742,463.483
145,8,308.989,617.978,308.989,463.483,386.236,386.236,386.236,463.483,617.978,308.989,463.483
146,8,386.236,463.483,386.236,463.483,463.483,386.236,231.742,154.494,463.483,308.989,540.73
147,8,308.989,386.236,463.483,695.225,772.472,617.978,540.73,308.989,231.742,308.989,386.236
148,8,386.236,695.225,463.483,463.483,308.989,386.236,540.73,386.236,308.989,540.73,231.742
149,8,463.483,540.73,772.472,772.472,231.742,386.236,231.742,308.989,308.989,463.483,386.236
150,8,540.73,772.472,695.225,617.978,463.483,617.978,386.236,231.742,231.742,540.73,308.989
151,8,1081.46,1467.7,695.225,695.225,2394.66,2240.17,1544.94,695.225,231.742,772.472,308.989
152,8,1931.18,4712.08,2008.43,1544.94,3321.63,3476.12,3321.63,2085.67,1081.46,1853.93,849.719
153,8,1390.45,6179.78,5098.31,3785.11,3398.88,2008.43,2626.4,2317.42,2085.67,3089.89,1776.69
154,8,2085.67,7724.72,7106.74,5948.03,2549.16,1158.71,2008.43,2471.91,1931.18,1931.18,1853.93
155,8,4557.58,8188.2,10505.6,10119.4,1081.46,772.472,849.719,1622.19,1622.19,695.225,1776.69
156,8,6025.28,7338.48,9578.65,7415.73,772.472,1081.46,695.225,1313.2,926.966,617.978,1853.93
157,8,2780.9,2549.16,3939.61,1776.69,2240.17,2626.4,1467.7,926.966,617.978,1313.2,1776.69
158,8,1699.44,1622.19,1158.71,772.472,3321.63,4016.85,3476.12,1931.18,926.966,1853.93,1931.18
159,8,1081.46,2394.66,1622.19,1699.44,2858.15,2626.4,2935.39,2085.67,1699.44,2703.65,2162.92
160,8,1544.94,3939.61,3707.87,3089.89,2703.65,2317.42,2317.42,2085.67,1622.19,2780.9,2008.43
161,8,2780.9,3939.61,4248.6,4094.1,1699.44,1853.93,2240.17,2858.15,2085.67,1853.93,2008.43
162,8,2858.15,3785.11,4248.6,3167.13,1158.71,1004.21,1235.96,1699.44,3012.64,1931.18,2703.65
163,8,2240.17,1622.19,3321.63,3089.89,772.472,772.472,772.472,1158.71,1931.18,1544.94,2162.92
164,8,1235.96,1158.71,926.966,1004.21,617.978,540.73,617.978,926.966,1235.96,772.472,926.966
165,8,540.73,695.225,1158.71,772.472,540.73,308.989,386.236,540.73,1081.46,540.73,926.966
166,8,386.236,463.483,695.225,772.472,231.742,308.989,308.989,308.989,540.73,540.73,772.472
167,8,231.742,540.73,463.483,308.989,386.236,231.742,231.742,231.742,308.989,231.742,308.989
172,8,231.742,308.989,154.494,154.494,231.742,154.494,154.494,154.494,231.742,154.494,154.494
134,9,154.494,231.742,231.742,231.742,308.989,308.989,308.989,154.494,77.2472,154.494,77.2472
135,9,308.989,386.236,231.742,386.236,308.989,231.742,231.742,231.742,154.494,154.494,154.494
136,9,154.494,231.742,308.989,540.73,231.742,231.742,231.742,308.989,154.494,154.494,154.494
137,9,231.742,308.989,231.742,540.73,231.742,231.742,308.989,386.236,308.989,231.742,231.742
138,9,231.742,386.236,308.989,540.73,154.494,231.742,308.989,231.742,386.236,308.989,308.989
140,9,463.483,463.483,231.742,386.236,154.494,231.742,308.989,463.483,386.236,308.989,308.989
141,9,849.719,540.73,308.989,386.236,154.494,154.494,231.742,308.989,540.73,463.483,463.483
142,9,617.978,849.719,308.989,695.225,231.742,231.742,231.742,154.494,231.742,308.989,231.742
143,9,540.73,926.966,617.978,926.966,231.742,154.494,154.494,154.494,154.494,154.494,154.494
144,9,617.978,695.225,463.483,695.225,308.989,308.989,231.742,231.742,386.236,77.2472,386.236
145,9,617.978,1313.2,695.225,617.978,386.236,308.989,386.236,386.236,463.483,154.494,386.236
146,9,617.978,695.225,617.978,617.978,231.742,154.494,231.742,308.989,308.989,231.742,386.236
147,9,926.966,926.966,386.236,617.978,772.472,540.73,308.989,231.742,231.742,154.494,231.742
148,9,695.225,1081.46,540.73,386.236,463.483,617.978,617.978,386.236,231.742,463.483,154.494
149,9,849.719,1004.21,926.966,772.472,386.236,463.483,463.483,463.483,308.989,1004.21,231.742
150,9,1004.21,1004.21,1004.21,849.719,540.73,926.966,695.225,463.483,386.236,926.966,231.742
151,9,1158.71,926.966,695.225,849.719,1931.18,2394.66,1544.94,849.719,308.989,772.472,231.742
152,9,1158.71,1853.93,926.966,1235.96,3553.37,3939.61,3012.64,1776.69,1004.21,1544.94,1004.21
153,9,926.966,3012.64,3476.12,4248.6,5484.55,3089.89,3553.37,2471.91,2394.66,2549.16,2549.16
154,9,1235.96,3785.11,5098.31,6179.78,5098.31,2471.91,3939.61,4557.58,2085.67,1931.18,2085.67
155,9,2394.66,5098.31,5484.55,6875,1776.69,926.966,1931.18,3553.37,2394.66,1313.2,1235.96
156,9,4248.6,6566.01,7106.74,6411.52,695.225,695.225,695.225,2240.17,2008.43,695.225,772.472
157,9,3244.38,2935.39,5252.81,2858.15,1931.18,1853.93,1235.96,1081.46,1467.7,540.73,540.73
158,9,1853.93,1622.19,1158.71,849.719,3244.38,3630.62,3167.13,1699.44,772.472,1081.46,772.472
159,9,1081.46,2703.65,1622.19,1776.69,2935.39,2703.65,2780.9,2085.67,1467.7,2317.42,1313.2
160,9,1467.7,4248.6,3707.87,2780.9,2935.39,2240.17,2240.17,1931.18,1776.69,2703.65,1776.69
161,9,2317.42,3167.13,3707.87,3398.88,1622.19,1776.69,2008.43,2394.66,1776.69,1699.44,1622.19
162,9,2626.4,2780.9,2858.15,2162.92,926.966,772.472,1081.46,1313.2,2549.16,1467.7,2394.66
163,9,1853.93,1390.45,2162.92,2008.43,695.225,617.978,695.225,849.719,1776.69,1158.71,2317.42
164,9,926.966,849.719,772.472,695.225,540.73,540.73,540.73,772.472,1081.46,540.73,1081.46
166,9,308.989,463.483,540.73,695.225,154.494,308.989,308.989,308.989,540.73,540.73,772.472
169,9,231.742,308.989,231.742,308.989,154.494,154.494,154.494,154.494,308.989,308.989,308.989
133,10,154.494,308.989,154.494,231.742,231.742,154.494,154.494,77.2472,154.494,154.494,77.2472
135,10,231.742,308.989,231.742,308.989,231.742,231.742,231.742,231.742,231.742,154.494,154.494
138,10,308.989,308.989,154.494,308.989,231.742,308.989,386.236,231.742,308.989,308.989,308.989
139,10,308.989,386.236,231.742,308.989,231.742,308.989,308.989,231.742,231.742,308.989,154.494
140,10,386.236,386.236,231.742,463.483,386.236,386.236,386.236,463.483,308.989,231.742,308.989
141,10,1081.46,772.472,386.236,540.73,231.742,308.989,308.989,463.483,617.978,463.483,617.978
142,10,617.978,772.472,308.989,463.483,154.494,154.494,231.742,154.494,540.73,463.483,463.483
143,10,540.73,1158.71,772.472,849.719,154.494,154.494,154.494,154.494,231.742,231.742,154.494
144,10,695.225,849.719,463.483,695.225,231.742,231.742,154.494,154.494,154.494,154.494,154.494
145,10,617.978,1467.7,926.966,1081.46,540.73,308.989,308.989,308.989,231.742,154.494,231.742
146,10,463.483,772.472,849.719,1158.71,386.236,308.989,463.483,772.472,308.989,231.742,231.742
147,10,772.472,849.719,463.483,540.73,386.236,308.989,308.989,617.978,463.483,231.742,231.742
148,10,695.225,1467.7,849.719,540.73,463.483,772.472,695.225,463.483,386.236,463.483,231.742
149,10,926.966,1235.96,1390.45,1313.2,617.978,695.225,772.472,617.978,463.483,1313.2,463.483
150,10,1390.45,1390.45,1235.96,1467.7,1158.71,1235.96,1081.46,926.966,695.225,1313.2,772.472
151,10,1931.18,2549.16,1313.2,1313.2,1390.45,1853.93,1313.2,1390.45,772.472,849.719,463.483
152,10,1467.7,2162.92,1467.7,1158.71,2780.9,3089.89,1853.93,1081.46,1004.21,1081.46,1004.21
153,10,1235.96,1699.44,1699.44,2085.67,5484.55,4016.85,3476.12,2008.43,1467.7,1467.7,2240.17
154,10,1235.96,1776.69,1699.44,2394.66,4634.83,3707.87,4248.6,4943.82,2162.92,2394.66,1931.18
155,10,1467.7,3244.38,2549.16,2935.39,1004.21,1158.71,2008.43,3707.87,4403.09,2703.65,1776.69
156,10,2394.66,3862.36,4943.82,4403.09,463.483,540.73,540.73,1467.7,3707.87,1313.2,1622.19
157,10,2703.65,2085.67,3785.11,3167.13,1931.18,1931.18,1313.2,695.225,2162.92,617.978,849.719
158,10,1622.19,1313.2,926.966,1081.46,2858.15,3321.63,2626.4,1235.96,926.966,1158.71,463.483
159,10,1081.46,2780.9,1390.45,1622.19,2626.4,2162.92,2085.67,1544.94,1313.2,2394.66,1158.71
160,10,1931.18,4634.83,3939.61,2935.39,2549.16,2085.67,2008.43,2008.43,1776.69,2471.91,1931.18
161,10,2626.4,4016.85,3939.61,3167.13,1467.7,1699.44,1776.69,2162.92,1699.44,1467.7,1467.7
162,10,2626.4,2780.9,2703.65,1776.69,849.719,772.472,849.719,926.966,2240.17,1390.45,1931.18
163,10,1390.45,1390.45,1776.69,1467.7,540.73,617.978,617.978,695.225,1390.45,926.966,1931.18
164,10,695.225,695.225,849.719,695.225,386.236,463.483,540.73,617.978,1004.21,386.236,926.966
166,10,308.989,463.483,540.73,540.73,154.494,231.742,308.989,231.742,540.73,540.73,695.225
135,11,231.742,231.742,154.494,308.989,154.494,154.494,231.742,231.742,231.742,154.494,154.494
136,11,231.742,231.742,231.742,308.989,154.494,154.494,154.494,154.494,154.494,154.494,77.2472
138,11,231.742,308.989,154.494,231.742,231.742,308.989,308.989,308.989,308.989,308.989,231.742
139,11,540.73,463.483,231.742,231.742,231.742,231.742,231.742,231.742,231.742,308.989,231.742
140,11,695.225,540.73,231.742,308.989,308.989,308.989,231.742,308.989,231.742,231.742,231.742
141,11,386.236,695.225,386.236,617.978,231.742,231.742,231.742,308.989,463.483,308.989,463.483
142,11,386.236,463.483,386.236,617.978,154.494,154.494,154.494,154.494,540.73,308.989,540.73
143,11,695.225,1390.45,695.225,849.719,154.494,154.494,154.494,154.494,308.989,154.494,231.742
144,11,463.483,772.472,772.472,1004.21,154.494,154.494,77.2472,231.742,231.742,154.494,154.494
145,11,463.483,695.225,540.73,1158.71,386.236,231.742,154.494,231.742,154.494,154.494,154.494
146,11,540.73,1004.21,617.978,1004.21,463.483,386.236,386.236,695.225,231.742,154.494,231.742
147,11,386.236,463.483,463.483,772.472,463.483,386.236,463.483,849.719,772.472,308.989,463.483
148,11,463.483,695.225,617.978,540.73,617.978,1081.46,1004.21,617.978,772.472,463.483,463.483
149,11,540.73,849.719,772.472,1004.21,695.225,1004.21,1158.71,772.472,617.978,1776.69,926.966
150,11,772.472,926.966,695.225,1235.96,1390.45,1235.96,1235.96,1081.46,772.472,1931.18,1235.96
151,11,1467.7,2703.65,1467.7,1544.94,926.966,1158.71,1390.45,1776.69,1158.71,849.719,849.719
152,11,1158.71,2549.16,2549.16,2085.67,1313.2,1699.44,849.719,849.719,1544.94,849.719,1004.21
153,11,1931.18,1699.44,1931.18,1853.93,2549.16,3012.64,1931.18,1004.21,772.472,849.719,1081.46
154,11,2085.67,1544.94,1158.71,1235.96,2085.67,2317.42,2085.67,2240.17,1544.94,2240.17,1776.69
155,11,1313.2,2008.43,1467.7,1853.93,617.978,849.719,1004.21,1622.19,4094.1,2549.16,3398.88
156,11,1622.19,2085.67,2703.65,3167.13,463.483,695.225,540.73,695.225,3089.89,1158.71,2935.39
157,11,1853.93,1699.44,1931.18,2162.92,1622.19,1853.93,1158.71,386.236,1235.96,772.472,1235.96
158,11,1622.19,1699.44,926.966,1081.46,2626.4,2394.66,1853.93,772.472,617.978,1313.2,617.978
159,11,1467.7,3321.63,1776.69,1544.94,2240.17,1622.19,1776.69,1235.96,926.966,2008.43,1313.2
160,11,2703.65,4943.82,4248.6,3398.88,1699.44,1622.19,1853.93,2240.17,1313.2,1622.19,2162.92
161,11,2549.16,4712.08,4866.57,3398.88,1158.71,1235.96,1235.96,1776.69,1776.69,1158.71,1390.45
162,11,2240.17,2240.17,3167.13,1776.69,695.225,617.978,617.978,772.472,2008.43,1390.45,1776.69
163,11,1158.71,1235.96,1390.45,1158.71,386.236,540.73,617.978,695.225,1004.21,926.966,1622.19
164,11,540.73,617.978,849.719,695.225,231.742,386.236,386.236,540.73,772.472,308.989,695.225
165,11,386.236,540.73,540.73,540.73,231.742,231.742,231.742,308.989,772.472,386.236,695.225
166,11,308.989,463.483,386.236,463.483,154.494,231.742,231.742,154.494,463.483,463.483,617.978
136,12,231.742,308.989,231.742,231.742,77.2472,154.494,154.494,77.2472,154.494,154.494,77.2472
137,12,308.989,231.742,154.494,231.742,154.494,231.742,231.742,154.494,154.494,154.494,154.494
138,12,231.742,386.236,154.494,231.742,231.742,308.989,308.989,231.742,231.742,308.989,231.742
139,12,386.236,308.989,231.742,231.742,154.494,154.494,154.494,154.494,231.742,308.989,231.742
140,12,1004.21,926.966,308.989,231.742,154.494,154.494,77.2472,154.494,154.494,231.742,154.494
141,12,540.73,1081.46,540.73,617.978,154.494,77.2472,77.2472,77.2472,231.742,231.742,308.989
142,12,308.989,540.73,695.225,772.472,154.494,77.2472,77.2472,154.494,308.989,154.494,308.989
143,12,772.472,1544.94,617.978,617.978,154.494,154.494,154.494,154.494,231.742,154.494,231.742
144,12,617.978,1235.96,1235.96,1544.94,386.236,231.742,231.742,386.236,386.236,154.494,308.989
145,12,463.483,540.73,695.225,1158.71,386.236,231.742,308.989,463.483,308.989,231.742,308.989
146,12,540.73,1081.46,695.225,772.472,386.236,308.989,308.989,386.236,231.742,154.494,154.494
147,12,463.483,540.73,849.719,1158.71,695.225,617.978,540.73,540.73,540.73,308.989,463.483
148,12,463.483,540.73,617.978,695.225,1004.21,1622.19,1235.96,695.225,695.225,463.483,617.978
149,12,617.978,849.719,540.73,695.225,1081.46,1853.93,1776.69,849.719,617.978,1931.18,1081.46
150,12,926.966,1004.21,695.225,926.966,1776.69,1313.2,1390.45,926.966,849.719,2780.9,1390.45
151,12,1313.2,2471.91,1235.96,1158.71,1467.7,1313.2,1699.44,1853.93,1081.46,1081.46,926.966
152,12,1004.21,2471.91,2549.16,2394.66,926.966,695.225,849.719,1158.71,2008.43,772.472,1467.7
153,12,1622.19,2162.92,2240.17,2549.16,1235.96,1158.71,772.472,695.225,926.966,617.978,695.225
154,12,1544.94,1776.69,1390.45,1622.19,1235.96,926.966,1081.46,1004.21,695.225,1313.2,1544.94
155,12,1313.2,1853.93,1390.45,1776.69,849.719,540.73,926.966,1004.21,1622.19,1235.96,3398.88
156,12,1390.45,1853.93,1853.93,2008.43,926.966,695.225,772.472,1081.46,1158.71,695.225,2317.42
157,12,1467.7,1622.19,1467.7,1467.7,1853.93,1544.94,1313.2,926.966,695.225,617.978,772.472
158,12,1776.69,2471.91,1390.45,1158.71,2703.65,2008.43,2008.43,1004.21,540.73,1081.46,463.483
159,12,1931.18,3167.13,2858.15,2162.92,1853.93,1622.19,1853.93,1544.94,617.978,1699.44,1081.46
160,12,2780.9,4943.82,3553.37,3630.62,926.966,1235.96,1467.7,2240.17,1081.46,1235.96,1622.19
161,12,2626.4,3707.87,4789.33,3012.64,849.719,695.225,772.472,1313.2,2162.92,1004.21,1235.96
162,12,2317.42,1853.93,2703.65,1853.93,540.73,540.73,540.73,772.472,1853.93,1158.71,1776.69
163,12,1158.71,926.966,926.966,772.472,308.989,463.483,617.978,695.225,772.472,695.225,1313.2
164,12,540.73,540.73,695.225,617.978,231.742,231.742,308.989,386.236,617.978,308.989,463.483
165,12,308.989,540.73,386.236,463.483,231.742,154.494,231.742,231.742,540.73,386.236,617.978
137,13,386.236,308.989,231.742,231.742,154.494,154.494,154.494,154.494,154.494,154.494,154.494
138,13,386.236,695.225,231.742,231.742,231.742,231.742,231.742,231.742,154.494,231.742,231.742
139,13,386.236,463.483,308.989,231.742,154.494,77.2472,154.494,154.494,231.742,231.742,231.742
140,13,695.225,695.225,231.742,231.742,77.2472,77.2472,77.2472,154.494,154.494,154.494,154.494
141,13,617.978,1235.96,463.483,540.73,154.494,77.2472,77.2472,77.2472,231.742,154.494,231.742
142,13,308.989,1004.21,1004.21,1158.71,154.494,77.2472,77.2472,154.494,154.494,154.494,154.494
143,13,386.236,926.966,540.73,463.483,154.494,154.494,77.2472,154.494,154.494,154.494,154.494
144,13,540.73,1004.21,1081.46,1544.94,540.73,386.236,386.236,386.236,231.742,154.494,231.742
145,13,463.483,540.73,695.225,1158.71,540.73,386.236,617.978,926.966,463.483,386.236,386.236
146,13,695.225,926.966,540.73,695.225,540.73,386.236,386.236,617.978,540.73,463.483,231.742
147,13,540.73,1081.46,772.472,926.966,926.966,849.719,849.719,463.483,386.236,540.73,386.236
148,13,463.483,1081.46,926.966,1004.21,772.472,1313.2,926.966,540.73,463.483,617.978,540.73
149,13,617.978,1004.21,772.472,926.966,772.472,1853.93,1081.46,540.73,540.73,1004.21,849.719
150,13,1081.46,1081.46,1004.21,1158.71,1699.44,1544.94,1158.71,617.978,772.472,2085.67,1467.7
151,13,1313.2,1699.44,926.966,849.719,1776.69,1853.93,1776.69,1390.45,772.472,1313.2,849.719
152,13,1235.96,2240.17,1544.94,2162.92,1313.2,849.719,1313.2,1390.45,1776.69,1081.46,1544.94
153,13,1776.69,3553.37,2240.17,2471.91,2085.67,849.719,1081.46,1081.46,1158.71,849.719,1004.21
154,13,1235.96,2394.66,2008.43,1931.18,1931.18,1390.45,1776.69,1853.93,695.225,617.978,849.719
155,13,1313.2,1853.93,1853.93,1931.18,1235.96,1313.2,1776.69,1853.93,1004.21,772.472,1544.94
156,13,1313.2,1622.19,2317.42,2085.67,1235.96,1158.71,1313.2,1467.7,1235.96,1081.46,926.966
157,13,1544.94,1853.93,1699.44,1622.19,1699.44,2008.43,1853.93,1544.94,1467.7,1235.96,540.73
158,13,1390.45,2317.42,1776.69,1699.44,2317.42,2162.92,2162.92,1544.94,1235.96,1544.94,463.483
159,13,2240.17,3012.64,2780.9,2780.9,1622.19,1390.45,1622.19,1544.94,1004.21,1931.18,772.472
160,13,2626.4,4789.33,3167.13,2780.9,849.719,772.472,1004.21,1776.69,1390.45,1235.96,1004.21
161,13,3089.89,2780.9,4557.58,2549.16,695.225,386.236,463.483,1158.71,2317.42,849.719,1313.2
162,13,2008.43,2085.67,1699.44,1622.19,463.483,463.483,463.483,772.472,1544.94,695.225,1853.93
163,13,849.719,1081.46,1081.46,617.978,308.989,463.483,540.73,540.73,695.225,386.236,926.966
164,13,463.483,617.978,849.719,617.978,308.989,231.742,231.742,231.742,617.978,231.742,308.989
165,13,308.989,617.978,463.483,463.483,231.742,231.742,231.742,308.989,386.236,386.236,463.483
167,13,308.989,386.236,386.236,386.236,154.494,154.494,154.494,154.494,231.742,154.494,231.742
136,14,308.989,308.989,154.494,154.494,77.2472,154.494,77.2472,77.2472,154.494,154.494,77.2472
137,14,231.742,386.236,231.742,231.742,77.2472,154.494,154.494,77.2472,77.2472,154.494,77.2472
138,14,617.978,695.225,231.742,231.742,154.494,154.494,154.494,154.494,154.494,154.494,154.494
139,14,617.978,926.966,463.483,386.236,154.494,77.2472,77.2472,154.494,231.742,154.494,154.494
140,14,386.236,617.978,386.236,308.989,154.494,77.2472,77.2472,154.494,154.494,77.2472,154.494
141,14,386.236,772.472,308.989,308.989,77.2472,77.2472,77.2472,77.2472,154.494,77.2472,154.494
142,14,540.73,1776.69,1004.21,1158.71,154.494,154.494,77.2472,154.494,154.494,154.494,77.2472
143,14,308.989,540.73,695.225,695.225,308.989,154.494,154.494,231.742,154.494,154.494,77.2472
144,14,386.236,695.225,540.73,849.719,463.483,386.236,308.989,386.236,154.494,154.494,154.494
145,14,772.472,1081.46,772.472,772.472,695.225,617.978,617.978,772.472,463.483,386.236,463.483
146,14,695.225,849.719,540.73,617.978,926.966,695.225,772.472,849.719,926.966,540.73,695.225
147,14,540.73,1390.45,926.966,540.73,1699.44,1622.19,1467.7,849.719,617.978,772.472,540.73
148,14,540.73,1390.45,1235.96,1699.44,849.719,1081.46,1467.7,926.966,540.73,1544.94,540.73
149,14,695.225,1622.19,1467.7,1776.69,617.978,695.225,617.978,540.73,386.236,1004.21,463.483
150,14,926.966,1544.94,1776.69,1467.7,849.719,926.966,540.73,463.483,386.236,617.978,1004.21
151,14,1313.2,1544.94,1081.46,1081.46,926.966,1622.19,1081.46,540.73,463.483,772.472,695.225
152,14,1390.45,2317.42,1390.45,1390.45,926.966,1158.71,1081.46,772.472,1081.46,1158.71,1235.96
153,14,2008.43,3398.88,2780.9,2471.91,1622.19,1313.2,1235.96,1081.46,1081.46,1158.71,1158.71
154,14,2085.67,2703.65,2858.15,2858.15,1467.7,2008.43,1853.93,1776.69,1081.46,772.472,540.73
155,14,1467.7,1853.93,1853.93,2626.4,1158.71,1776.69,1699.44,1544.94,1853.93,1235.96,772.472
156,14,1235.96,1467.7,1776.69,2162.92,1313.2,1313.2,1081.46,1004.21,2008.43,2085.67,1081.46
157,14,1235.96,1853.93,1467.7,1776.69,1467.7,1853.93,1622.19,1235.96,1776.69,2085.67,1313.2
158,14,1235.96,2626.4,2008.43,1853.93,1776.69,1622.19,1544.94,1235.96,1776.69,1776.69,1081.46
159,14,1776.69,3398.88,2780.9,2394.66,1235.96,926.966,1081.46,1158.71,1390.45,1776.69,1081.46
160,14,2008.43,3553.37,3476.12,2162.92,695.225,617.978,849.719,1467.7,1235.96,926.966,1081.46
161,14,2085.67,2085.67,3476.12,2471.91,463.483,386.236,463.483,926.966,1776.69,540.73,1699.44
162,14,1158.71,1544.94,1158.71,1081.46,308.989,386.236,386.236,540.73,1158.71,463.483,1699.44
163,14,617.978,1313.2,1235.96,617.978,386.236,308.989,308.989,231.742,617.978,308.989,617.978
164,14,463.483,617.978,1158.71,926.966,386.236,231.742,231.742,231.742,463.483,231.742,231.742
165,14,308.989,772.472,540.73,540.73,154.494,231.742,308.989,308.989,308.989,308.989,386.236
167,14,231.742,386.236,386.236,463.483,231.742,154.494,154.494,154.494,231.742,154.494,231.742
136,15,308.989,308.989,154.494,154.494,77.2472,154.494,77.2472,77.2472,77.2472,154.494,77.2472
137,15,308.989,463.483,231.742,308.989,154.494,77.2472,77.2472,77.2472,77.2472,154.494,77.2472
138,15,463.483,386.236,231.742,231.742,154.494,77.2472,154.494,154.494,154.494,154.494,77.2472
139,15,695.225,849.719,308.989,308.989,154.494,77.2472,77.2472,154.494,154.494,154.494,154.494
140,15,540.73,1158.71,617.978,695.225,231.742,77.2472,77.2472,77.2472,154.494,77.2472,77.2472
142,15,617.978,1699.44,695.225,849.719,231.742,154.494,154.494,154.494,154.494,77.2472,154.494
143,15,540.73,772.472,1004.21,1235.96,540.73,308.989,308.989,308.989,231.742,231.742,231.742
144,15,308.989,617.978,463.483,772.472,540.73,308.989,386.236,463.483,231.742,231.742,154.494
145,15,1081.46,1467.7,849.719,617.978,695.225,617.978,540.73,463.483,308.989,231.742,386.236
146,15,617.978,1004.21,772.472,695.225,926.966,849.719,772.472,617.978,772.472,463.483,849.719
147,15,463.483,1004.21,772.472,695.225,1776.69,2085.67,1390.45,1004.21,849.719,617.978,849.719
148,15,463.483,926.966,772.472,1313.2,1853.93,2240.17,2240.17,1390.45,926.966,1699.44,1004.21
149,15,540.73,1390.45,1081.46,1853.93,1622.19,1158.71,1622.19,1390.45,926.966,2085.67,617.978
150,15,695.225,1931.18,1931.18,2085.67,1081.46,772.472,926.966,1081.46,617.978,926.966,308.989
151,15,1313.2,1776.69,1853.93,1931.18,540.73,772.472,617.978,463.483,463.483,463.483,386.236
152,15,1931.18,2317.42,1699.44,1622.19,695.225,695.225,540.73,386.236,463.483,772.472,849.719
153,15,2549.16,3630.62,2085.67,2780.9,1004.21,1004.21,772.472,617.978,617.978,1004.21,1004.21
154,15,2085.67,3785.11,2471.91,3244.38,1158.71,1467.7,1081.46,849.719,926.966,772.472,617.978
155,15,1544.94,2703.65,2317.42,2471.91,1776.69,1235.96,1081.46,1081.46,1544.94,1235.96,1313.2
156,15,1467.7,1544.94,1776.69,1853.93,1853.93,1235.96,1390.45,1467.7,1390.45,1776.69,2085.67
157,15,1390.45,1467.7,1390.45,1467.7,1390.45,1699.44,1699.44,1467.7,1081.46,1235.96,2162.92
158,15,1235.96,1853.93,1853.93,1853.93,1158.71,926.966,1081.46,926.966,1081.46,926.966,1622.19
159,15,1313.2,2162.92,2626.4,2394.66,695.225,617.978,695.225,1081.46,849.719,1004.21,1235.96
160,15,1313.2,1853.93,2317.42,1931.18,308.989,540.73,617.978,1235.96,926.966,463.483,1081.46
161,15,1081.46,1004.21,1699.44,1622.19,308.989,386.236,308.989,463.483,1467.7,386.236,1313.2
162,15,772.472,772.472,617.978,540.73,231.742,308.989,231.742,231.742,849.719,386.236,1158.71
163,15,386.236,849.719,926.966,617.978,386.236,231.742,231.742,231.742,463.483,308.989,386.236
164,15,463.483,772.472,1004.21,1235.96,308.989,231.742,231.742,308.989,308.989,231.742,308.989
165,15,308.989,695.225,617.978,540.73,231.742,231.742,231.742,308.989,231.742,231.742,386.236
167,15,231.742,386.236,386.236,463.483,231.742,154.494,154.494,154.494,231.742,154.494,154.494
137,16,540.73,463.483,231.742,308.989,77.2472,77.2472,154.494,77.2472,77.2472,154.494,77.2472
138,16,386.236,386.236,308.989,308.989,231.742,154.494,154.494,154.494,77.2472,77.2472,77.2472
139,16,463.483,463.483,231.742,231.742,231.742,77.2472,77.2472,77.2472,154.494,154.494,154.494
140,16,540.73,1004.21,386.236,540.73,231.742,77.2472,77.2472,154.494,77.2472,77.2472,77.2472
141,16,386.236,772.472,772.472,926.966,154.494,77.2472,154.494,154.494,154.494,77.2472,77.2472
142,16,386.236,1158.71,386.236,540.73,154.494,154.494,77.2472,77.2472,154.494,77.2472,77.2472
143,16,695.225,1081.46,1081.46,1467.7,463.483,463.483,308.989,386.236,154.494,231.742,308.989
144,16,617.978,617.978,540.73,772.472,926.966,540.73,617.978,772.472,463.483,386.236,308.989
145,16,386.236,695.225,540.73,772.472,926.966,695.225,695.225,772.472,463.483,386.236,231.742
146,16,695.225,2162.92,1313.2,849.719,1235.96,849.719,926.966,772.472,463.483,540.73,540.73
147,16,1235.96,2471.91,1931.18,1776.69,926.966,1004.21,849.719,695.225,617.978,463.483,617.978
148,16,1622.19,1622.19,1544.94,1467.7,1235.96,1699.44,1081.46,695.225,695.225,772.472,1158.71
149,16,926.966,1313.2,1158.71,1081.46,1622.19,1622.19,1467.7,1158.71,1004.21,1467.7,1313.2
150,16,849.719,1390.45,1235.96,1699.44,1158.71,1235.96,1235.96,1313.2,1313.2,1390.45,695.225
151,16,849.719,1158.71,1313.2,2085.67,926.966,695.225,849.719,695.225,1158.71,926.966,463.483
152,16,1235.96,1467.7,1004.21,1390.45,1390.45,695.225,849.719,695.225,386.236,695.225,540.73
153,16,2008.43,2626.4,1467.7,1853.93,1544.94,1004.21,1235.96,1081.46,308.989,540.73,617.978
154,16,2162.92,3321.63,2549.16,2549.16,1467.7,1004.21,1158.71,926.966,617.978,540.73,540.73
155,16,1467.7,2394.66,2780.9,2626.4,2085.67,1235.96,1390.45,1390.45,695.225,772.472,1235.96
156,16,1622.19,1853.93,2240.17,2317.42,1622.19,2008.43,2240.17,2549.16,1004.21,695.225,1622.19
157,16,1622.19,1622.19,1544.94,1390.45,849.719,1699.44,1699.44,2008.43,1544.94,849.719,1390.45
158,16,1235.96,1390.45,1390.45,1390.45,926.966,617.978,695.225,772.472,1544.94,1235.96,1004.21
159,16,1313.2,1390.45,1313.2,1544.94,386.236,463.483,617.978,772.472,849.719,1081.46,772.472
160,16,1235.96,1158.71,1235.96,1004.21,231.742,386.236,463.483,617.978,926.966,463.483,772.472
161,16,849.719,617.978,849.719,617.978,386.236,231.742,231.742,231.742,1081.46,308.989,1004.21
162,16,463.483,463.483,386.236,231.742,308.989,231.742,231.742,154.494,463.483,386.236,772.472
163,16,308.989,463.483,540.73,540.73,308.989,154.494,231.742,231.742,231.742,308.989,308.989
164,16,386.236,695.225,463.483,849.719,154.494,231.742,308.989,308.989,231.742,231.742,308.989
165,16,308.989,617.978,617.978,463.483,308.989,231.742,231.742,231.742,308.989,231.742,386.236
166,16,308.989,386.236,617.978,540.73,463.483,154.494,154.494,154.494,231.742,154.494,308.989
167,16,231.742,463.483,386.236,463.483,231.742,231.742,231.742,308.989,154.494,154.494,154.494
137,17,386.236,231.742,154.494,154.494,154.494,154.494,154.494,77.2472,77.2472,154.494,77.2472
138,17,463.483,386.236,231.742,308.989,231.742,154.494,154.494,154.494,77.2472,77.2472,77.2472
139,17,386.236,540.73,308.989,308.989,231.742,77.2472,154.494,154.494,154.494,77.2472,154.494
140,17,386.236,540.73,231.742,231.742,154.494,77.2472,77.2472,77.2472,154.494,77.2472,77.2472
141,17,540.73,1235.96,695.225,849.719,154.494,154.494,154.494,154.494,154.494,154.494,77.2472
142,17,463.483,772.472,695.225,772.472,231.742,154.494,154.494,231.742,154.494,154.494,77.2472
143,17,540.73,1081.46,772.472,1390.45,308.989,231.742,154.494,231.742,154.494,77.2472,231.742
144,17,926.966,1544.94,1158.71,1081.46,849.719,695.225,540.73,695.225,463.483,231.742,463.483
145,17,617.978,1081.46,1004.21,617.978,926.966,849.719,772.472,926.966,849.719,463.483,463.483
146,17,386.236,1158.71,695.225,926.966,1622.19,1390.45,1235.96,926.966,772.472,617.978,463.483
147,17,1081.46,2394.66,1853.93,2471.91,1699.44,1081.46,1390.45,1235.96,695.225,926.966,463.483
148,17,2780.9,3089.89,2162.92,2549.16,1235.96,849.719,926.966,1004.21,540.73,695.225,540.73
149,17,1853.93,2858.15,2162.92,1853.93,1081.46,1081.46,1004.21,926.966,540.73,617.978,1081.46
150,17,1235.96,2240.17,2394.66,1853.93,772.472,1081.46,1004.21,1004.21,1081.46,926.966,1313.2
151,17,1081.46,1235.96,1467.7,1467.7,695.225,849.719,772.472,695.225,1235.96,1081.46,1081.46
152,17,1004.21,1004.21,772.472,926.966,1390.45,1158.71,1004.21,849.719,695.225,849.719,540.73
153,17,1467.7,1622.19,926.966,1158.71,1544.94,1622.19,1544.94,1313.2,772.472,695.225,308.989
154,17,2162.92,3012.64,1699.44,1931.18,1158.71,1467.7,1313.2,1158.71,1158.71,1004.21,463.483
155,17,1390.45,2626.4,2162.92,2703.65,1158.71,1390.45,1235.96,1158.71,926.966,1158.71,617.978
156,17,1235.96,2471.91,2240.17,2549.16,1081.46,1544.94,1313.2,1622.19,1622.19,1004.21,695.225
157,17,1235.96,1853.93,1931.18,1544.94,1081.46,926.966,849.719,1158.71,2703.65,1467.7,926.966
158,17,1004.21,1390.45,1776.69,1158.71,849.719,540.73,617.978,772.472,2085.67,1776.69,1158.71
159,17,926.966,1081.46,1390.45,926.966,308.989,540.73,617.978,695.225,849.719,1081.46,1004.21
160,17,849.719,849.719,1158.71,540.73,308.989,308.989,308.989,386.236,695.225,386.236,695.225
161,17,540.73,386.236,617.978,386.236,386.236,231.742,231.742,154.494,617.978,231.742,695.225
162,17,308.989,386.236,231.742,308.989,231.742,308.989,308.989,154.494,231.742,308.989,463.483
163,17,308.989,540.73,386.236,386.236,231.742,231.742,231.742,231.742,231.742,231.742,231.742
166,17,231.742,308.989,386.236,463.483,386.236,154.494,154.494,154.494,154.494,231.742,231.742
167,17,231.742,463.483,308.989,308.989,154.494,308.989,308.989,308.989,154.494,154.494,154.494
169,17,231.742,308.989,308.989,308.989,231.742,77.2472,77.2472,77.2472,154.494,154.494,154.494
136,18,308.989,231.742,154.494,154.494,77.2472,154.494,154.494,77.2472,77.2472,77.2472,77.2472
138,18,463.483,308.989,154.494,231.742,231.742,154.494,154.494,154.494,77.2472,77.2472,77.2472
139,18,463.483,695.225,386.236,463.483,231.742,154.494,154.494,154.494,154.494,77.2472,154.494
140,18,308.989,540.73,386.236,308.989,154.494,77.2472,77.2472,77.2472,154.494,77.2472,77.2472
141,18,463.483,1158.71,386.236,540.73,154.494,154.494,77.2472,154.494,77.2472,154.494,154.494
142,18,772.472,1390.45,926.966,1158.71,231.742,231.742,231.742,231.742,231.742,231.742,154.494
143,18,617.978,772.472,695.225,1158.71,308.989,154.494,231.742,308.989,231.742,77.2472,77.2472
144,18,695.225,1853.93,1081.46,1776.69,849.719,540.73,463.483,463.483,231.742,154.494,308.989
145,18,1004.21,2935.39,2471.91,2085.67,1004.21,695.225,772.472,772.472,695.225,308.989,695.225
146,18,617.978,1158.71,1699.44,1004.21,695.225,849.719,617.978,540.73,772.472,386.236,695.225
147,18,540.73,1158.71,695.225,1004.21,1158.71,1235.96,849.719,772.472,695.225,695.225,772.472
148,18,1390.45,2162.92,1467.7,1622.19,1544.94,1158.71,1081.46,1467.7,1081.46,849.719,540.73
149,18,1699.44,2780.9,2085.67,2085.67,1158.71,1081.46,1081.46,1313.2,1081.46,617.978,540.73
150,18,1467.7,2858.15,2935.39,2780.9,695.225,772.472,849.719,849.719,926.966,617.978,1004.21
151,18,1467.7,1776.69,2317.42,2162.92,617.978,463.483,540.73,617.978,849.719,617.978,1158.71
152,18,926.966,1390.45,1235.96,1158.71,772.472,695.225,540.73,540.73,695.225,463.483,772.472
153,18,926.966,1853.93,1467.7,1004.21,926.966,1004.21,695.225,617.978,849.719,540.73,617.978
154,18,1235.96,2317.42,1544.94,1235.96,1081.46,849.719,695.225,617.978,1158.71,926.966,926.966
155,18,1235.96,2626.4,2240.17,2085.67,1313.2,695.225,695.225,695.225,1004.21,1081.46,926.966
156,18,1158.71,2240.17,2703.65,2317.42,1235.96,617.978,695.225,772.472,1235.96,926.966,1004.21
157,18,1081.46,1467.7,1853.93,1699.44,1004.21,695.225,772.472,926.966,1622.19,1081.46,1853.93
158,18,695.225,1004.21,1467.7,1235.96,617.978,772.472,849.719,1081.46,1081.46,926.966,2240.17
159,18,540.73,617.978,1004.21,926.966,231.742,540.73,540.73,617.978,540.73,540.73,1313.2
160,18,386.236,463.483,617.978,540.73,154.494,231.742,231.742,154.494,617.978,308.989,540.73
161,18,386.236,386.236,386.236,386.236,231.742,231.742,154.494,154.494,308.989,308.989,386.236
162,18,308.989,617.978,308.989,308.989,154.494,308.989,231.742,154.494,154.494,231.742,308.989
163,18,308.989,617.978,540.73,386.236,154.494,154.494,154.494,231.742,231.742,154.494,154.494
166,18,231.742,308.989,308.989,386.236,231.742,231.742,231.742,231.742,154.494,154.494,154.494
137,19,308.989,231.742,154.494,154.494,231.742,154.494,154.494,231.742,154.494,154.494,154.494
139,19,463.483,540.73,231.742,308.989,231.742,154.494,77.2472,154.494,154.494,77.2472,154.494
140,19,617.978,1004.21,540.73,540.73,77.2472,77.2472,77.2472,77.2472,154.494,77.2472,77.2472
141,19,540.73,772.472,463.483,463.483,154.494,77.2472,77.2472,77.2472,77.2472,77.2472,77.2472
142,19,617.978,1313.2,695.225,1004.21,231.742,231.742,154.494,231.742,154.494,154.494,154.494
143,19,849.719,1467.7,1158.71,1235.96,231.742,154.494,231.742,308.989,308.989,154.494,154.494
144,19,617.978,1004.21,849.719,1158.71,540.73,463.483,308.989,386.236,308.989,77.2472,154.494
145,19,772.472,2240.17,1622.19,2935.39,1313.2,1004.21,926.966,926.966,540.73,231.742,463.483
146,19,1081.46,2085.67,2858.15,3089.89,1158.71,540.73,1004.21,1235.96,772.472,386.236,463.483
147,19,1081.46,1158.71,1390.45,1313.2,540.73,386.236,463.483,617.978,463.483,231.742,617.978
148,19,1158.71,1158.71,772.472,1004.21,617.978,617.978,463.483,540.73,617.978,386.236,926.966
149,19,1467.7,1390.45,1004.21,1158.71,849.719,772.472,617.978,772.472,1081.46,540.73,849.719
150,19,1235.96,2085.67,1776.69,1776.69,772.472,617.978,540.73,617.978,1004.21,463.483,772.472
151,19,1158.71,2008.43,2008.43,1853.93,849.719,463.483,540.73,617.978,540.73,386.236,695.225
152,19,1004.21,1235.96,1313.2,1235.96,849.719,463.483,540.73,695.225,463.483,231.742,540.73
153,19,926.966,1544.94,1544.94,1390.45,772.472,540.73,540.73,540.73,463.483,154.494,617.978
154,19,1004.21,1776.69,1699.44,1235.96,1004.21,695.225,772.472,695.225,463.483,308.989,849.719
155,19,1158.71,1853.93,2162.92,1622.19,926.966,926.966,1004.21,926.966,463.483,308.989,1004.21
156,19,1313.2,2085.67,2008.43,2240.17,695.225,772.472,849.719,1081.46,617.978,386.236,1081.46
157,19,1004.21,2008.43,1544.94,1467.7,540.73,772.472,772.472,1158.71,695.225,386.236,1622.19
159,19,386.236,386.236,463.483,617.978,231.742,386.236,308.989,386.236,772.472,386.236,695.225
160,19,308.989,386.236,386.236,308.989,231.742,154.494,154.494,154.494,540.73,386.236,308.989
161,19,308.989,386.236,308.989,308.989,231.742,231.742,154.494,154.494,231.742,386.236,308.989
162,19,308.989,463.483,308.989,386.236,154.494,154.494,154.494,154.494,154.494,231.742,154.494
163,19,386.236,463.483,463.483,386.236,154.494,77.2472,77.2472,154.494,154.494,154.494,154.494
164,19,308.989,308.989,308.989,386.236,154.494,77.2472,77.2472,77.2472,154.494,231.742,231.742
137,20,308.989,231.742,154.494,154.494,231.742,231.742,154.494,231.742,154.494,154.494,154.494
138,20,386.236,386.236,231.742,154.494,154.494,77.2472,154.494,154.494,154.494,154.494,77.2472
139,20,308.989,386.236,231.742,154.494,154.494,77.2472,77.2472,77.2472,77.2472,77.2472,77.2472
140,20,540.73,772.472,308.989,386.236,154.494,77.2472,77.2472,77.2472,154.494,77.2472,77.2472
141,20,926.966,1313.2,617.978,695.225,77.2472,77.2472,77.2472,77.2472,77.2472,77.2472,77.2472
142,20,772.472,849.719,617.978,617.978,308.989,154.494,154.494,154.494,77.2472,77.2472,154.494
143,20,617.978,1390.45,849.719,1313.2,386.236,154.494,231.742,308.989,308.989,154.494,231.742
144,20,772.472,1622.19,1544.94,1313.2,154.494,154.494,154.494,231.742,308.989,77.2472,154.494
145,20,695.225,1313.2,1004.21,1158.71,540.73,772.472,463.483,386.236,308.989,154.494,386.236
146,20,926.966,1699.44,1390.45,2317.42,1004.21,1004.21,926.966,1158.71,849.719,386.236,540.73
147,20,1004.21,1544.94,1699.44,1853.93,849.719,540.73,772.472,1467.7,1081.46,386.236,308.989
148,20,1158.71,1776.69,1313.2,1004.21,463.483,308.989,386.236,695.225,617.978,231.742,463.483
149,20,1467.7,1776.69,1313.2,772.472,386.236,386.236,308.989,463.483,463.483,308.989,772.472
150,20,1313.2,1544.94,1235.96,1081.46,386.236,386.236,308.989,463.483,617.978,308.989,617.978
151,20,1004.21,1699.44,1776.69,1390.45,386.236,463.483,386.236,463.483,540.73,308.989,463.483
152,20,849.719,1081.46,1699.44,1004.21,617.978,463.483,463.483,540.73,463.483,308.989,308.989
153,20,849.719,1235.96,926.966,926.966,463.483,463.483,463.483,617.978,540.73,308.989,308.989
154,20,1081.46,2162.92,1081.46,926.966,463.483,617.978,540.73,540.73,540.73,308.989,308.989
155,20,1081.46,1699.44,1776.69,1158.71,463.483,695.225,540.73,540.73,540.73,386.236,386.236
156,20,926.966,1467.7,1467.7,1235.96,463.483,463.483,463.483,540.73,772.472,540.73,463.483
157,20,695.225,1081.46,1699.44,1158.71,540.73,386.236,386.236,463.483,926.966,463.483,540.73
158,20,617.978,540.73,1235.96,1004.21,695.225,386.236,308.989,386.236,1004.21,463.483,463.483
159,20,386.236,386.236,386.236,386.236,386.236,308.989,308.989,231.742,772.472,540.73,463.483
161,20,386.236,308.989,386.236,386.236,308.989,231.742,231.742,231.742,154.494,308.989,386.236
162,20,386.236,463.483,308.989,308.989,154.494,154.494,154.494,154.494,77.2472,154.494,154.494
163,20,308.989,463.483,308.989,231.742,154.494,154.494,77.2472,154.494,154.494,154.494,154.494
167,20,308.989,231.742,308.989,308.989,231.742,77.2472,77.2472,77.2472,154.494,154.494,154.494
138,21,386.236,308.989,231.742,231.742,231.742,154.494,154.494,231.742,231.742,154.494,77.2472
139,21,617.978,540.73,308.989,231.742,77.2472,77.2472,77.2472,77.2472,154.494,77.2472,77.2472
140,21,463.483,540.73,308.989,154.494,154.494,77.2472,77.2472,77.2472,77.2472,77.2472,77.2472
141,21,540.73,772.472,386.236,540.73,154.494,77.2472,77.2472,77.2472,154.494,77.2472,77.2472
142,21,849.719,1004.21,695.225,695.225,231.742,154.494,77.2472,77.2472,154.494,77.2472,77.2472
143,21,772.472,849.719,463.483,617.978,386.236,231.742,231.742,231.742,231.742,154.494,231.742
144,21,926.966,1390.45,926.966,1467.7,386.236,308.989,308.989,386.236,308.989,154.494,154.494
145,21,772.472,1313.2,1313.2,1235.96,231.742,308.989,231.742,308.989,231.742,154.494,231.742
146,21,617.978,1004.21,1158.71,1004.21,231.742,463.483,308.989,308.989,308.989,154.494,540.73
147,21,695.225,849.719,849.719,1235.96,308.989,463.483,386.236,617.978,926.966,308.989,695.225
148,21,926.966,926.966,926.966,1081.46,308.989,308.989,308.989,540.73,1081.46,308.989,386.236
149,21,849.719,1004.21,1313.2,1081.46,308.989,231.742,231.742,308.989,617.978,231.742,463.483
150,21,772.472,1081.46,1235.96,1004.21,231.742,154.494,154.494,231.742,463.483,231.742,463.483
151,21,695.225,1158.71,1081.46,1235.96,154.494,154.494,154.494,231.742,463.483,231.742,386.236
152,21,617.978,849.719,1235.96,1235.96,231.742,231.742,154.494,231.742,463.483,231.742,463.483
153,21,540.73,849.719,926.966,617.978,308.989,231.742,231.742,308.989,463.483,308.989,386.236
154,21,695.225,1081.46,1004.21,617.978,386.236,308.989,231.742,308.989,540.73,308.989,386.236
155,21,1004.21,1158.71,1313.2,926.966,463.483,386.236,308.989,308.989,540.73,308.989,386.236
156,21,849.719,1004.21,849.719,772.472,463.483,386.236,386.236,386.236,540.73,463.483,540.73
157,21,463.483,617.978,772.472,926.966,540.73,308.989,386.236,386.236,540.73,540.73,617.978
158,21,308.989,386.236,540.73,1004.21,617.978,463.483,463.483,386.236,463.483,540.73,695.225
159,21,308.989,463.483,308.989,386.236,308.989,463.483,463.483,386.236,386.236,463.483,695.225
162,21,308.989,463.483,308.989,231.742,77.2472,154.494,154.494,154.494,154.494,154.494,154.494
136,22,231.742,231.742,154.494,154.494,154.494,231.742,231.742,154.494,154.494,154.494,77.2472
137,22,308.989,231.742,154.494,154.494,154.494,154.494,154.494,154.494,154.494,77.2472,154.494
139,22,308.989,308.989,231.742,231.742,154.494,77.2472,77.2472,77.2472,154.494,77.2472,77.2472
140,22,617.978,695.225,386.236,308.989,154.494,77.2472,77.2472,77.2472,77.2472,77.2472,77.2472
141,22,695.225,540.73,308.989,231.742,231.742,77.2472,77.2472,77.2472,77.2472,77.2472,77.2472
142,22,463.483,540.73,386.236,540.73,231.742,154.494,154.494,77.2472,77.2472,77.2472,77.2472
143,22,540.73,617.978,463.483,386.236,231.742,231.742,154.494,154.494,77.2472,154.494,154.494
144,22,772.472,926.966,540.73,463.483,308.989,386.236,386.236,308.989,308.989,231.742,308.989
145,22,926.966,1313.2,926.966,1004.21,308.989,308.989,386.236,540.73,463.483,231.742,154.494
146,22,695.225,849.719,926.966,926.966,154.494,231.742,231.742,463.483,308.989,154.494,154.494
147,22,617.978,772.472,695.225,540.73,154.494,154.494,154.494,231.742,231.742,77.2472,463.483
148,22,695.225,695.225,540.73,463.483,154.494,154.494,154.494,154.494,386.236,154.494,540.73
149,22,695.225,540.73,463.483,617.978,231.742,154.494,154.494,231.742,386.236,77.2472,386.236
150,22,695.225,617.978,540.73,540.73,386.236,154.494,231.742,231.742,308.989,154.494,308.989
151,22,617.978,617.978,695.225,463.483,308.989,77.2472,154.494,154.494,231.742,77.2472,308.989
152,22,540.73,463.483,540.73,617.978,154.494,77.2472,77.2472,154.494,154.494,77.2472,308.989
153,22,463.483,463.483,463.483,463.483,154.494,154.494,154.494,154.494,231.742,77.2472,308.989
154,22,540.73,617.978,463.483,386.236,308.989,308.989,231.742,308.989,231.742,154.494,386.236
155,22,617.978,849.719,540.73,463.483,386.236,386.236,386.236,308.989,231.742,154.494,463.483
156,22,617.978,926.966,772.472,540.73,386.236,386.236,463.483,386.236,231.742,231.742,540.73
157,22,386.236,772.472,772.472,617.978,386.236,463.483,463.483,463.483,231.742,308.989,540.73
158,22,231.742,386.236,540.73,540.73,386.236,540.73,463.483,386.236,308.989,308.989,540.73
159,22,231.742,386.236,386.236,308.989,463.483,386.236,308.989,231.742,308.989,231.742,463.483
160,22,308.989,386.236,463.483,386.236,308.989,231.742,231.742,154.494,231.742,231.742,386.236
162,22,308.989,308.989,231.742,154.494,154.494,154.494,77.2472,77.2472,231.742,154.494,154.494
163,22,308.989,386.236,308.989,231.742,231.742,77.2472,77.2472,77.2472,154.494,154.494,154.494
164,22,308.989,463.483,308.989,308.989,154.494,77.2472,77.2472,77.2472,154.494,154.494,154.494
165,22,231.742,463.483,308.989,231.742,154.494,154.494,154.494,77.2472,77.2472,154.494,154.494
138,23,308.989,308.989,154.494,154.494,154.494,154.494,77.2472,154.494,154.494,77.2472,154.494
139,23,308.989,308.989,231.742,231.742,154.494,77.2472,154.494,154.494,154.494,77.2472,77.2472
140,23,308.989,308.989,231.742,231.742,154.494,154.494,154.494,77.2472,77.2472,77.2472,77.2472
141,23,386.236,308.989,308.989,231.742,231.742,154.494,154.494,77.2472,77.2472,154.494,77.2472
142,23,540.73,386.236,154.494,154.494,231.742,154.494,154.494,154.494,154.494,154.494,77.2472
143,23,617.978,540.73,308.989,308.989,154.494,154.494,154.494,77.2472,154.494,154.494,154.494
144,23,540.73,540.73,386.236,308.989,231.742,308.989,154.494,154.494,154.494,154.494,308.989
145,23,463.483,617.978,463.483,386.236,231.742,308.989,308.989,308.989,386.236,308.989,386.236
146,23,463.483,540.73,540.73,463.483,154.494,231.742,308.989,386.236,540.73,231.742,231.742
147,23,386.236,540.73,463.483,540.73,154.494,154.494,154.494,308.989,463.483,154.494,154.494
148,23,386.236,540.73,617.978,540.73,154.494,77.2472,77.2472,154.494,231.742,77.2472,154.494
150,23,386.236,463.483,386.236,308.989,231.742,231.742,231.742,154.494,154.494,154.494,154.494
151,23,386.236,463.483,463.483,386.236,231.742,154.494,231.742,231.742,154.494,77.2472,77.2472
153,23,386.236,386.236,308.989,154.494,154.494,154.494,154.494,77.2472,154.494,77.2472,154.494
155,23,386.236,463.483,463.483,231.742,231.742,386.236,308.989,154.494,231.742,154.494,154.494
156,23,463.483,849.719,617.978,463.483,308.989,386.236,308.989,231.742,308.989,231.742,231.742
157,23,386.236,926.966,849.719,695.225,386.236,308.989,308.989,231.742,386.236,308.989,231.742
158,23,231.742,463.483,695.225,617.978,463.483,231.742,231.742,231.742,386.236,308.989,308.989
159,23,231.742,308.989,386.236,386.236,540.73,231.742,231.742,154.494,308.989,308.989,231.742
160,23,231.742,308.989,308.989,308.989,386.236,308.989,308.989,308.989,231.742,308.989,154.494
163,23,308.989,386.236,308.989,231.742,231.742,77.2472,77.2472,77.2472,154.494,154.494,231.742
167,23,231.742,386.236,231.742,231.742,154.494,77.2472,77.2472,77.2472,154.494,77.2472,77.2472
139,24,231.742,308.989,231.742,231.742,154.494,77.2472,154.494,77.2472,154.494,77.2472,77.2472
140,24,308.989,231.742,154.494,231.742,154.494,154.494,77.2472,77.2472,77.2472,77.2472,77.2472
141,24,308.989,231.742,231.742,154.494,154.494,231.742,154.494,77.2472,77.2472,154.494,154.494
142,24,308.989,231.742,154.494,154.494,231.742,231.742,231.742,231.742,154.494,231.742,154.494
143,24,386.236,308.989,154.494,154.494,231.742,154.494,154.494,154.494,154.494,154.494,154.494
144,24,617.978,540.73,308.989,154.494,154.494,154.494,77.2472,154.494,154.494,154.494,154.494
145,24,463.483,386.236,308.989,231.742,154.494,231.742,154.494,154.494,231.742,231.742,308.989
146,24,308.989,308.989,231.742,231.742,154.494,231.742,231.742,154.494,308.989,308.989,308.989
147,24,308.989,386.236,231.742,308.989,154.494,154.494,154.494,231.742,386.236,231.742,231.742
148,24,308.989,308.989,308.989,463.483,154.494,154.494,154.494,154.494,308.989,154.494,154.494
149,24,308.989,308.989,308.989,463.483,154.494,154.494,77.2472,77.2472,154.494,154.494,77.2472
150,24,308.989,308.989,308.989,308.989,154.494,231.742,154.494,77.2472,154.494,154.494,77.2472
151,24,308.989,231.742,231.742,308.989,154.494,231.742,154.494,154.494,231.742,154.494,154.494
152,24,231.742,308.989,231.742,308.989,154.494,154.494,154.494,154.494,231.742,154.494,77.2472
153,24,308.989,308.989,231.742,231.742,154.494,77.2472,77.2472,77.2472,154.494,154.494,77.2472
155,24,308.989,463.483,386.236,386.236,231.742,231.742,154.494,77.2472,154.494,154.494,154.494
156,24,308.989,617.978,617.978,463.483,231.742,231.742,154.494,154.494,154.494,308.989,231.742
157,24,386.236,926.966,772.472,772.472,308.989,231.742,231.742,154.494,154.494,308.989,231.742
158,24,308.989,695.225,695.225,695.225,308.989,308.989,308.989,308.989,231.742,308.989,231.742
142,25,308.989,231.742,154.494,154.494,154.494,231.742,154.494,154.494,154.494,154.494,231.742
143,25,308.989,308.989,231.742,154.494,231.742,231.742,231.742,231.742,231.742,231.742,154.494
144,25,308.989,231.742,231.742,154.494,231.742,154.494,231.742,154.494,231.742,231.742,154.494
149,25,231.742,308.989,308.989,308.989,154.494,154.494,154.494,77.2472,154.494,77.2472,154.494
153,25,231.742,308.989,231.742,231.742,154.494,154.494,154.494,77.2472,154.494,154.494,77.2472
154,25,231.742,308.989,231.742,308.989,154.494,154.494,154.494,154.494,154.494,77.2472,154.494
155,25,308.989,463.483,308.989,386.236,154.494,154.494,154.494,154.494,77.2472,77.2472,154.494
156,25,463.483,695.225,386.236,463.483,231.742,231.742,154.494,154.494,77.2472,154.494,154.494
157,25,386.236,695.225,695.225,617.978,231.742,231.742,154.494,231.742,154.494,154.494,231.742
158,25,308.989,540.73,849.719,695.225,308.989,231.742,231.742,154.494,154.494,154.494,231.742
144,26,308.989,308.989,154.494,154.494,231.742,231.742,154.494,231.742,308.989,308.989,231.742
149,26,231.742,386.236,308.989,308.989,154.494,154.494,77.2472,77.2472,77.2472,77.2472,77.2472
155,26,231.742,386.236,386.236,308.989,154.494,154.494,154.494,77.2472,154.494,154.494,77.2472
156,26,308.989,617.978,540.73,463.483,231.742,154.494,77.2472,154.494,154.494,154.494,77.2472
157,26,308.989,540.73,617.978,617.978,308.989,154.494,154.494,154.494,231.742,154.494,154.494
158,26,231.742,386.236,540.73,772.472,308.989,154.494,154.494,154.494,231.742,154.494,154.494
159,26,154.494,308.989,386.236,617.978,308.989,231.742,231.742,231.742,154.494,154.494,154.494
142,27,231.742,386.236,231.742,231.742,154.494,154.494,154.494,154.494,154.494,154.494,77.2472
150,27,154.494,308.989,308.989,386.236,154.494,154.494,154.494,77.2472,77.2472,154.494,77.2472
156,27,308.989,463.483,308.989,386.236,231.742,154.494,154.494,154.494,154.494,154.494,154.494
157,27,231.742,540.73,386.236,463.483,231.742,231.742,154.494,154.494,154.494,154.494,154.494
158,27,231.742,308.989,386.236,463.483,231.742,231.742,231.742,231.742,154.494,154.494,154.494
149,28,231.742,386.236,231.742,231.742,154.494,154.494,154.494,77.2472,154.494,77.2472,77.2472
150,28,231.742,386.236,231.742,231.742,154.494,154.494,154.494,154.494,77.2472,154.494,154.494
157,28,231.742,463.483,308.989,308.989,308.989,154.494,154.494,154.494,154.494,77.2472,154.494
158,28,154.494,463.483,386.236,386.236,386.236,231.742,154.494,154.494,154.494,77.2472,154.494
159,28,154.494,308.989,308.989,386.236,308.989,231.742,231.742,231.742,231.742,77.2472,77.2472
