28,146,154.494,308.989,154.494,231.742,154.494,154.494,154.494,77.2472,154.494,231.742,154.494
28,147,154.494,308.989,154.494,231.742,154.494,154.494,154.494,77.2472,154.494,231.742,154.494
28,148,231.742,308.989,154.494,154.494,154.494,154.494,154.494,77.2472,154.494,154.494,154.494
28,152,231.742,308.989,231.742,231.742,154.494,154.494,154.494,77.2472,154.494,231.742,231.742
28,153,231.742,463.483,231.742,231.742,154.494,154.494,154.494,154.494,154.494,154.494,154.494
28,154,231.742,463.483,231.742,231.742,154.494,154.494,154.494,154.494,154.494,231.742,154.494
28,155,231.742,386.236,154.494,231.742,154.494,154.494,154.494,77.2472,154.494,231.742,154.494
29,145,231.742,308.989,231.742,231.742,231.742,231.742,231.742,154.494,154.494,231.742,154.494
29,146,231.742,386.236,308.989,231.742,308.989,308.989,231.742,154.494,231.742,231.742,231.742
29,147,231.742,386.236,231.742,231.742,308.989,308.989,231.742,154.494,231.742,231.742,231.742
29,148,231.742,463.483,231.742,231.742,231.742,231.742,154.494,154.494,231.742,154.494,154.494
29,152,308.989,308.989,308.989,231.742,154.494,77.2472,154.494,77.2472,231.742,154.494,154.494
29,153,308.989,463.483,386.236,308.989,231.742,154.494,154.494,154.494,231.742,154.494,154.494
29,154,308.989,617.978,463.483,386.236,154.494,154.494,154.494,77.2472,154.494,231.742,154.494
29,155,308.989,463.483,308.989,308.989,154.494,154.494,154.494,154.494,231.742,231.742,231.742
29,156,231.742,386.236,231.742,231.742,154.494,154.494,154.494,154.494,154.494,308.989,231.742
29,157,386.236,463.483,231.742,231.742,154.494,154.494,154.494,154.494,154.494,231.742,231.742
29,158,308.989,386.236,231.742,231.742,154.494,154.494,154.494,154.494,154.494,231.742,231.742
30,141,154.494,231.742,154.494,308.989,154.494,77.2472,154.494,77.2472,77.2472,154.494,77.2472
30,144,231.742,308.989,231.742,308.989,231.742,308.989,231.742,154.494,154.494,231.742,154.494
30,145,308.989,463.483,308.989,308.989,386.236,386.236,308.989,231.742,231.742,231.742,154.494
30,146,308.989,540.73,308.989,308.989,386.236,386.236,231.742,231.742,231.742,231.742,154.494
30,147,308.989,540.73,386.236,386.236,308.989,231.742,231.742,154.494,231.742,154.494,231.742
30,151,308.989,308.989,308.989,308.989,77.2472,77.2472,77.2472,77.2472,154.494,154.494,154.494
30,153,308.989,308.989,463.483,386.236,231.742,154.494,154.494,154.494,154.494,77.2472,154.494
30,154,386.236,463.483,540.73,540.73,308.989,154.494,154.494,154.494,231.742,154.494,154.494
30,155,386.236,386.236,463.483,463.483,154.494,154.494,154.494,154.494,154.494,231.742,154.494
30,158,463.483,386.236,308.989,231.742,231.742,231.742,231.742,154.494,231.742,308.989,308.989
30,159,231.742,386.236,231.742,231.742,231.742,231.742,231.742,154.494,231.742,386.236,308.989
30,160,308.989,463.483,308.989,231.742,231.742,154.494,231.742,231.742,231.742,308.989,231.742
30,161,308.989,386.236,308.989,308.989,231.742,231.742,231.742,154.494,154.494,231.742,231.742
31,139,154.494,231.742,154.494,308.989,154.494,154.494,154.494,77.2472,77.2472,154.494,154.494
31,141,154.494,231.742,231.742,386.236,231.742,154.494,154.494,154.494,154.494,154.494,154.494
31,143,154.494,308.989,231.742,308.989,231.742,308.989,231.742,231.742,154.494,231.742,154.494
31,144,231.742,386.236,308.989,386.236,308.989,386.236,308.989,231.742,231.742,154.494,154.494
31,145,386.236,617.978,463.483,463.483,308.989,308.989,308.989,308.989,231.742,154.494,231.742
31,146,386.236,617.978,540.73,463.483,308.989,308.989,231.742,231.742,231.742,154.494,231.742
31,147,386.236,540.73,463.483,463.483,231.742,231.742,154.494,154.494,231.742,154.494,231.742
31,150,308.989,308.989,308.989,308.989,77.2472,77.2472,77.2472,77.2472,154.494,154.494,154.494
31,153,231.742,386.236,308.989,308.989,231.742,154.494,231.742,231.742,308.989,154.494,154.494
31,154,308.989,617.978,463.483,386.236,308.989,154.494,231.742,231.742,231.742,154.494,231.742
31,155,386.236,695.225,231.742,308.989,231.742,154.494,231.742,231.742,308.989,154.494,231.742
31,156,308.989,308.989,154.494,231.742,231.742,154.494,231.742,231.742,308.989,231.742,308.989
31,158,386.236,386.236,308.989,308.989,231.742,231.742,308.989,231.742,308.989,308.989,308.989
31,159,463.483,308.989,231.742,231.742,154.494,231.742,308.989,231.742,308.989,386.236,308.989
31,161,308.989,540.73,308.989,231.742,231.742,231.742,308.989,231.742,231.742,308.989,308.989
31,162,386.236,463.483,308.989,308.989,231.742,231.742,231.742,154.494,231.742,231.742,231.742
31,163,231.742,386.236,308.989,308.989,231.742,154.494,231.742,154.494,154.494,231.742,154.494
31,164,231.742,308.989,308.989,308.989,154.494,154.494,154.494,77.2472,154.494,231.742,154.494
31,165,231.742,386.236,231.742,231.742,154.494,154.494,154.494,77.2472,77.2472,154.494,154.494
32,140,231.742,308.989,231.742,308.989,231.742,231.742,231.742,154.494,154.494,154.494,154.494
32,141,154.494,308.989,231.742,386.236,231.742,231.742,231.742,154.494,154.494,154.494,154.494
32,145,308.989,617.978,695.225,695.225,231.742,308.989,231.742,308.989,308.989,154.494,231.742
32,146,463.483,695.225,695.225,695.225,231.742,231.742,154.494,231.742,308.989,154.494,231.742
32,147,386.236,463.483,463.483,540.73,154.494,154.494,77.2472,154.494,231.742,154.494,154.494
32,149,308.989,463.483,308.989,308.989,231.742,154.494,77.2472,77.2472,77.2472,154.494,154.494
32,150,308.989,308.989,308.989,231.742,231.742,154.494,77.2472,77.2472,154.494,154.494,154.494
32,151,231.742,231.742,231.742,231.742,154.494,154.494,154.494,77.2472,154.494,231.742,154.494
32,155,308.989,617.978,540.73,463.483,154.494,77.2472,231.742,308.989,308.989,231.742,231.742
32,158,231.742,540.73,308.989,386.236,308.989,231.742,386.236,308.989,386.236,308.989,386.236
32,159,386.236,463.483,231.742,308.989,231.742,231.742,308.989,308.989,386.236,308.989,386.236
32,160,463.483,386.236,308.989,308.989,231.742,231.742,231.742,231.742,386.236,231.742,308.989
32,161,463.483,308.989,386.236,308.989,154.494,231.742,308.989,231.742,308.989,231.742,308.989
32,162,308.989,386.236,386.236,308.989,231.742,231.742,308.989,231.742,308.989,231.742,231.742
32,163,463.483,540.73,386.236,308.989,231.742,231.742,308.989,231.742,231.742,231.742,231.742
32,164,463.483,540.73,308.989,231.742,308.989,231.742,231.742,154.494,231.742,231.742,231.742
32,165,308.989,308.989,308.989,231.742,231.742,231.742,231.742,154.494,231.742,231.742,231.742
32,166,308.989,463.483,308.989,308.989,154.494,231.742,154.494,77.2472,154.494,154.494,154.494
32,167,308.989,386.236,154.494,231.742,154.494,154.494,154.494,77.2472,154.494,154.494,154.494
33,139,154.494,231.742,231.742,308.989,231.742,231.742,308.989,231.742,231.742,308.989,154.494
33,140,231.742,308.989,231.742,386.236,308.989,308.989,308.989,231.742,154.494,231.742,154.494
33,141,154.494,308.989,231.742,386.236,386.236,231.742,231.742,154.494,154.494,154.494,154.494
33,142,154.494,308.989,231.742,308.989,231.742,231.742,154.494,154.494,231.742,231.742,154.494
33,145,386.236,617.978,617.978,617.978,154.494,231.742,154.494,308.989,308.989,77.2472,154.494
33,146,386.236,617.978,695.225,617.978,77.2472,154.494,154.494,154.494,231.742,154.494,154.494
33,148,308.989,540.73,308.989,308.989,231.742,154.494,154.494,77.2472,154.494,154.494,154.494
33,149,386.236,1004.21,308.989,308.989,308.989,231.742,154.494,77.2472,154.494,154.494,154.494
33,150,386.236,849.719,231.742,231.742,386.236,154.494,154.494,77.2472,154.494,154.494,154.494
33,151,231.742,463.483,231.742,231.742,231.742,154.494,154.494,77.2472,154.494,154.494,154.494
33,152,308.989,386.236,308.989,308.989,154.494,154.494,77.2472,154.494,154.494,154.494,154.494
33,153,463.483,463.483,308.989,308.989,154.494,154.494,77.2472,231.742,154.494,154.494,77.2472
33,154,463.483,386.236,463.483,540.73,154.494,77.2472,77.2472,154.494,154.494,154.494,154.494
33,155,231.742,308.989,540.73,695.225,154.494,77.2472,77.2472,154.494,231.742,231.742,154.494
33,159,386.236,386.236,308.989,386.236,154.494,154.494,308.989,386.236,463.483,231.742,386.236
33,160,308.989,540.73,231.742,308.989,231.742,154.494,308.989,308.989,463.483,231.742,308.989
33,161,540.73,463.483,308.989,308.989,154.494,154.494,231.742,308.989,308.989,231.742,308.989
33,162,617.978,386.236,231.742,308.989,231.742,154.494,231.742,231.742,308.989,154.494,231.742
33,163,386.236,308.989,386.236,308.989,231.742,231.742,231.742,231.742,231.742,154.494,231.742
33,164,540.73,540.73,386.236,308.989,308.989,231.742,308.989,231.742,308.989,154.494,231.742
33,165,772.472,617.978,231.742,154.494,308.989,308.989,308.989,308.989,308.989,231.742,231.742
33,166,308.989,308.989,231.742,231.742,308.989,231.742,308.989,231.742,231.742,154.494,231.742
33,167,386.236,386.236,308.989,231.742,231.742,231.742,231.742,154.494,231.742,154.494,154.494
33,168,231.742,386.236,231.742,231.742,154.494,231.742,154.494,154.494,154.494,154.494,154.494
34,139,154.494,231.742,154.494,308.989,231.742,231.742,308.989,308.989,308.989,308.989,231.742
34,140,231.742,308.989,308.989,308.989,386.236,308.989,308.989,308.989,308.989,308.989,231.742
34,141,231.742,463.483,308.989,386.236,308.989,308.989,231.742,231.742,308.989,308.989,231.742
34,142,231.742,386.236,308.989,386.236,231.742,231.742,154.494,231.742,308.989,231.742,231.742
34,146,308.989,308.989,463.483,463.483,77.2472,154.494,77.2472,77.2472,154.494,154.494,154.494
34,148,308.989,386.236,386.236,231.742,231.742,154.494,154.494,154.494,154.494,154.494,154.494
34,149,463.483,617.978,617.978,463.483,308.989,231.742,231.742,154.494,154.494,154.494,154.494
34,150,463.483,1004.21,617.978,463.483,463.483,231.742,231.742,154.494,154.494,154.494,154.494
34,151,386.236,772.472,386.236,386.236,308.989,231.742,154.494,154.494,154.494,231.742,154.494
34,152,308.989,386.236,308.989,231.742,154.494,154.494,154.494,154.494,231.742,308.989,231.742
34,154,308.989,386.236,231.742,231.742,154.494,231.742,77.2472,154.494,154.494,231.742,231.742
34,157,308.989,463.483,231.742,231.742,154.494,77.2472,154.494,308.989,308.989,154.494,154.494
34,158,617.978,772.472,386.236,463.483,154.494,77.2472,154.494,231.742,308.989,154.494,154.494
34,159,617.978,463.483,463.483,463.483,154.494,77.2472,231.742,308.989,386.236,154.494,154.494
34,160,463.483,386.236,463.483,386.236,154.494,154.494,154.494,308.989,386.236,154.494,231.742
34,162,463.483,540.73,231.742,231.742,154.494,77.2472,231.742,308.989,308.989,154.494,231.742
34,163,926.966,617.978,308.989,386.236,231.742,154.494,231.742,308.989,308.989,154.494,231.742
34,164,695.225,463.483,463.483,386.236,386.236,231.742,231.742,231.742,231.742,154.494,154.494
34,165,617.978,772.472,386.236,308.989,308.989,154.494,308.989,231.742,231.742,154.494,154.494
34,166,695.225,540.73,154.494,154.494,231.742,231.742,308.989,308.989,308.989,231.742,231.742
34,167,308.989,308.989,231.742,231.742,308.989,308.989,308.989,231.742,308.989,154.494,231.742
34,168,463.483,386.236,308.989,308.989,231.742,231.742,231.742,154.494,231.742,154.494,154.494
35,140,231.742,386.236,308.989,386.236,308.989,308.989,386.236,386.236,386.236,386.236,386.236
35,141,308.989,463.483,386.236,540.73,231.742,231.742,308.989,308.989,386.236,308.989,308.989
35,142,386.236,617.978,386.236,463.483,154.494,231.742,231.742,308.989,386.236,231.742,308.989
35,143,308.989,540.73,308.989,308.989,154.494,231.742,231.742,231.742,308.989,154.494,231.742
35,145,308.989,231.742,154.494,231.742,154.494,231.742,154.494,154.494,231.742,154.494,231.742
35,146,308.989,308.989,231.742,231.742,154.494,154.494,77.2472,154.494,154.494,154.494,154.494
35,148,386.236,386.236,308.989,308.989,154.494,231.742,231.742,231.742,154.494,154.494,154.494
35,149,695.225,772.472,617.978,463.483,308.989,308.989,308.989,308.989,231.742,154.494,154.494
35,150,849.719,1158.71,926.966,772.472,386.236,308.989,308.989,308.989,231.742,154.494,154.494
35,151,617.978,1004.21,695.225,695.225,386.236,231.742,231.742,231.742,231.742,308.989,231.742
35,152,540.73,540.73,386.236,386.236,308.989,231.742,308.989,231.742,308.989,463.483,308.989
35,153,463.483,308.989,386.236,308.989,231.742,231.742,386.236,231.742,308.989,463.483,386.236
35,154,308.989,308.989,308.989,308.989,308.989,386.236,386.236,154.494,308.989,308.989,386.236
35,156,308.989,308.989,231.742,231.742,154.494,154.494,154.494,154.494,231.742,154.494,231.742
35,157,540.73,463.483,386.236,308.989,77.2472,154.494,154.494,231.742,231.742,154.494,154.494
35,158,463.483,695.225,540.73,231.742,77.2472,154.494,154.494,231.742,231.742,231.742,154.494
35,159,463.483,772.472,231.742,231.742,77.2472,77.2472,77.2472,154.494,154.494,231.742,154.494
35,160,540.73,772.472,386.236,386.236,77.2472,77.2472,77.2472,154.494,154.494,231.742,154.494
35,161,772.472,617.978,540.73,463.483,77.2472,77.2472,77.2472,154.494,231.742,231.742,154.494
35,162,849.719,849.719,540.73,463.483,154.494,77.2472,77.2472,154.494,231.742,154.494,154.494
35,163,926.966,1390.45,386.236,386.236,154.494,77.2472,154.494,308.989,308.989,154.494,231.742
35,164,1313.2,849.719,386.236,463.483,231.742,154.494,231.742,308.989,308.989,154.494,154.494
35,165,617.978,463.483,540.73,540.73,386.236,154.494,231.742,231.742,231.742,154.494,154.494
35,166,617.978,695.225,308.989,308.989,231.742,154.494,154.494,231.742,231.742,154.494,154.494
35,167,695.225,540.73,154.494,154.494,154.494,154.494,308.989,308.989,308.989,231.742,231.742
35,168,386.236,308.989,308.989,231.742,231.742,231.742,308.989,231.742,308.989,154.494,231.742
35,169,540.73,540.73,308.989,231.742,154.494,231.742,154.494,154.494,154.494,77.2472,154.494
35,170,308.989,386.236,154.494,154.494,77.2472,154.494,154.494,154.494,154.494,154.494,77.2472
36,141,308.989,540.73,463.483,540.73,231.742,231.742,308.989,308.989,463.483,308.989,386.236
36,142,386.236,772.472,540.73,463.483,154.494,231.742,231.742,308.989,386.236,308.989,308.989
36,143,386.236,617.978,386.236,386.236,77.2472,231.742,231.742,308.989,308.989,308.989,308.989
36,144,308.989,463.483,231.742,231.742,154.494,231.742,231.742,308.989,308.989,231.742,308.989
36,145,231.742,308.989,154.494,154.494,231.742,308.989,231.742,231.742,308.989,231.742,231.742
36,147,231.742,308.989,231.742,231.742,154.494,308.989,154.494,154.494,154.494,231.742,154.494
36,148,463.483,463.483,386.236,386.236,154.494,308.989,231.742,308.989,231.742,154.494,154.494
36,149,540.73,463.483,772.472,617.978,231.742,231.742,308.989,386.236,231.742,154.494,154.494
36,150,695.225,926.966,1235.96,926.966,231.742,231.742,231.742,308.989,231.742,154.494,154.494
36,151,849.719,1158.71,1158.71,1081.46,308.989,154.494,231.742,231.742,154.494,154.494,154.494
36,152,926.966,695.225,386.236,540.73,463.483,154.494,231.742,231.742,231.742,231.742,231.742
36,153,695.225,540.73,231.742,231.742,386.236,154.494,308.989,231.742,308.989,231.742,308.989
36,154,386.236,308.989,231.742,308.989,308.989,231.742,386.236,231.742,308.989,231.742,308.989
36,155,308.989,308.989,231.742,231.742,308.989,231.742,231.742,154.494,231.742,154.494,231.742
36,156,308.989,386.236,308.989,231.742,231.742,154.494,77.2472,77.2472,154.494,231.742,154.494
36,157,772.472,1004.21,386.236,386.236,154.494,77.2472,154.494,154.494,231.742,231.742,231.742
36,158,1081.46,926.966,540.73,463.483,154.494,154.494,154.494,154.494,231.742,308.989,231.742
36,159,540.73,386.236,617.978,308.989,77.2472,77.2472,77.2472,77.2472,231.742,231.742,231.742
36,160,617.978,1390.45,617.978,308.989,77.2472,77.2472,77.2472,77.2472,154.494,231.742,231.742
36,161,1158.71,2240.17,386.236,386.236,77.2472,77.2472,77.2472,77.2472,154.494,154.494,154.494
36,162,926.966,1004.21,849.719,617.978,154.494,77.2472,77.2472,77.2472,154.494,154.494,77.2472
36,163,617.978,1158.71,1235.96,849.719,154.494,77.2472,77.2472,154.494,154.494,154.494,154.494
36,164,772.472,1235.96,463.483,308.989,154.494,77.2472,154.494,231.742,231.742,154.494,154.494
36,165,1158.71,1004.21,308.989,386.236,154.494,154.494,154.494,308.989,231.742,154.494,231.742
36,166,540.73,463.483,463.483,386.236,308.989,154.494,154.494,154.494,154.494,77.2472,154.494
36,167,926.966,1004.21,386.236,308.989,154.494,77.2472,154.494,231.742,231.742,154.494,77.2472
36,168,849.719,695.225,231.742,154.494,77.2472,154.494,231.742,308.989,308.989,231.742,154.494
36,169,463.483,463.483,386.236,231.742,154.494,154.494,231.742,154.494,231.742,154.494,154.494
36,170,463.483,463.483,231.742,231.742,154.494,154.494,154.494,77.2472,77.2472,77.2472,77.2472
37,143,386.236,617.978,463.483,386.236,77.2472,154.494,154.494,308.989,386.236,308.989,386.236
37,144,463.483,617.978,308.989,308.989,154.494,231.742,308.989,386.236,386.236,308.989,386.236
37,145,308.989,386.236,154.494,154.494,308.989,231.742,308.989,231.742,308.989,231.742,231.742
37,146,231.742,463.483,154.494,231.742,231.742,231.742,231.742,154.494,231.742,231.742,154.494
37,147,386.236,617.978,231.742,308.989,154.494,231.742,154.494,154.494,154.494,154.494,154.494
37,148,1004.21,1235.96,308.989,308.989,154.494,231.742,154.494,231.742,231.742,231.742,231.742
37,149,695.225,926.966,463.483,463.483,154.494,231.742,231.742,308.989,231.742,308.989,231.742
37,150,463.483,617.978,1004.21,926.966,231.742,231.742,231.742,386.236,308.989,231.742,308.989
37,151,849.719,1081.46,1158.71,1158.71,231.742,231.742,308.989,386.236,308.989,231.742,308.989
37,152,926.966,1235.96,617.978,617.978,463.483,308.989,386.236,386.236,308.989,231.742,308.989
37,153,849.719,1004.21,308.989,308.989,695.225,308.989,308.989,386.236,386.236,231.742,386.236
37,154,386.236,540.73,231.742,308.989,463.483,231.742,308.989,308.989,308.989,154.494,308.989
37,155,540.73,463.483,308.989,231.742,308.989,231.742,308.989,231.742,231.742,77.2472,154.494
37,156,849.719,540.73,308.989,154.494,308.989,154.494,154.494,154.494,154.494,231.742,154.494
37,157,540.73,772.472,540.73,231.742,154.494,154.494,154.494,154.494,231.742,308.989,154.494
37,158,617.978,1467.7,540.73,231.742,231.742,231.742,231.742,154.494,231.742,308.989,308.989
37,159,849.719,1313.2,308.989,231.742,154.494,154.494,154.494,154.494,308.989,386.236,386.236
37,160,617.978,695.225,1390.45,772.472,154.494,154.494,154.494,154.494,231.742,308.989,386.236
37,161,540.73,1467.7,1699.44,1004.21,231.742,154.494,154.494,77.2472,154.494,154.494,231.742
37,162,695.225,1313.2,540.73,386.236,154.494,154.494,77.2472,154.494,77.2472,77.2472,77.2472
37,163,926.966,926.966,1004.21,849.719,154.494,77.2472,77.2472,77.2472,77.2472,77.2472,77.2472
37,164,617.978,772.472,1004.21,772.472,154.494,77.2472,77.2472,154.494,154.494,154.494,77.2472
37,165,849.719,1313.2,540.73,308.989,154.494,77.2472,154.494,231.742,231.742,154.494,154.494
37,166,1313.2,1390.45,308.989,231.742,154.494,154.494,154.494,231.742,231.742,154.494,231.742
37,167,617.978,617.978,772.472,386.236,231.742,154.494,154.494,154.494,154.494,77.2472,154.494
37,168,1081.46,1235.96,386.236,308.989,154.494,77.2472,154.494,154.494,154.494,154.494,154.494
37,169,540.73,463.483,231.742,231.742,154.494,77.2472,154.494,231.742,231.742,154.494,154.494
37,170,463.483,463.483,386.236,308.989,154.494,154.494,154.494,77.2472,154.494,77.2472,154.494
37,171,308.989,308.989,231.742,231.742,77.2472,154.494,77.2472,77.2472,77.2472,77.2472,77.2472
38,144,463.483,540.73,463.483,308.989,154.494,77.2472,231.742,308.989,386.236,154.494,231.742
38,145,386.236,386.236,308.989,231.742,231.742,154.494,231.742,231.742,308.989,154.494,231.742
38,147,386.236,695.225,463.483,308.989,154.494,154.494,154.494,231.742,231.742,231.742,231.742
38,148,772.472,1313.2,772.472,308.989,77.2472,154.494,154.494,231.742,308.989,308.989,308.989
38,149,849.719,1313.2,617.978,386.236,154.494,231.742,231.742,308.989,386.236,308.989,386.236
38,150,386.236,772.472,540.73,463.483,231.742,231.742,231.742,386.236,386.236,308.989,386.236
38,151,540.73,772.472,1158.71,1004.21,231.742,308.989,386.236,386.236,386.236,231.742,308.989
38,152,926.966,1390.45,1467.7,1158.71,308.989,386.236,540.73,540.73,386.236,231.742,231.742
38,153,1004.21,2549.16,926.966,772.472,463.483,386.236,463.483,540.73,463.483,154.494,308.989
38,154,772.472,1699.44,386.236,386.236,386.236,231.742,308.989,463.483,463.483,154.494,231.742
38,155,695.225,849.719,386.236,308.989,231.742,154.494,231.742,308.989,308.989,77.2472,154.494
38,156,1235.96,1390.45,386.236,231.742,154.494,77.2472,154.494,154.494,154.494,154.494,154.494
38,157,1081.46,1158.71,695.225,463.483,154.494,231.742,231.742,231.742,231.742,231.742,231.742
38,158,617.978,849.719,1158.71,849.719,386.236,386.236,386.236,231.742,231.742,154.494,231.742
38,159,540.73,1158.71,926.966,695.225,386.236,231.742,154.494,154.494,231.742,231.742,231.742
38,160,926.966,1622.19,617.978,463.483,154.494,154.494,231.742,231.742,308.989,308.989,308.989
38,161,1158.71,1544.94,1313.2,1158.71,231.742,154.494,231.742,231.742,231.742,308.989,308.989
38,162,772.472,1544.94,1004.21,772.472,154.494,154.494,154.494,231.742,154.494,154.494,231.742
38,163,1235.96,1853.93,617.978,386.236,154.494,154.494,154.494,154.494,154.494,77.2472,77.2472
38,164,1313.2,1467.7,772.472,617.978,154.494,154.494,154.494,77.2472,154.494,77.2472,77.2472
38,165,695.225,1313.2,1158.71,695.225,154.494,154.494,77.2472,77.2472,154.494,154.494,77.2472
38,166,1158.71,1853.93,849.719,463.483,77.2472,154.494,154.494,231.742,231.742,154.494,154.494
38,167,926.966,1235.96,540.73,308.989,154.494,154.494,154.494,154.494,154.494,154.494,154.494
38,168,617.978,849.719,849.719,540.73,154.494,154.494,77.2472,77.2472,154.494,154.494,154.494
38,169,772.472,772.472,308.989,231.742,77.2472,77.2472,77.2472,77.2472,154.494,154.494,154.494
38,171,386.236,308.989,231.742,231.742,154.494,154.494,77.2472,77.2472,77.2472,77.2472,154.494
39,144,463.483,540.73,386.236,308.989,154.494,77.2472,77.2472,154.494,231.742,77.2472,154.494
39,145,617.978,463.483,308.989,308.989,386.236,154.494,154.494,231.742,308.989,154.494,231.742
39,146,386.236,463.483,386.236,463.483,386.236,154.494,154.494,154.494,308.989,77.2472,154.494
39,147,386.236,695.225,617.978,540.73,308.989,231.742,154.494,154.494,308.989,154.494,231.742
39,148,463.483,772.472,1004.21,617.978,231.742,231.742,154.494,231.742,386.236,231.742,308.989
39,149,617.978,926.966,849.719,540.73,231.742,231.742,231.742,308.989,386.236,308.989,308.989
39,150,386.236,1004.21,617.978,463.483,308.989,231.742,308.989,308.989,386.236,308.989,308.989
39,151,540.73,772.472,849.719,772.472,463.483,386.236,386.236,308.989,308.989,231.742,231.742
39,152,1004.21,1081.46,1776.69,1622.19,540.73,463.483,463.483,308.989,231.742,154.494,154.494
39,153,1390.45,2317.42,2703.65,2317.42,386.236,308.989,231.742,231.742,308.989,154.494,154.494
39,154,1313.2,2780.9,1467.7,1390.45,231.742,154.494,154.494,154.494,231.742,154.494,154.494
39,155,1004.21,1699.44,540.73,386.236,154.494,154.494,77.2472,154.494,154.494,154.494,154.494
39,156,1004.21,1544.94,1081.46,617.978,154.494,77.2472,154.494,231.742,231.742,231.742,231.742
39,157,772.472,1544.94,849.719,540.73,77.2472,154.494,386.236,540.73,617.978,308.989,463.483
39,158,617.978,1853.93,695.225,463.483,386.236,386.236,617.978,617.978,617.978,154.494,386.236
39,159,617.978,1853.93,926.966,695.225,540.73,386.236,308.989,231.742,231.742,154.494,231.742
39,160,463.483,1699.44,1235.96,695.225,231.742,154.494,154.494,231.742,231.742,231.742,154.494
39,161,926.966,2471.91,1235.96,772.472,154.494,154.494,154.494,231.742,308.989,308.989,308.989
39,162,617.978,1853.93,1390.45,1004.21,154.494,154.494,154.494,231.742,308.989,231.742,308.989
39,163,926.966,2626.4,1544.94,926.966,154.494,154.494,154.494,231.742,231.742,154.494,154.494
39,164,1004.21,2162.92,1004.21,617.978,231.742,154.494,231.742,154.494,231.742,77.2472,154.494
39,165,617.978,1313.2,1313.2,1081.46,231.742,154.494,154.494,77.2472,154.494,77.2472,77.2472
39,166,617.978,1699.44,1467.7,1004.21,154.494,77.2472,154.494,154.494,231.742,154.494,154.494
39,167,772.472,1313.2,849.719,540.73,77.2472,77.2472,154.494,154.494,231.742,154.494,154.494
39,168,540.73,1004.21,695.225,463.483,154.494,154.494,77.2472,77.2472,154.494,154.494,154.494
39,169,695.225,772.472,463.483,308.989,154.494,154.494,77.2472,77.2472,77.2472,77.2472,77.2472
39,170,463.483,463.483,154.494,154.494,77.2472,77.2472,77.2472,77.2472,154.494,154.494,154.494
39,171,386.236,308.989,154.494,154.494,154.494,154.494,154.494,154.494,154.494,154.494,154.494
40,142,308.989,386.236,231.742,231.742,77.2472,77.2472,77.2472,77.2472,154.494,154.494,77.2472
40,144,386.236,695.225,463.483,308.989,154.494,154.494,154.494,154.494,154.494,231.742,154.494
40,145,617.978,1004.21,308.989,308.989,308.989,231.742,231.742,154.494,154.494,386.236,154.494
40,146,540.73,772.472,386.236,386.236,386.236,386.236,308.989,154.494,231.742,463.483,231.742
40,147,695.225,695.225,617.978,617.978,540.73,617.978,463.483,154.494,308.989,386.236,231.742
40,148,540.73,772.472,695.225,695.225,772.472,772.472,386.236,231.742,308.989,231.742,154.494
40,149,540.73,849.719,695.225,463.483,849.719,617.978,308.989,308.989,386.236,386.236,308.989
40,150,540.73,1081.46,772.472,463.483,695.225,540.73,540.73,540.73,540.73,540.73,463.483
40,151,386.236,1004.21,540.73,617.978,1081.46,772.472,695.225,617.978,540.73,386.236,386.236
40,152,849.719,1004.21,926.966,1004.21,1390.45,772.472,617.978,463.483,308.989,154.494,231.742
40,153,1853.93,1931.18,2394.66,2085.67,1081.46,463.483,308.989,231.742,154.494,154.494,154.494
40,154,2085.67,2317.42,2626.4,2317.42,540.73,231.742,154.494,154.494,154.494,154.494,154.494
40,155,1467.7,1390.45,1313.2,926.966,231.742,154.494,154.494,154.494,154.494,77.2472,77.2472
40,156,1699.44,1313.2,1313.2,1004.21,308.989,231.742,77.2472,154.494,154.494,231.742,154.494
40,157,1544.94,1467.7,1467.7,1313.2,231.742,154.494,154.494,386.236,463.483,231.742,308.989
40,159,463.483,1931.18,1853.93,1235.96,231.742,154.494,308.989,386.236,463.483,154.494,308.989
40,160,386.236,1622.19,1622.19,1158.71,231.742,154.494,154.494,154.494,231.742,154.494,154.494
40,161,540.73,2008.43,2317.42,1699.44,308.989,154.494,154.494,154.494,231.742,154.494,154.494
40,162,386.236,1776.69,1853.93,1776.69,308.989,154.494,154.494,154.494,231.742,231.742,231.742
40,163,540.73,1158.71,2626.4,2008.43,308.989,231.742,154.494,231.742,308.989,231.742,231.742
40,164,617.978,2317.42,2162.92,1853.93,231.742,154.494,231.742,386.236,308.989,77.2472,231.742
40,165,463.483,1313.2,1158.71,926.966,231.742,154.494,154.494,154.494,231.742,77.2472,154.494
40,166,617.978,1699.44,1699.44,1544.94,231.742,154.494,77.2472,154.494,154.494,77.2472,77.2472
40,167,540.73,1313.2,926.966,849.719,154.494,77.2472,154.494,154.494,231.742,77.2472,154.494
40,168,617.978,1004.21,772.472,540.73,77.2472,154.494,154.494,154.494,154.494,154.494,154.494
40,169,463.483,695.225,540.73,463.483,154.494,154.494,154.494,77.2472,154.494,77.2472,154.494
40,170,463.483,540.73,231.742,231.742,154.494,154.494,77.2472,77.2472,77.2472,77.2472,77.2472
40,171,386.236,231.742,154.494,154.494,77.2472,77.2472,77.2472,154.494,154.494,154.494,154.494
40,172,308.989,308.989,154.494,154.494,154.494,154.494,154.494,77.2472,154.494,154.494,154.494
41,142,463.483,695.225,308.989,231.742,77.2472,77.2472,77.2472,77.2472,154.494,154.494,77.2472
41,143,308.989,386.236,231.742,154.494,77.2472,77.2472,154.494,77.2472,77.2472,231.742,154.494
41,145,386.236,772.472,772.472,463.483,154.494,154.494,231.742,231.742,231.742,926.966,386.236
41,146,695.225,695.225,540.73,463.483,231.742,386.236,617.978,386.236,386.236,1158.71,540.73
41,147,1158.71,1622.19,540.73,540.73,463.483,849.719,1081.46,540.73,540.73,1004.21,463.483
41,148,772.472,1544.94,617.978,540.73,926.966,1235.96,1081.46,463.483,463.483,772.472,308.989
41,149,695.225,1081.46,617.978,386.236,1158.71,1235.96,772.472,463.483,463.483,926.966,463.483
41,150,772.472,1390.45,772.472,540.73,1158.71,1235.96,1081.46,1004.21,849.719,1390.45,1004.21
41,151,695.225,1853.93,772.472,617.978,1622.19,1622.19,1544.94,1313.2,1004.21,1081.46,1081.46
41,152,695.225,2085.67,926.966,849.719,2085.67,1622.19,1313.2,1004.21,695.225,540.73,463.483
41,153,1776.69,2240.17,1776.69,1390.45,1622.19,849.719,617.978,386.236,308.989,231.742,154.494
41,154,3476.12,2471.91,2317.42,2085.67,772.472,308.989,231.742,231.742,231.742,154.494,231.742
41,155,2780.9,1853.93,1313.2,1467.7,386.236,154.494,231.742,463.483,308.989,154.494,308.989
41,156,1699.44,1390.45,926.966,849.719,308.989,154.494,308.989,463.483,308.989,154.494,231.742
41,157,1467.7,1544.94,1004.21,772.472,386.236,154.494,231.742,231.742,231.742,154.494,154.494
41,158,772.472,772.472,1158.71,1313.2,617.978,231.742,154.494,154.494,231.742,231.742,231.742
41,159,386.236,540.73,2085.67,2008.43,772.472,231.742,231.742,308.989,386.236,386.236,386.236
41,160,540.73,695.225,1853.93,2008.43,540.73,308.989,386.236,463.483,463.483,308.989,540.73
41,161,540.73,849.719,1931.18,1853.93,926.966,463.483,463.483,386.236,386.236,231.742,308.989
41,162,386.236,1158.71,1776.69,1931.18,1004.21,463.483,308.989,386.236,308.989,154.494,231.742
41,163,386.236,772.472,1158.71,1390.45,695.225,308.989,308.989,386.236,308.989,231.742,308.989
41,164,540.73,1235.96,2471.91,2317.42,617.978,308.989,308.989,386.236,386.236,231.742,386.236
41,165,463.483,1235.96,1235.96,1390.45,308.989,231.742,231.742,386.236,386.236,77.2472,231.742
41,166,463.483,1081.46,1544.94,1235.96,386.236,231.742,231.742,154.494,231.742,77.2472,154.494
41,167,540.73,1235.96,1313.2,1390.45,308.989,231.742,77.2472,154.494,154.494,77.2472,77.2472
41,168,540.73,926.966,695.225,463.483,77.2472,154.494,154.494,231.742,231.742,154.494,154.494
41,169,463.483,617.978,617.978,540.73,154.494,231.742,154.494,154.494,154.494,154.494,154.494
41,170,540.73,540.73,386.236,231.742,231.742,231.742,154.494,77.2472,77.2472,154.494,77.2472
41,171,308.989,231.742,154.494,154.494,154.494,77.2472,77.2472,77.2472,77.2472,77.2472,77.2472
42,139,308.989,463.483,231.742,231.742,77.2472,77.2472,77.2472,77.2472,154.494,154.494,154.494
42,140,463.483,695.225,231.742,231.742,77.2472,77.2472,77.2472,77.2472,231.742,154.494,154.494
42,142,386.236,617.978,617.978,386.236,154.494,154.494,77.2472,77.2472,77.2472,154.494,154.494
42,143,308.989,463.483,308.989,308.989,154.494,154.494,154.494,154.494,154.494,386.236,231.742
42,145,308.989,695.225,540.73,463.483,154.494,231.742,231.742,308.989,386.236,1004.21,617.978
42,146,617.978,386.236,695.225,463.483,231.742,386.236,540.73,540.73,617.978,1313.2,772.472
42,147,695.225,1313.2,1313.2,772.472,386.236,695.225,926.966,772.472,926.966,1313.2,772.472
42,148,772.472,1467.7,1158.71,926.966,772.472,1081.46,1158.71,772.472,926.966,1313.2,772.472
42,149,1004.21,1390.45,695.225,540.73,926.966,1313.2,1235.96,926.966,926.966,1699.44,1081.46
42,150,926.966,1776.69,926.966,617.978,1004.21,1467.7,1699.44,1544.94,1467.7,2162.92,1699.44
42,151,849.719,2008.43,1622.19,1158.71,1313.2,1853.93,2317.42,1853.93,1622.19,1853.93,1776.69
42,152,772.472,2626.4,2240.17,1931.18,1622.19,1931.18,2008.43,1313.2,1158.71,1081.46,1004.21
42,153,1544.94,3089.89,2317.42,2162.92,1390.45,1313.2,1004.21,617.978,540.73,540.73,386.236
42,154,3012.64,4325.84,1853.93,1776.69,926.966,695.225,386.236,308.989,386.236,386.236,308.989
42,155,3012.64,4480.34,1081.46,926.966,772.472,463.483,308.989,463.483,695.225,386.236,540.73
42,156,1622.19,2471.91,1004.21,695.225,1004.21,540.73,463.483,695.225,772.472,308.989,617.978
42,157,1081.46,1622.19,1390.45,1004.21,1390.45,849.719,617.978,695.225,540.73,231.742,463.483
42,158,926.966,1313.2,695.225,695.225,1390.45,849.719,617.978,617.978,386.236,308.989,308.989
42,159,772.472,617.978,617.978,849.719,1544.94,695.225,617.978,617.978,617.978,695.225,617.978
42,160,772.472,695.225,617.978,1004.21,1544.94,695.225,695.225,1081.46,1081.46,849.719,1004.21
42,161,926.966,849.719,695.225,1004.21,1235.96,772.472,1081.46,1390.45,1390.45,617.978,1004.21
42,162,540.73,695.225,926.966,1235.96,2008.43,1158.71,1004.21,849.719,849.719,386.236,617.978
42,163,463.483,617.978,540.73,849.719,1390.45,772.472,463.483,695.225,540.73,308.989,386.236
42,164,617.978,849.719,1158.71,1390.45,1235.96,463.483,463.483,540.73,617.978,386.236,463.483
42,165,463.483,926.966,1158.71,1390.45,849.719,463.483,308.989,463.483,463.483,154.494,386.236
42,166,463.483,772.472,1004.21,849.719,463.483,231.742,308.989,463.483,463.483,154.494,231.742
42,167,540.73,926.966,1313.2,1390.45,540.73,386.236,231.742,154.494,231.742,154.494,231.742
42,168,617.978,926.966,695.225,540.73,154.494,231.742,154.494,154.494,231.742,77.2472,77.2472
42,169,463.483,617.978,540.73,540.73,154.494,154.494,231.742,154.494,231.742,77.2472,154.494
42,170,463.483,540.73,386.236,231.742,154.494,231.742,154.494,154.494,154.494,154.494,154.494
42,171,308.989,386.236,231.742,231.742,154.494,154.494,77.2472,77.2472,154.494,77.2472,77.2472
43,138,154.494,231.742,231.742,308.989,308.989,154.494,154.494,77.2472,77.2472,77.2472,154.494
43,140,386.236,926.966,617.978,540.73,154.494,77.2472,77.2472,77.2472,154.494,154.494,77.2472
43,141,231.742,463.483,231.742,231.742,77.2472,154.494,154.494,77.2472,154.494,231.742,77.2472
43,142,308.989,540.73,617.978,463.483,231.742,154.494,154.494,77.2472,154.494,386.236,154.494
43,143,308.989,463.483,386.236,463.483,231.742,154.494,154.494,154.494,154.494,540.73,386.236
43,144,386.236,386.236,386.236,308.989,308.989,308.989,308.989,231.742,308.989,695.225,540.73
43,145,231.742,540.73,540.73,463.483,463.483,308.989,308.989,308.989,540.73,772.472,695.225
43,148,1467.7,1390.45,1467.7,1467.7,926.966,1081.46,1081.46,1081.46,1390.45,1313.2,1158.71
43,149,1313.2,2317.42,1158.71,849.719,1004.21,1158.71,1081.46,1158.71,1313.2,1467.7,1158.71
43,150,1313.2,1776.69,1467.7,1004.21,772.472,1004.21,1313.2,1467.7,1544.94,1699.44,1544.94
43,151,2549.16,1699.44,2008.43,1853.93,926.966,1158.71,1699.44,1776.69,1853.93,1467.7,1776.69
43,152,1390.45,1853.93,2935.39,2780.9,1313.2,1390.45,1699.44,1699.44,1699.44,1235.96,1467.7
43,153,1931.18,2935.39,3321.63,3012.64,1313.2,1313.2,1313.2,1081.46,1004.21,1081.46,1004.21
43,154,2162.92,3398.88,3862.36,2549.16,1081.46,1158.71,926.966,617.978,617.978,1235.96,849.719
43,155,1853.93,4634.83,3862.36,2240.17,772.472,1235.96,849.719,695.225,849.719,1313.2,849.719
43,156,1390.45,3785.11,2085.67,1467.7,1004.21,1235.96,1313.2,1081.46,1081.46,1235.96,1004.21
43,157,1390.45,2085.67,1699.44,1235.96,1544.94,1622.19,1776.69,1158.71,1081.46,926.966,926.966
43,158,1313.2,1931.18,1467.7,1235.96,1699.44,1699.44,1390.45,1081.46,849.719,695.225,772.472
43,159,926.966,1081.46,540.73,540.73,1390.45,1313.2,1158.71,1313.2,926.966,1081.46,849.719
43,160,926.966,849.719,772.472,617.978,1931.18,1313.2,1313.2,1081.46,1158.71,1390.45,1158.71
43,161,1004.21,1235.96,695.225,617.978,1622.19,1313.2,1235.96,1544.94,1467.7,1158.71,1235.96
43,162,617.978,849.719,463.483,463.483,1544.94,1390.45,1467.7,1467.7,1467.7,695.225,1081.46
43,163,695.225,695.225,463.483,386.236,1699.44,1313.2,1004.21,849.719,772.472,463.483,695.225
43,164,1004.21,1004.21,617.978,695.225,1235.96,849.719,772.472,926.966,695.225,463.483,540.73
43,165,772.472,849.719,695.225,926.966,1467.7,772.472,540.73,463.483,617.978,308.989,617.978
43,166,617.978,695.225,617.978,617.978,463.483,308.989,308.989,617.978,386.236,154.494,231.742
43,167,695.225,1081.46,926.966,1004.21,463.483,308.989,386.236,308.989,386.236,154.494,231.742
43,168,617.978,849.719,617.978,540.73,231.742,231.742,154.494,154.494,154.494,154.494,154.494
43,169,540.73,617.978,617.978,617.978,77.2472,154.494,154.494,231.742,231.742,77.2472,77.2472
43,170,463.483,617.978,386.236,308.989,77.2472,154.494,154.494,154.494,154.494,77.2472,77.2472
43,171,308.989,308.989,231.742,231.742,154.494,154.494,154.494,77.2472,154.494,77.2472,154.494
44,140,231.742,617.978,926.966,849.719,308.989,77.2472,77.2472,77.2472,154.494,154.494,154.494
44,141,231.742,386.236,386.236,463.483,77.2472,77.2472,77.2472,77.2472,154.494,231.742,77.2472
44,142,308.989,540.73,540.73,386.236,154.494,77.2472,77.2472,77.2472,154.494,463.483,231.742
44,143,308.989,540.73,386.236,386.236,154.494,154.494,308.989,231.742,231.742,617.978,386.236
44,144,308.989,308.989,308.989,231.742,386.236,463.483,540.73,308.989,231.742,540.73,386.236
44,145,308.989,386.236,540.73,463.483,463.483,386.236,308.989,231.742,617.978,695.225,617.978
44,146,926.966,617.978,308.989,308.989,231.742,308.989,540.73,1004.21,1622.19,1004.21,1467.7
44,147,540.73,463.483,540.73,695.225,695.225,849.719,1081.46,1467.7,2085.67,1081.46,1622.19
44,148,1158.71,2394.66,1081.46,1004.21,1081.46,1081.46,1004.21,1004.21,1467.7,849.719,1158.71
44,149,1235.96,3476.12,1931.18,1313.2,849.719,926.966,772.472,849.719,926.966,926.966,926.966
44,150,1853.93,2085.67,1544.94,1390.45,617.978,772.472,926.966,1313.2,1313.2,1235.96,1313.2
44,151,3785.11,3862.36,1235.96,1235.96,1004.21,1158.71,1390.45,2008.43,2162.92,1158.71,1853.93
44,152,2162.92,2549.16,1853.93,1699.44,1544.94,1313.2,1467.7,1931.18,2162.92,926.966,1699.44
44,153,2162.92,2394.66,2626.4,2549.16,1699.44,1004.21,1158.71,1235.96,1467.7,1004.21,1390.45
44,154,3476.12,3553.37,3476.12,2935.39,1313.2,617.978,849.719,695.225,926.966,1467.7,1235.96
44,155,2394.66,2703.65,5252.81,4325.84,695.225,772.472,926.966,695.225,849.719,2008.43,1158.71
44,156,1390.45,2549.16,4403.09,4557.58,540.73,772.472,1081.46,1004.21,1081.46,1853.93,1158.71
44,157,1699.44,2162.92,1931.18,2317.42,617.978,695.225,1313.2,1235.96,1313.2,1390.45,1158.71
44,158,1853.93,2935.39,1931.18,1853.93,617.978,849.719,1313.2,1081.46,1158.71,1158.71,1004.21
44,159,1158.71,2008.43,1235.96,1699.44,463.483,1158.71,1235.96,1158.71,1004.21,1235.96,926.966
44,160,1004.21,1158.71,849.719,849.719,695.225,1235.96,1313.2,1081.46,1004.21,1390.45,849.719
44,161,1235.96,1544.94,1313.2,1158.71,926.966,1313.2,1313.2,772.472,772.472,1467.7,1004.21
44,162,1004.21,1467.7,772.472,849.719,849.719,1467.7,1390.45,1158.71,1235.96,1004.21,1081.46
44,163,772.472,849.719,617.978,463.483,1235.96,1467.7,1158.71,926.966,926.966,540.73,695.225
44,164,1235.96,1235.96,772.472,617.978,926.966,1004.21,926.966,1004.21,695.225,540.73,463.483
44,165,772.472,1313.2,695.225,772.472,1081.46,849.719,772.472,695.225,772.472,386.236,617.978
44,166,695.225,926.966,540.73,540.73,540.73,463.483,308.989,386.236,386.236,154.494,308.989
44,167,849.719,1390.45,1081.46,849.719,308.989,231.742,231.742,463.483,308.989,154.494,154.494
44,168,617.978,1004.21,695.225,695.225,231.742,154.494,154.494,154.494,154.494,154.494,154.494
44,169,617.978,695.225,617.978,463.483,154.494,77.2472,77.2472,154.494,154.494,154.494,77.2472
44,170,540.73,617.978,463.483,386.236,77.2472,154.494,154.494,154.494,154.494,154.494,77.2472
44,171,386.236,308.989,231.742,231.742,77.2472,154.494,77.2472,77.2472,154.494,154.494,77.2472
45,140,154.494,308.989,695.225,772.472,386.236,154.494,154.494,154.494,154.494,154.494,77.2472
45,143,386.236,540.73,463.483,540.73,154.494,154.494,308.989,308.989,308.989,386.236,308.989
45,144,926.966,540.73,231.742,231.742,231.742,308.989,386.236,231.742,231.742,308.989,231.742
45,145,540.73,463.483,308.989,231.742,231.742,231.742,231.742,308.989,695.225,772.472,617.978
45,146,772.472,772.472,386.236,308.989,231.742,386.236,772.472,1313.2,2008.43,1004.21,1390.45
45,147,617.978,772.472,386.236,386.236,617.978,926.966,1235.96,1467.7,2162.92,772.472,1313.2
45,148,849.719,2240.17,2008.43,1004.21,926.966,849.719,849.719,849.719,1081.46,695.225,772.472
45,149,772.472,2240.17,3012.64,2162.92,695.225,617.978,695.225,926.966,926.966,1081.46,1004.21
45,150,2008.43,1931.18,1699.44,1544.94,617.978,1004.21,1158.71,1699.44,1699.44,1931.18,1776.69
45,151,2317.42,4248.6,2780.9,1313.2,1081.46,1776.69,1931.18,2162.92,2317.42,1776.69,2085.67
45,152,1776.69,3321.63,2008.43,1467.7,1776.69,2240.17,1776.69,1776.69,2085.67,849.719,1390.45
45,153,1390.45,1544.94,1622.19,1776.69,2008.43,1313.2,849.719,1158.71,1544.94,463.483,926.966
45,154,2549.16,3630.62,2240.17,2394.66,1853.93,540.73,540.73,695.225,1081.46,617.978,926.966
45,155,2626.4,4325.84,2085.67,2549.16,1622.19,540.73,617.978,617.978,695.225,849.719,772.472
45,156,2008.43,2626.4,2626.4,3553.37,1622.19,617.978,617.978,617.978,617.978,849.719,617.978
45,157,1776.69,1931.18,1853.93,2394.66,1544.94,463.483,463.483,463.483,617.978,849.719,463.483
45,158,1776.69,2935.39,2394.66,1622.19,1467.7,386.236,463.483,386.236,540.73,1004.21,540.73
45,159,1313.2,2008.43,1931.18,1853.93,1004.21,540.73,695.225,386.236,463.483,1081.46,463.483
45,160,1467.7,1467.7,1081.46,1313.2,386.236,849.719,772.472,463.483,463.483,849.719,386.236
45,161,1699.44,2240.17,1544.94,1313.2,308.989,695.225,695.225,386.236,463.483,1081.46,540.73
45,162,1390.45,2240.17,1235.96,1390.45,463.483,1004.21,1081.46,617.978,772.472,1235.96,849.719
45,163,1004.21,1390.45,695.225,617.978,695.225,1235.96,926.966,695.225,695.225,540.73,617.978
45,164,1313.2,1390.45,1004.21,695.225,695.225,926.966,695.225,695.225,463.483,463.483,386.236
45,165,1004.21,1776.69,1390.45,1081.46,695.225,695.225,540.73,540.73,617.978,386.236,540.73
45,166,849.719,1313.2,772.472,926.966,386.236,308.989,308.989,308.989,386.236,154.494,308.989
45,167,926.966,1544.94,1390.45,849.719,308.989,231.742,231.742,308.989,231.742,154.494,154.494
45,168,772.472,1158.71,1004.21,1004.21,154.494,154.494,77.2472,154.494,154.494,77.2472,154.494
45,169,695.225,695.225,540.73,463.483,154.494,154.494,154.494,154.494,154.494,77.2472,77.2472
45,170,540.73,617.978,463.483,386.236,154.494,154.494,154.494,77.2472,154.494,154.494,154.494
45,171,386.236,308.989,154.494,231.742,154.494,154.494,154.494,77.2472,154.494,154.494,77.2472
46,140,154.494,231.742,308.989,386.236,463.483,231.742,154.494,154.494,231.742,77.2472,154.494
46,143,463.483,386.236,386.236,386.236,231.742,154.494,154.494,231.742,231.742,231.742,231.742
46,144,1081.46,772.472,308.989,231.742,77.2472,154.494,231.742,154.494,231.742,231.742,154.494
46,145,849.719,617.978,386.236,308.989,154.494,154.494,154.494,308.989,695.225,540.73,463.483
46,146,540.73,1158.71,540.73,386.236,154.494,231.742,540.73,772.472,1544.94,540.73,772.472
46,147,772.472,2085.67,617.978,308.989,308.989,617.978,772.472,849.719,1235.96,386.236,617.978
46,148,695.225,1699.44,2162.92,1622.19,849.719,695.225,617.978,849.719,695.225,540.73,617.978
46,149,695.225,1004.21,2162.92,2471.91,1158.71,540.73,617.978,1004.21,1004.21,1467.7,1158.71
46,150,2085.67,2317.42,1699.44,1467.7,772.472,772.472,1158.71,1390.45,1544.94,2703.65,1931.18
46,151,1544.94,2935.39,4016.85,2471.91,463.483,1390.45,2240.17,1699.44,1776.69,2626.4,2162.92
46,152,2240.17,2935.39,3089.89,2935.39,1158.71,2394.66,2471.91,1390.45,1390.45,1467.7,1235.96
46,153,1467.7,1699.44,1390.45,1313.2,2394.66,2780.9,1699.44,1467.7,1622.19,695.225,849.719
46,154,1776.69,5561.8,2858.15,1622.19,2780.9,2008.43,1081.46,1699.44,2240.17,772.472,1699.44
46,155,1931.18,6411.52,3167.13,1776.69,1931.18,1158.71,1467.7,2085.67,2317.42,1158.71,2162.92
46,156,2471.91,3476.12,2008.43,1544.94,2162.92,1467.7,1931.18,2008.43,1931.18,772.472,1544.94
46,157,2240.17,2240.17,1853.93,1544.94,2471.91,1622.19,1467.7,1699.44,1544.94,463.483,849.719
46,158,1544.94,1931.18,2703.65,2008.43,1776.69,1004.21,1004.21,1158.71,1004.21,463.483,540.73
46,159,1235.96,1313.2,1931.18,2085.67,2317.42,926.966,695.225,463.483,463.483,617.978,463.483
46,160,1544.94,1853.93,1390.45,1467.7,1776.69,849.719,463.483,386.236,386.236,540.73,308.989
46,161,1853.93,2703.65,1931.18,1390.45,849.719,540.73,463.483,463.483,540.73,772.472,540.73
46,162,1853.93,2317.42,1853.93,1544.94,1081.46,849.719,849.719,540.73,695.225,1081.46,926.966
46,163,1622.19,1853.93,1235.96,1158.71,849.719,849.719,695.225,463.483,540.73,463.483,540.73
46,164,1853.93,1853.93,1158.71,1081.46,926.966,695.225,695.225,540.73,463.483,463.483,386.236
46,165,1390.45,1776.69,1622.19,1390.45,926.966,772.472,386.236,463.483,540.73,386.236,617.978
46,166,1158.71,1467.7,1235.96,1390.45,308.989,231.742,231.742,386.236,386.236,154.494,308.989
46,167,1158.71,1853.93,1467.7,1004.21,386.236,308.989,308.989,308.989,308.989,231.742,231.742
46,168,849.719,1081.46,1004.21,1081.46,231.742,231.742,154.494,154.494,154.494,154.494,154.494
46,169,772.472,849.719,540.73,386.236,154.494,154.494,154.494,231.742,231.742,154.494,77.2472
46,170,463.483,463.483,386.236,386.236,77.2472,154.494,231.742,154.494,231.742,154.494,154.494
46,171,308.989,231.742,154.494,231.742,154.494,154.494,154.494,77.2472,154.494,154.494,154.494
47,140,231.742,231.742,231.742,231.742,308.989,231.742,231.742,154.494,308.989,77.2472,154.494
47,142,695.225,463.483,231.742,154.494,77.2472,77.2472,154.494,231.742,308.989,154.494,231.742
47,143,849.719,463.483,231.742,231.742,154.494,77.2472,154.494,154.494,231.742,154.494,154.494
47,144,849.719,926.966,540.73,386.236,77.2472,154.494,154.494,77.2472,231.742,154.494,154.494
47,145,1235.96,1467.7,540.73,386.236,154.494,231.742,154.494,154.494,463.483,231.742,231.742
47,146,926.966,1776.69,1158.71,695.225,308.989,154.494,231.742,308.989,695.225,231.742,231.742
47,147,695.225,2162.92,1622.19,926.966,308.989,386.236,617.978,849.719,695.225,386.236,386.236
47,148,617.978,1390.45,1313.2,1235.96,1235.96,1235.96,1081.46,1467.7,926.966,695.225,695.225
47,149,926.966,926.966,849.719,1313.2,2317.42,1313.2,849.719,1004.21,926.966,1390.45,926.966
47,150,1622.19,3089.89,1853.93,1004.21,1004.21,540.73,540.73,617.978,849.719,1776.69,1158.71
47,151,1467.7,3785.11,3244.38,2858.15,540.73,386.236,1004.21,1081.46,1004.21,2008.43,1313.2
47,152,2935.39,2780.9,2703.65,3630.62,1467.7,1081.46,2317.42,1853.93,1235.96,2394.66,1544.94
47,153,3089.89,3244.38,1853.93,1776.69,2626.4,3244.38,3398.88,2008.43,1699.44,1853.93,1467.7
47,154,2008.43,4403.09,6257.02,3321.63,3321.63,4248.6,2626.4,1776.69,2471.91,1390.45,1622.19
47,155,1467.7,5021.07,7106.74,5561.8,2317.42,3012.64,1931.18,2317.42,2935.39,1931.18,2549.16
47,156,2549.16,4789.33,3012.64,3167.13,2008.43,2240.17,2703.65,2394.66,2780.9,2317.42,2935.39
47,157,2626.4,4016.85,1699.44,1467.7,2626.4,2858.15,2471.91,1776.69,2471.91,1313.2,2085.67
47,158,1776.69,3476.12,1931.18,2394.66,1622.19,1853.93,1699.44,2162.92,2317.42,926.966,1390.45
47,159,1158.71,1853.93,1313.2,2162.92,2085.67,1853.93,2162.92,1544.94,1390.45,1390.45,1390.45
47,160,1467.7,2240.17,1853.93,1390.45,2858.15,2471.91,1467.7,695.225,695.225,1081.46,926.966
47,161,2008.43,3321.63,2703.65,2240.17,1776.69,1467.7,1004.21,1158.71,1081.46,1004.21,926.966
47,162,2085.67,2626.4,2008.43,2085.67,2240.17,1467.7,1390.45,1004.21,1235.96,1081.46,1313.2
47,163,2240.17,2858.15,1622.19,1467.7,1467.7,1235.96,772.472,695.225,695.225,386.236,695.225
47,164,2240.17,3089.89,1699.44,1853.93,1004.21,695.225,926.966,1004.21,772.472,540.73,540.73
47,165,1931.18,2394.66,1390.45,1544.94,1390.45,926.966,695.225,540.73,772.472,540.73,849.719
47,166,1622.19,1699.44,1313.2,1235.96,463.483,386.236,231.742,463.483,386.236,154.494,308.989
47,167,1390.45,1931.18,1467.7,1235.96,231.742,231.742,308.989,386.236,386.236,231.742,231.742
47,168,926.966,1158.71,926.966,926.966,231.742,231.742,154.494,154.494,231.742,231.742,308.989
47,169,617.978,695.225,540.73,308.989,231.742,154.494,154.494,154.494,154.494,154.494,154.494
47,170,386.236,463.483,386.236,386.236,77.2472,154.494,154.494,154.494,231.742,154.494,154.494
47,172,231.742,308.989,154.494,231.742,231.742,154.494,77.2472,154.494,77.2472,77.2472,77.2472
47,174,231.742,308.989,154.494,154.494,154.494,77.2472,154.494,77.2472,154.494,77.2472,77.2472
48,141,386.236,231.742,231.742,231.742,154.494,77.2472,77.2472,154.494,308.989,77.2472,154.494
48,142,617.978,540.73,463.483,308.989,77.2472,77.2472,77.2472,154.494,308.989,154.494,154.494
48,143,1235.96,1004.21,308.989,231.742,77.2472,77.2472,77.2472,77.2472,231.742,154.494,154.494
48,144,926.966,1081.46,849.719,540.73,77.2472,154.494,154.494,154.494,231.742,308.989,231.742
48,145,1313.2,2240.17,1235.96,849.719,308.989,386.236,386.236,231.742,386.236,231.742,231.742
48,146,1235.96,3012.64,1699.44,1235.96,849.719,463.483,308.989,308.989,463.483,386.236,231.742
48,147,849.719,2394.66,2008.43,1776.69,695.225,463.483,849.719,1235.96,772.472,1004.21,695.225
48,148,1081.46,1081.46,1158.71,1235.96,1390.45,1853.93,2162.92,2008.43,1313.2,1390.45,1158.71
48,149,1390.45,1313.2,617.978,617.978,2858.15,2780.9,1622.19,1004.21,926.966,1235.96,849.719
48,150,1235.96,2780.9,3167.13,1544.94,1544.94,1467.7,386.236,617.978,463.483,617.978,463.483
48,151,2008.43,6720.51,4171.35,3785.11,617.978,386.236,695.225,1622.19,926.966,1004.21,1081.46
48,152,2162.92,2858.15,2162.92,3244.38,2317.42,926.966,2317.42,3012.64,2008.43,2394.66,2394.66
48,153,4171.35,4016.85,2162.92,2008.43,3553.37,2394.66,3476.12,2626.4,2240.17,3012.64,2471.91
48,154,2162.92,3785.11,4325.84,3167.13,2240.17,2935.39,3012.64,1467.7,1467.7,2703.65,1544.94
48,155,1390.45,3862.36,5948.03,6952.25,1853.93,2317.42,1931.18,1235.96,1313.2,2703.65,1313.2
48,156,1622.19,3089.89,4480.34,5252.81,2858.15,2008.43,2394.66,1622.19,1776.69,4325.84,2317.42
48,157,2240.17,4480.34,3785.11,2858.15,3167.13,3321.63,2858.15,1235.96,1853.93,3707.87,2780.9
48,158,2240.17,4866.57,3476.12,2858.15,1776.69,2703.65,1699.44,1467.7,1853.93,1853.93,1622.19
48,159,1853.93,2858.15,1853.93,2858.15,2240.17,1931.18,2549.16,2394.66,2162.92,2317.42,1931.18
48,160,2008.43,3012.64,2471.91,2008.43,2935.39,3244.38,2626.4,1390.45,1390.45,2085.67,2008.43
48,161,2394.66,4557.58,3553.37,3785.11,1776.69,2085.67,1699.44,1544.94,1544.94,1390.45,1235.96
48,162,2394.66,4403.09,2162.92,2626.4,2935.39,2085.67,2240.17,1622.19,1853.93,1313.2,1622.19
48,163,2394.66,3630.62,2162.92,1544.94,2008.43,1931.18,1004.21,926.966,926.966,463.483,926.966
48,164,2317.42,3785.11,2858.15,2240.17,849.719,695.225,1081.46,1544.94,1158.71,540.73,617.978
48,165,2240.17,3321.63,1853.93,1931.18,1158.71,1004.21,1004.21,772.472,1081.46,617.978,1004.21
48,166,1544.94,1931.18,1235.96,1081.46,463.483,540.73,231.742,386.236,386.236,231.742,386.236
48,167,1235.96,1467.7,1390.45,1004.21,154.494,154.494,231.742,463.483,463.483,231.742,231.742
48,168,926.966,926.966,926.966,772.472,154.494,231.742,231.742,154.494,308.989,308.989,386.236
48,169,463.483,463.483,463.483,308.989,154.494,231.742,154.494,77.2472,154.494,231.742,231.742
48,170,308.989,386.236,386.236,386.236,154.494,154.494,77.2472,154.494,154.494,154.494,154.494
48,171,154.494,308.989,231.742,386.236,154.494,154.494,154.494,154.494,154.494,154.494,154.494
49,140,386.236,386.236,231.742,231.742,77.2472,77.2472,154.494,154.494,231.742,154.494,154.494
49,141,540.73,540.73,231.742,154.494,77.2472,77.2472,77.2472,77.2472,231.742,154.494,154.494
49,142,463.483,386.236,617.978,463.483,77.2472,77.2472,154.494,77.2472,231.742,154.494,154.494
49,143,1235.96,1467.7,772.472,540.73,154.494,154.494,77.2472,77.2472,231.742,231.742,154.494
49,144,1776.69,1776.69,926.966,617.978,154.494,154.494,231.742,308.989,308.989,540.73,386.236
49,145,1235.96,2085.67,2085.67,1467.7,463.483,540.73,849.719,772.472,540.73,695.225,540.73
49,146,1158.71,3244.38,2703.65,2162.92,1544.94,1081.46,926.966,617.978,540.73,772.472,463.483
49,147,849.719,3476.12,2008.43,2085.67,1699.44,926.966,1004.21,1158.71,849.719,2085.67,926.966
49,148,1235.96,1313.2,849.719,1004.21,1931.18,1931.18,2703.65,2008.43,1390.45,2858.15,1699.44
49,149,1544.94,1235.96,772.472,772.472,2626.4,3553.37,2703.65,1081.46,1004.21,1776.69,1158.71
49,150,849.719,1004.21,2858.15,1467.7,1622.19,2780.9,1081.46,849.719,695.225,695.225,540.73
49,152,1390.45,2394.66,2626.4,2935.39,1931.18,1622.19,2935.39,4248.6,3630.62,2008.43,3321.63
49,153,3167.13,3089.89,2780.9,1467.7,3630.62,2549.16,2626.4,2085.67,2394.66,2394.66,2394.66
49,154,2780.9,4403.09,3785.11,2240.17,2317.42,1699.44,1390.45,1390.45,1235.96,2626.4,1390.45
49,155,2162.92,4866.57,3939.61,4171.35,2935.39,1081.46,1699.44,2008.43,1390.45,2471.91,1235.96
49,156,2240.17,3707.87,3167.13,3321.63,5793.54,2471.91,2858.15,2008.43,1467.7,4557.58,1622.19
49,157,2626.4,4171.35,4480.34,3785.11,5948.03,4557.58,3089.89,1235.96,1699.44,4943.82,2780.9
49,158,2626.4,4248.6,4712.08,4866.57,3167.13,3707.87,1776.69,1313.2,1390.45,2162.92,1622.19
49,159,2162.92,3398.88,2549.16,3553.37,3553.37,2394.66,2471.91,2626.4,2240.17,2317.42,1699.44
49,160,2394.66,3012.64,2780.9,2317.42,3398.88,3089.89,2394.66,1544.94,1931.18,2240.17,2471.91
49,161,2626.4,3939.61,4248.6,4016.85,1699.44,1699.44,1467.7,1853.93,1622.19,1235.96,1467.7
49,162,2858.15,4789.33,3939.61,3398.88,3012.64,1853.93,2471.91,2085.67,2162.92,1390.45,1699.44
49,163,2394.66,3939.61,3089.89,2549.16,1853.93,2008.43,1158.71,849.719,1004.21,540.73,1081.46
49,164,2317.42,2780.9,3321.63,2626.4,695.225,617.978,695.225,1390.45,1081.46,386.236,463.483
49,165,2471.91,3089.89,2703.65,2394.66,617.978,695.225,772.472,772.472,1158.71,617.978,849.719
49,166,1313.2,1853.93,1467.7,1313.2,231.742,463.483,231.742,308.989,308.989,308.989,463.483
49,167,926.966,772.472,926.966,695.225,154.494,231.742,231.742,308.989,386.236,231.742,231.742
49,168,695.225,772.472,772.472,540.73,154.494,231.742,231.742,154.494,308.989,386.236,308.989
49,169,308.989,540.73,308.989,386.236,154.494,154.494,154.494,77.2472,154.494,231.742,231.742
49,170,231.742,386.236,308.989,308.989,154.494,154.494,77.2472,77.2472,154.494,154.494,154.494
49,171,231.742,386.236,231.742,386.236,77.2472,154.494,154.494,154.494,154.494,154.494,154.494
50,141,540.73,617.978,386.236,386.236,77.2472,77.2472,77.2472,154.494,231.742,231.742,154.494
50,142,772.472,540.73,386.236,386.236,77.2472,154.494,154.494,154.494,308.989,154.494,154.494
50,143,1158.71,1235.96,1467.7,1004.21,231.742,231.742,154.494,154.494,308.989,308.989,154.494
50,144,2240.17,2858.15,1467.7,1081.46,308.989,154.494,308.989,540.73,463.483,1004.21,540.73
50,145,2162.92,2626.4,1931.18,1622.19,463.483,540.73,1158.71,1544.94,1004.21,1467.7,1158.71
50,146,1313.2,2780.9,3398.88,3012.64,1622.19,1544.94,1853.93,1467.7,1004.21,1235.96,1081.46
50,147,1158.71,3476.12,3476.12,3476.12,2240.17,2085.67,1776.69,1158.71,772.472,2085.67,849.719
50,148,1004.21,2935.39,1004.21,1081.46,2549.16,2549.16,2394.66,1622.19,1158.71,3089.89,1544.94
50,149,1158.71,1622.19,772.472,617.978,3167.13,3089.89,2471.91,1081.46,926.966,2549.16,1390.45
50,150,1081.46,1004.21,772.472,540.73,2317.42,2858.15,1699.44,695.225,772.472,1776.69,772.472
50,151,926.966,1004.21,3321.63,2935.39,1544.94,2471.91,2008.43,2471.91,2549.16,2394.66,1853.93
50,152,1158.71,1235.96,3012.64,3398.88,2240.17,3167.13,3630.62,3630.62,3785.11,2549.16,2935.39
50,153,1853.93,3012.64,3321.63,2703.65,3089.89,4094.1,3012.64,1931.18,2162.92,1622.19,1622.19
50,154,3012.64,5561.8,5330.06,4480.34,2085.67,2935.39,1853.93,2162.92,1544.94,1467.7,1004.21
50,155,3476.12,5252.81,5716.29,6102.53,2471.91,2626.4,3862.36,4557.58,3398.88,2626.4,2162.92
50,156,3707.87,5175.56,4016.85,4480.34,3939.61,4712.08,6334.27,4712.08,3939.61,4789.33,3321.63
50,157,3707.87,5870.79,3939.61,4403.09,4171.35,6257.02,4943.82,2549.16,3012.64,4325.84,3630.62
50,158,3167.13,5716.29,3476.12,4325.84,3476.12,4325.84,2780.9,2008.43,1776.69,2085.67,1776.69
50,159,2626.4,3862.36,2626.4,2858.15,5175.56,3630.62,3630.62,2780.9,2317.42,2240.17,1699.44
50,160,2085.67,2703.65,2471.91,2240.17,4094.1,3244.38,2085.67,1313.2,1699.44,1544.94,2162.92
50,161,2394.66,2780.9,3553.37,3321.63,2085.67,1313.2,1467.7,2471.91,1853.93,926.966,1313.2
50,162,3244.38,3939.61,4480.34,4016.85,2471.91,1699.44,2317.42,2394.66,2703.65,1313.2,1853.93
50,163,2317.42,4480.34,3476.12,3862.36,1158.71,1467.7,926.966,695.225,1081.46,540.73,1081.46
50,164,2085.67,2471.91,2394.66,2317.42,617.978,463.483,463.483,926.966,772.472,231.742,308.989
50,165,2240.17,2549.16,2394.66,1853.93,386.236,463.483,463.483,463.483,849.719,463.483,617.978
50,166,1081.46,1390.45,1622.19,1390.45,154.494,308.989,231.742,308.989,231.742,308.989,386.236
50,167,695.225,540.73,540.73,617.978,231.742,231.742,308.989,308.989,308.989,231.742,154.494
50,168,386.236,540.73,540.73,386.236,231.742,308.989,231.742,154.494,231.742,386.236,308.989
50,169,308.989,540.73,308.989,386.236,154.494,154.494,154.494,154.494,154.494,231.742,231.742
50,170,231.742,386.236,308.989,386.236,154.494,154.494,154.494,154.494,154.494,154.494,154.494
50,171,386.236,540.73,308.989,308.989,154.494,154.494,77.2472,154.494,154.494,154.494,154.494
51,140,308.989,308.989,308.989,308.989,77.2472,77.2472,77.2472,77.2472,154.494,154.494,77.2472
51,141,463.483,617.978,617.978,540.73,77.2472,77.2472,154.494,154.494,308.989,231.742,231.742
51,142,1158.71,1081.46,386.236,308.989,77.2472,154.494,231.742,386.236,463.483,231.742,308.989
51,143,1622.19,849.719,1313.2,1081.46,308.989,308.989,308.989,308.989,386.236,231.742,231.742
51,144,1776.69,2240.17,2626.4,2008.43,540.73,308.989,308.989,695.225,617.978,1158.71,617.978
51,145,2858.15,3630.62,2240.17,1853.93,540.73,540.73,1235.96,1853.93,1467.7,2240.17,1699.44
51,146,2626.4,3321.63,2471.91,2317.42,1544.94,1699.44,2394.66,2394.66,1853.93,2317.42,2008.43
51,147,1622.19,3244.38,3553.37,3707.87,2935.39,2703.65,2626.4,1931.18,1235.96,2162.92,1467.7
51,148,1313.2,3630.62,2780.9,3167.13,2626.4,2858.15,2780.9,1853.93,1081.46,2317.42,1390.45
51,149,1158.71,4171.35,1467.7,1390.45,2471.91,3167.13,2549.16,1313.2,1004.21,2317.42,1313.2
51,150,1235.96,3321.63,617.978,540.73,3244.38,2935.39,2162.92,1158.71,1235.96,2471.91,1158.71
51,151,1390.45,1853.93,617.978,849.719,3785.11,2703.65,2549.16,1853.93,2085.67,3398.88,1699.44
51,152,1544.94,1544.94,1158.71,1622.19,3939.61,3398.88,3553.37,2162.92,2394.66,3630.62,2008.43
51,153,1699.44,3167.13,2935.39,2471.91,3398.88,4016.85,3089.89,1544.94,1622.19,2549.16,1467.7
51,154,2471.91,5870.79,5252.81,4557.58,3167.13,3167.13,2471.91,2394.66,2085.67,2935.39,1622.19
51,155,3785.11,6643.26,4789.33,5175.56,3630.62,2626.4,3939.61,4403.09,4403.09,5716.29,3939.61
51,156,4634.83,6566.01,4325.84,4016.85,3630.62,3089.89,5175.56,4248.6,5716.29,6797.75,6179.78
51,157,4634.83,6179.78,5330.06,4171.35,3321.63,3167.13,3785.11,2471.91,3939.61,3939.61,4943.82
51,158,4248.6,5948.03,5639.04,4480.34,4094.1,3089.89,3553.37,3089.89,2394.66,2085.67,2162.92
51,159,3167.13,4712.08,3785.11,3939.61,5330.06,4634.83,4557.58,3167.13,2780.9,2317.42,2162.92
51,160,1853.93,3321.63,2240.17,2935.39,3476.12,3630.62,2085.67,1467.7,1853.93,1158.71,2085.67
51,161,1853.93,2626.4,2394.66,2549.16,2240.17,1313.2,1544.94,2626.4,2162.92,772.472,1313.2
51,162,2317.42,3321.63,3244.38,3089.89,1699.44,1390.45,1699.44,2008.43,2780.9,1081.46,1853.93
51,163,1931.18,4325.84,3630.62,3167.13,926.966,849.719,617.978,540.73,849.719,540.73,926.966
51,164,1544.94,2240.17,2085.67,2008.43,772.472,308.989,463.483,849.719,695.225,231.742,308.989
51,165,1390.45,1931.18,1699.44,1158.71,386.236,386.236,386.236,308.989,617.978,463.483,540.73
51,166,772.472,926.966,1235.96,1081.46,231.742,308.989,231.742,308.989,231.742,386.236,308.989
51,167,386.236,540.73,463.483,695.225,308.989,308.989,386.236,308.989,308.989,231.742,231.742
51,168,231.742,540.73,463.483,386.236,231.742,308.989,231.742,154.494,231.742,308.989,308.989
51,169,231.742,617.978,463.483,540.73,154.494,154.494,154.494,154.494,154.494,154.494,231.742
51,170,231.742,386.236,308.989,386.236,231.742,231.742,154.494,154.494,231.742,231.742,154.494
51,171,308.989,463.483,386.236,308.989,154.494,154.494,77.2472,154.494,154.494,154.494,154.494
52,140,308.989,308.989,231.742,231.742,154.494,154.494,154.494,77.2472,154.494,154.494,77.2472
52,141,463.483,386.236,695.225,617.978,154.494,77.2472,77.2472,154.494,308.989,308.989,231.742
52,142,926.966,1081.46,849.719,695.225,77.2472,77.2472,308.989,540.73,617.978,386.236,463.483
52,143,1853.93,1390.45,772.472,695.225,308.989,386.236,617.978,617.978,617.978,308.989,386.236
52,144,2240.17,1313.2,2394.66,2085.67,772.472,540.73,463.483,617.978,617.978,1004.21,540.73
52,145,2240.17,2703.65,3398.88,2780.9,772.472,540.73,1158.71,1776.69,1390.45,2240.17,1699.44
52,146,3089.89,4248.6,3089.89,2471.91,1004.21,1622.19,2549.16,2780.9,2240.17,2780.9,2549.16
52,147,3244.38,4634.83,3012.64,2626.4,2858.15,2935.39,2780.9,2317.42,2008.43,2626.4,2162.92
52,148,2394.66,3707.87,3553.37,3553.37,4016.85,2703.65,2394.66,1853.93,1467.7,2549.16,1853.93
52,149,1622.19,3862.36,4403.09,4480.34,2935.39,2240.17,2626.4,2008.43,1390.45,2471.91,1853.93
52,150,1544.94,5330.06,3476.12,3244.38,2085.67,2780.9,3012.64,2317.42,2008.43,2471.91,2008.43
52,151,1776.69,5098.31,1699.44,1544.94,3244.38,3244.38,3321.63,2626.4,2317.42,2703.65,2162.92
52,152,2008.43,3476.12,1313.2,1313.2,4403.09,3476.12,3321.63,2162.92,1931.18,2780.9,1853.93
52,153,2394.66,3321.63,3089.89,2471.91,4325.84,3553.37,3012.64,1544.94,1544.94,2626.4,1467.7
52,154,2858.15,4403.09,5561.8,4403.09,4557.58,3553.37,2935.39,2085.67,2008.43,3244.38,1776.69
52,155,3630.62,5175.56,5870.79,4557.58,5330.06,3862.36,3012.64,2780.9,3167.13,4634.83,3398.88
52,156,4248.6,5330.06,5870.79,4403.09,4866.57,3398.88,2780.9,2317.42,3244.38,4171.35,4171.35
52,157,4403.09,5639.04,6179.78,5639.04,3939.61,2935.39,2780.9,3012.64,2549.16,2240.17,2780.9
52,158,4480.34,6411.52,5793.54,6488.76,3321.63,3089.89,4094.1,4789.33,3476.12,2162.92,2162.92
52,159,3785.11,6334.27,4171.35,5098.31,2703.65,3785.11,4171.35,3553.37,4094.1,2317.42,3167.13
52,160,2471.91,4016.85,2935.39,3012.64,2008.43,2394.66,1699.44,1544.94,2085.67,926.966,2162.92
52,161,1776.69,2240.17,2471.91,2471.91,1853.93,1081.46,1390.45,1931.18,1776.69,772.472,1081.46
52,162,1544.94,2162.92,2703.65,2549.16,1158.71,1081.46,1081.46,1313.2,2008.43,849.719,1467.7
52,163,1235.96,2394.66,3630.62,2471.91,695.225,617.978,463.483,772.472,695.225,386.236,695.225
52,164,1004.21,1390.45,1931.18,1931.18,540.73,386.236,540.73,849.719,849.719,231.742,231.742
52,165,849.719,1235.96,1544.94,1004.21,308.989,463.483,386.236,386.236,617.978,540.73,540.73
52,166,540.73,617.978,926.966,849.719,308.989,231.742,231.742,386.236,231.742,308.989,386.236
52,167,386.236,540.73,540.73,849.719,386.236,308.989,386.236,386.236,386.236,231.742,231.742
52,168,308.989,540.73,617.978,540.73,231.742,308.989,231.742,154.494,308.989,308.989,386.236
52,169,308.989,540.73,540.73,772.472,154.494,154.494,231.742,231.742,231.742,154.494,231.742
52,170,308.989,308.989,308.989,386.236,231.742,231.742,231.742,154.494,308.989,231.742,154.494
52,174,231.742,308.989,231.742,231.742,231.742,231.742,154.494,77.2472,154.494,154.494,77.2472
53,141,540.73,386.236,386.236,463.483,231.742,154.494,154.494,154.494,231.742,231.742,154.494
53,142,695.225,617.978,1081.46,1004.21,154.494,77.2472,231.742,463.483,540.73,540.73,540.73
53,143,1313.2,1467.7,1004.21,849.719,154.494,386.236,695.225,926.966,926.966,617.978,772.472
53,144,2240.17,1776.69,1158.71,1081.46,617.978,772.472,772.472,772.472,849.719,849.719,695.225
53,145,2626.4,1776.69,2703.65,2240.17,1158.71,695.225,849.719,1235.96,1158.71,1776.69,1235.96
53,146,2549.16,3012.64,4016.85,3321.63,1081.46,926.966,2008.43,2626.4,2085.67,2317.42,2240.17
53,147,3244.38,5175.56,4171.35,3476.12,1158.71,2317.42,3012.64,3244.38,2471.91,2317.42,2394.66
53,148,3707.87,5948.03,3398.88,3012.64,2858.15,2935.39,2626.4,2394.66,1931.18,2240.17,1853.93
53,149,3167.13,4634.83,4094.1,4403.09,4094.1,2317.42,2085.67,2008.43,1699.44,2394.66,1776.69
53,150,2471.91,4248.6,5639.04,5948.03,2858.15,2008.43,2626.4,2703.65,2162.92,2549.16,2240.17
53,151,2394.66,5407.3,5252.81,5098.31,1931.18,2549.16,3244.38,3321.63,2780.9,2471.91,2549.16
53,152,2780.9,5948.03,3476.12,3707.87,2240.17,2935.39,3398.88,3167.13,2703.65,2317.42,2394.66
53,153,3012.64,5639.04,3244.38,3862.36,2471.91,2780.9,3476.12,2780.9,2471.91,2240.17,2008.43
53,154,3089.89,5021.07,4171.35,4866.57,2471.91,3244.38,4016.85,3321.63,3089.89,2162.92,2085.67
53,155,3244.38,4634.83,4712.08,4789.33,2626.4,4094.1,4171.35,4094.1,3476.12,1931.18,2240.17
53,156,3398.88,4325.84,4943.82,4789.33,2703.65,3862.36,3862.36,3862.36,3167.13,1544.94,2008.43
53,157,3553.37,4557.58,5175.56,5252.81,2626.4,3012.64,3321.63,4016.85,3707.87,1544.94,2008.43
53,158,4016.85,5484.55,5793.54,5175.56,2240.17,2008.43,3012.64,3707.87,4634.83,2240.17,2935.39
53,159,3939.61,5948.03,5793.54,4480.34,1699.44,1467.7,1853.93,1931.18,3398.88,1776.69,3089.89
53,160,2626.4,3862.36,4016.85,3630.62,1390.45,849.719,926.966,1313.2,1313.2,617.978,1235.96
53,161,2008.43,2008.43,2240.17,2858.15,1158.71,849.719,1235.96,1699.44,1390.45,540.73,695.225
53,162,1467.7,1544.94,1931.18,2085.67,540.73,926.966,772.472,1081.46,1467.7,695.225,1081.46
53,163,849.719,1004.21,2240.17,2008.43,308.989,540.73,463.483,695.225,617.978,386.236,617.978
53,164,617.978,617.978,1235.96,1544.94,308.989,463.483,540.73,617.978,695.225,308.989,231.742
53,165,463.483,540.73,1158.71,695.225,308.989,386.236,308.989,308.989,463.483,540.73,463.483
53,166,308.989,386.236,695.225,849.719,386.236,231.742,231.742,463.483,231.742,231.742,386.236
53,167,308.989,463.483,463.483,849.719,308.989,308.989,386.236,386.236,463.483,231.742,231.742
53,168,308.989,463.483,695.225,695.225,231.742,231.742,154.494,231.742,308.989,308.989,386.236
53,169,386.236,540.73,386.236,772.472,231.742,154.494,231.742,308.989,231.742,154.494,154.494
53,170,308.989,386.236,308.989,386.236,231.742,154.494,231.742,154.494,308.989,231.742,231.742
53,171,231.742,308.989,308.989,308.989,231.742,154.494,154.494,154.494,154.494,231.742,231.742
54,141,540.73,463.483,231.742,308.989,231.742,231.742,231.742,231.742,231.742,154.494,154.494
54,142,772.472,540.73,617.978,695.225,308.989,231.742,154.494,231.742,386.236,540.73,308.989
54,143,926.966,772.472,1390.45,1158.71,231.742,154.494,540.73,849.719,849.719,849.719,849.719
54,144,1467.7,1622.19,1390.45,926.966,231.742,617.978,1081.46,1235.96,1158.71,926.966,1081.46
54,145,2162.92,2085.67,1467.7,1158.71,1004.21,1235.96,1004.21,1004.21,1081.46,1235.96,1081.46
54,146,2626.4,2008.43,2935.39,2394.66,1931.18,926.966,1004.21,1467.7,1544.94,1931.18,1622.19
54,147,2858.15,2780.9,5098.31,4325.84,1544.94,849.719,1931.18,2935.39,2394.66,2162.92,2317.42
54,148,3089.89,4094.1,5716.29,4480.34,926.966,1931.18,2935.39,3630.62,2935.39,1931.18,2471.91
54,149,3321.63,4325.84,4094.1,3167.13,2008.43,2626.4,2626.4,3089.89,2703.65,1853.93,2240.17
54,150,3321.63,4171.35,3707.87,3398.88,2858.15,2085.67,2008.43,2394.66,2240.17,1853.93,1931.18
54,151,3398.88,4480.34,5252.81,4789.33,2471.91,1699.44,1853.93,2240.17,2162.92,1853.93,1931.18
54,152,3476.12,5098.31,6025.28,5252.81,2085.67,1544.94,1853.93,2394.66,2317.42,2162.92,2162.92
54,153,3398.88,5330.06,5330.06,4403.09,2085.67,1313.2,1931.18,2471.91,2549.16,2626.4,2317.42
54,154,3244.38,4712.08,4634.83,3939.61,2162.92,1313.2,2162.92,2780.9,3321.63,2549.16,2626.4
54,155,3089.89,3862.36,4094.1,3707.87,1931.18,1622.19,2317.42,2935.39,3862.36,2240.17,3012.64
54,156,2626.4,3553.37,3862.36,3553.37,2085.67,1544.94,2085.67,2471.91,3630.62,1776.69,2703.65
54,157,2549.16,3553.37,4403.09,3939.61,2240.17,1313.2,1467.7,2008.43,3244.38,1467.7,2394.66
54,158,2626.4,3553.37,5098.31,4557.58,1699.44,1235.96,1004.21,1313.2,2317.42,1390.45,2008.43
54,159,2394.66,3321.63,4866.57,4557.58,1081.46,1081.46,772.472,1158.71,1158.71,849.719,1158.71
54,160,1776.69,2008.43,2935.39,3012.64,772.472,926.966,926.966,1390.45,926.966,386.236,540.73
54,161,1390.45,1390.45,1390.45,1313.2,617.978,772.472,926.966,1081.46,1313.2,617.978,695.225
54,162,849.719,1313.2,1081.46,772.472,463.483,463.483,463.483,540.73,1004.21,695.225,926.966
54,163,540.73,772.472,849.719,926.966,386.236,308.989,308.989,386.236,386.236,386.236,540.73
54,164,386.236,463.483,540.73,695.225,231.742,308.989,386.236,308.989,386.236,308.989,231.742
54,165,231.742,386.236,540.73,463.483,308.989,308.989,231.742,231.742,231.742,386.236,308.989
54,166,231.742,463.483,386.236,617.978,386.236,308.989,308.989,463.483,231.742,231.742,231.742
54,167,308.989,463.483,463.483,617.978,231.742,231.742,308.989,386.236,540.73,308.989,308.989
54,168,308.989,463.483,540.73,695.225,308.989,154.494,231.742,231.742,308.989,308.989,463.483
54,169,308.989,386.236,386.236,540.73,308.989,231.742,231.742,231.742,231.742,154.494,231.742
54,170,231.742,308.989,308.989,308.989,308.989,231.742,154.494,154.494,231.742,231.742,231.742
54,171,231.742,308.989,231.742,231.742,308.989,154.494,154.494,77.2472,154.494,231.742,231.742
54,172,231.742,308.989,231.742,308.989,231.742,154.494,154.494,154.494,154.494,154.494,77.2472
55,139,231.742,231.742,154.494,231.742,154.494,154.494,77.2472,77.2472,154.494,231.742,154.494
55,142,617.978,617.978,386.236,308.989,231.742,386.236,308.989,231.742,308.989,308.989,154.494
55,143,849.719,695.225,849.719,849.719,386.236,231.742,231.742,386.236,540.73,849.719,540.73
55,144,1004.21,772.472,1776.69,1467.7,308.989,231.742,772.472,1235.96,1158.71,1081.46,1235.96
55,145,1313.2,1544.94,1776.69,1390.45,231.742,1081.46,1622.19,1853.93,1544.94,926.966,1313.2
55,146,1699.44,2008.43,1622.19,1313.2,1235.96,1776.69,1467.7,1544.94,1313.2,1158.71,1158.71
55,147,2162.92,2008.43,2471.91,2549.16,2162.92,1081.46,849.719,1235.96,1467.7,1699.44,1467.7
55,148,2626.4,2240.17,4094.1,4248.6,1390.45,695.225,1467.7,2085.67,2317.42,1931.18,2085.67
55,149,2935.39,2471.91,4480.34,4094.1,695.225,1467.7,2162.92,2703.65,2858.15,1776.69,2471.91
55,150,2858.15,2549.16,3862.36,3012.64,1158.71,1853.93,1931.18,2394.66,2471.91,1235.96,2008.43
55,151,2780.9,2780.9,3862.36,2935.39,1622.19,1622.19,1544.94,1931.18,2008.43,1004.21,1622.19
55,152,2780.9,3089.89,4866.57,4248.6,1544.94,1390.45,1390.45,2162.92,1931.18,1081.46,1544.94
55,153,3012.64,3244.38,5252.81,4789.33,1313.2,1390.45,1467.7,2394.66,2008.43,1467.7,1622.19
55,154,2935.39,3244.38,4480.34,4248.6,1235.96,1390.45,1544.94,2240.17,2317.42,1622.19,2008.43
55,155,2317.42,2780.9,3398.88,3476.12,1081.46,1390.45,1390.45,2085.67,2471.91,1390.45,2240.17
55,156,1853.93,2240.17,3244.38,2858.15,1081.46,1390.45,1313.2,2008.43,2240.17,1004.21,1853.93
55,157,1853.93,1931.18,3244.38,2935.39,1004.21,1390.45,1235.96,2008.43,1776.69,617.978,1235.96
55,158,1776.69,1853.93,2935.39,2935.39,695.225,1390.45,1081.46,1544.94,1235.96,463.483,695.225
55,159,1313.2,1235.96,2626.4,2317.42,540.73,1235.96,926.966,1158.71,1004.21,386.236,463.483
55,160,1004.21,772.472,1699.44,1390.45,617.978,849.719,772.472,849.719,1081.46,540.73,617.978
55,161,617.978,617.978,1004.21,772.472,772.472,463.483,463.483,386.236,849.719,772.472,849.719
55,162,463.483,926.966,849.719,540.73,772.472,231.742,231.742,308.989,386.236,540.73,695.225
55,163,308.989,772.472,617.978,463.483,463.483,308.989,231.742,308.989,231.742,231.742,231.742
55,164,308.989,540.73,386.236,386.236,308.989,308.989,231.742,231.742,231.742,231.742,154.494
55,165,308.989,617.978,308.989,386.236,231.742,231.742,231.742,308.989,154.494,231.742,154.494
55,168,308.989,463.483,386.236,463.483,386.236,154.494,231.742,231.742,231.742,308.989,386.236
55,169,308.989,386.236,308.989,308.989,231.742,231.742,231.742,231.742,231.742,154.494,154.494
55,170,231.742,308.989,231.742,308.989,308.989,154.494,154.494,154.494,231.742,231.742,231.742
55,171,231.742,386.236,231.742,231.742,308.989,231.742,231.742,154.494,154.494,231.742,154.494
55,172,231.742,463.483,231.742,231.742,231.742,231.742,154.494,154.494,154.494,154.494,154.494
56,143,617.978,772.472,463.483,463.483,386.236,540.73,386.236,308.989,386.236,463.483,308.989
56,144,772.472,772.472,849.719,926.966,617.978,308.989,231.742,463.483,695.225,1081.46,849.719
56,145,849.719,695.225,1622.19,1622.19,463.483,308.989,1081.46,1622.19,1467.7,1235.96,1544.94
56,146,1004.21,926.966,2008.43,1622.19,308.989,1235.96,1931.18,2394.66,1931.18,849.719,1544.94
56,147,1235.96,1313.2,1776.69,1313.2,1081.46,1622.19,1390.45,1622.19,1313.2,772.472,1081.46
56,148,1544.94,1622.19,1776.69,1467.7,1390.45,926.966,772.472,926.966,1081.46,1081.46,926.966
56,149,1622.19,1699.44,1931.18,2008.43,926.966,540.73,849.719,1158.71,1313.2,1313.2,1235.96
56,150,1699.44,1544.94,2240.17,2162.92,617.978,849.719,1235.96,1467.7,1622.19,1158.71,1390.45
56,151,1699.44,1390.45,2317.42,2008.43,772.472,926.966,1235.96,1544.94,1853.93,926.966,1544.94
56,152,1853.93,1544.94,2626.4,2162.92,926.966,1004.21,1235.96,1853.93,2162.92,926.966,1622.19
56,153,2008.43,1699.44,2626.4,2317.42,849.719,926.966,1158.71,1776.69,2162.92,926.966,1544.94
56,154,1699.44,1699.44,2394.66,2085.67,695.225,1004.21,1158.71,1544.94,1931.18,849.719,1390.45
56,155,1313.2,1390.45,2085.67,1699.44,540.73,926.966,1081.46,1390.45,1853.93,617.978,1235.96
56,156,1158.71,1004.21,1931.18,1544.94,463.483,849.719,1081.46,1467.7,1853.93,540.73,1081.46
56,157,1004.21,1004.21,1699.44,1544.94,540.73,849.719,1004.21,1544.94,1776.69,463.483,926.966
56,158,772.472,1158.71,1313.2,1158.71,695.225,772.472,772.472,1004.21,1313.2,463.483,617.978
56,159,540.73,695.225,849.719,849.719,772.472,617.978,540.73,463.483,849.719,540.73,540.73
56,160,386.236,386.236,540.73,772.472,695.225,540.73,386.236,308.989,540.73,617.978,617.978
56,161,308.989,540.73,463.483,772.472,617.978,463.483,386.236,308.989,308.989,540.73,540.73
56,162,308.989,695.225,772.472,617.978,386.236,540.73,540.73,463.483,231.742,308.989,308.989
56,163,308.989,695.225,849.719,695.225,231.742,463.483,386.236,386.236,386.236,154.494,154.494
56,164,308.989,617.978,463.483,463.483,308.989,231.742,231.742,231.742,308.989,154.494,231.742
56,171,231.742,386.236,231.742,231.742,231.742,231.742,308.989,231.742,231.742,154.494,154.494
56,173,231.742,308.989,231.742,231.742,231.742,154.494,231.742,231.742,77.2472,154.494,154.494
57,140,231.742,231.742,154.494,154.494,154.494,154.494,77.2472,77.2472,154.494,308.989,77.2472
57,141,308.989,231.742,231.742,308.989,154.494,77.2472,77.2472,154.494,308.989,463.483,386.236
57,144,463.483,695.225,617.978,463.483,463.483,695.225,540.73,463.483,463.483,617.978,386.236
57,145,540.73,617.978,617.978,695.225,772.472,386.236,308.989,463.483,695.225,1158.71,849.719
57,146,695.225,617.978,1004.21,1235.96,463.483,308.989,849.719,1390.45,1390.45,1158.71,1313.2
57,147,772.472,695.225,1544.94,1467.7,308.989,849.719,1235.96,1622.19,1622.19,695.225,1313.2
57,148,849.719,772.472,1622.19,1313.2,540.73,926.966,926.966,1158.71,1235.96,463.483,926.966
57,149,772.472,849.719,1467.7,1081.46,695.225,695.225,540.73,772.472,849.719,617.978,617.978
57,150,849.719,1081.46,1313.2,1081.46,695.225,463.483,540.73,695.225,772.472,695.225,617.978
57,151,849.719,1081.46,1158.71,1235.96,617.978,463.483,695.225,849.719,1004.21,926.966,849.719
57,152,849.719,1004.21,1235.96,1313.2,695.225,540.73,617.978,849.719,1158.71,926.966,1004.21
57,153,926.966,1004.21,1313.2,1158.71,695.225,540.73,540.73,695.225,1158.71,849.719,1004.21
57,154,849.719,772.472,1390.45,1081.46,772.472,463.483,463.483,540.73,849.719,772.472,772.472
57,155,695.225,617.978,1158.71,926.966,617.978,386.236,308.989,463.483,849.719,695.225,617.978
57,156,540.73,463.483,926.966,926.966,463.483,386.236,386.236,540.73,849.719,695.225,617.978
57,157,463.483,617.978,695.225,695.225,463.483,463.483,463.483,540.73,849.719,695.225,695.225
57,158,386.236,772.472,772.472,463.483,617.978,540.73,386.236,386.236,540.73,617.978,540.73
57,159,308.989,772.472,540.73,386.236,617.978,540.73,308.989,308.989,308.989,463.483,386.236
57,160,308.989,540.73,308.989,386.236,386.236,617.978,386.236,386.236,231.742,386.236,308.989
57,161,386.236,695.225,386.236,540.73,308.989,540.73,463.483,463.483,308.989,231.742,231.742
57,162,308.989,695.225,695.225,617.978,308.989,463.483,540.73,463.483,386.236,231.742,231.742
57,163,308.989,540.73,617.978,772.472,308.989,308.989,308.989,231.742,308.989,308.989,231.742
57,164,308.989,463.483,540.73,463.483,231.742,231.742,154.494,154.494,231.742,231.742,231.742
57,166,231.742,308.989,308.989,386.236,231.742,154.494,154.494,154.494,154.494,154.494,154.494
57,171,231.742,308.989,231.742,231.742,231.742,231.742,308.989,231.742,231.742,154.494,154.494
58,142,308.989,386.236,308.989,308.989,231.742,154.494,154.494,231.742,386.236,617.978,463.483
58,145,308.989,463.483,617.978,463.483,386.236,695.225,540.73,540.73,463.483,540.73,386.236
58,146,386.236,463.483,463.483,386.236,617.978,386.236,231.742,308.989,463.483,772.472,540.73
58,147,463.483,540.73,540.73,617.978,386.236,231.742,386.236,617.978,772.472,849.719,849.719
58,148,463.483,540.73,772.472,926.966,231.742,386.236,617.978,849.719,1004.21,617.978,926.966
58,149,463.483,463.483,926.966,1004.21,231.742,540.73,540.73,849.719,926.966,386.236,772.472
58,150,463.483,540.73,1004.21,926.966,308.989,540.73,463.483,772.472,772.472,386.236,617.978
58,151,540.73,540.73,1004.21,849.719,308.989,463.483,463.483,772.472,772.472,463.483,540.73
58,152,463.483,695.225,926.966,772.472,231.742,463.483,540.73,772.472,849.719,463.483,540.73
58,153,463.483,617.978,772.472,772.472,231.742,540.73,617.978,617.978,772.472,386.236,463.483
58,154,386.236,695.225,617.978,695.225,308.989,540.73,540.73,617.978,617.978,308.989,386.236
58,155,386.236,540.73,463.483,617.978,308.989,540.73,463.483,617.978,540.73,386.236,308.989
58,156,308.989,540.73,386.236,540.73,308.989,463.483,463.483,540.73,463.483,386.236,308.989
58,157,308.989,540.73,463.483,463.483,231.742,540.73,463.483,463.483,386.236,386.236,386.236
58,159,308.989,463.483,695.225,617.978,231.742,463.483,386.236,386.236,308.989,231.742,231.742
58,160,386.236,463.483,463.483,463.483,308.989,386.236,308.989,308.989,308.989,231.742,231.742
58,161,308.989,463.483,463.483,386.236,540.73,308.989,308.989,308.989,386.236,231.742,231.742
58,162,308.989,463.483,540.73,463.483,540.73,308.989,154.494,231.742,308.989,308.989,308.989
58,163,308.989,386.236,540.73,386.236,308.989,231.742,154.494,154.494,154.494,308.989,231.742
58,166,231.742,386.236,308.989,386.236,231.742,154.494,154.494,231.742,154.494,77.2472,77.2472
59,143,231.742,386.236,231.742,308.989,308.989,154.494,154.494,231.742,386.236,617.978,463.483
59,151,386.236,463.483,540.73,540.73,308.989,308.989,308.989,463.483,617.978,386.236,617.978
59,152,386.236,463.483,617.978,617.978,308.989,231.742,308.989,463.483,695.225,386.236,617.978
59,157,308.989,540.73,540.73,386.236,308.989,231.742,231.742,308.989,386.236,231.742,308.989
59,158,308.989,463.483,463.483,540.73,231.742,231.742,231.742,231.742,308.989,231.742,231.742
59,159,308.989,540.73,386.236,617.978,154.494,231.742,231.742,231.742,308.989,231.742,231.742
59,160,231.742,540.73,308.989,463.483,231.742,231.742,154.494,231.742,308.989,308.989,308.989
59,161,308.989,386.236,463.483,308.989,386.236,308.989,231.742,231.742,231.742,308.989,308.989
59,163,231.742,308.989,308.989,308.989,231.742,308.989,154.494,154.494,154.494,154.494,154.494
59,164,154.494,386.236,308.989,308.989,308.989,154.494,77.2472,77.2472,154.494,77.2472,77.2472
59,165,154.494,386.236,308.989,386.236,231.742,154.494,154.494,154.494,77.2472,77.2472,77.2472
59,168,231.742,308.989,231.742,308.989,154.494,154.494,154.494,77.2472,231.742,154.494,231.742
60,143,231.742,308.989,386.236,308.989,231.742,386.236,231.742,231.742,231.742,386.236,154.494
60,151,231.742,463.483,308.989,308.989,231.742,231.742,231.742,231.742,386.236,308.989,308.989
60,152,231.742,463.483,308.989,308.989,231.742,231.742,154.494,231.742,386.236,386.236,386.236
60,153,308.989,386.236,308.989,308.989,231.742,231.742,154.494,231.742,308.989,463.483,463.483
60,154,308.989,386.236,386.236,386.236,231.742,231.742,231.742,231.742,386.236,463.483,540.73
60,155,308.989,386.236,386.236,386.236,231.742,308.989,231.742,308.989,386.236,386.236,463.483
60,157,231.742,386.236,386.236,386.236,231.742,308.989,154.494,231.742,231.742,231.742,231.742
60,162,231.742,308.989,308.989,308.989,154.494,308.989,231.742,154.494,154.494,154.494,154.494
60,163,231.742,463.483,231.742,386.236,231.742,231.742,154.494,154.494,154.494,154.494,77.2472
60,164,154.494,386.236,308.989,308.989,308.989,154.494,154.494,154.494,77.2472,154.494,77.2472
61,150,308.989,308.989,386.236,386.236,154.494,231.742,231.742,231.742,308.989,231.742,231.742
61,154,231.742,386.236,231.742,231.742,154.494,231.742,231.742,231.742,231.742,231.742,154.494
61,161,231.742,386.236,231.742,308.989,154.494,154.494,154.494,154.494,154.494,154.494,77.2472
61,162,231.742,386.236,231.742,308.989,231.742,154.494,154.494,154.494,154.494,154.494,77.2472
62,150,231.742,386.236,231.742,308.989,154.494,154.494,154.494,154.494,231.742,231.742,231.742
63,146,231.742,231.742,154.494,308.989,77.2472,231.742,154.494,154.494,154.494,77.2472,154.494
