71,266,154.494,231.742,154.494,386.236,77.2472,77.2472,77.2472,77.2472,77.2472,77.2472,77.2472
71,267,154.494,231.742,154.494,463.483,77.2472,77.2472,77.2472,77.2472,77.2472,77.2472,77.2472
70,268,77.2472,154.494,154.494,540.73,77.2472,77.2472,77.2472,77.2472,154.494,77.2472,77.2472
71,268,154.494,231.742,154.494,540.73,77.2472,77.2472,77.2472,77.2472,77.2472,77.2472,77.2472
72,268,77.2472,231.742,154.494,463.483,77.2472,154.494,77.2472,77.2472,77.2472,154.494,77.2472
69,269,154.494,231.742,154.494,540.73,154.494,77.2472,77.2472,77.2472,77.2472,77.2472,77.2472
70,269,77.2472,231.742,154.494,617.978,77.2472,77.2472,154.494,77.2472,77.2472,77.2472,77.2472
71,269,154.494,231.742,154.494,540.73,77.2472,154.494,154.494,154.494,154.494,77.2472,77.2472
72,269,154.494,231.742,154.494,463.483,77.2472,77.2472,77.2472,154.494,77.2472,77.2472,77.2472
68,270,154.494,231.742,77.2472,463.483,154.494,77.2472,77.2472,154.494,77.2472,77.2472,154.494
69,270,154.494,231.742,154.494,617.978,154.494,77.2472,77.2472,77.2472,77.2472,77.2472,77.2472
70,270,154.494,231.742,154.494,540.73,154.494,154.494,77.2472,77.2472,77.2472,154.494,77.2472
71,270,154.494,154.494,154.494,463.483,77.2472,154.494,154.494,77.2472,77.2472,77.2472,77.2472
72,270,154.494,231.742,77.2472,386.236,154.494,154.494,154.494,154.494,154.494,77.2472,77.2472
68,271,154.494,154.494,231.742,540.73,154.494,77.2472,154.494,154.494,154.494,77.2472,154.494
69,271,154.494,231.742,154.494,617.978,154.494,77.2472,154.494,154.494,154.494,77.2472,154.494
70,271,154.494,231.742,154.494,540.73,154.494,154.494,154.494,154.494,154.494,154.494,154.494
71,271,154.494,231.742,154.494,386.236,154.494,154.494,154.494,154.494,77.2472,154.494,154.494
67,272,154.494,308.989,154.494,308.989,154.494,154.494,77.2472,77.2472,77.2472,77.2472,77.2472
68,272,154.494,231.742,231.742,540.73,77.2472,154.494,154.494,154.494,77.2472,77.2472,77.2472
69,272,154.494,231.742,231.742,617.978,77.2472,154.494,154.494,231.742,154.494,77.2472,77.2472
70,272,154.494,231.742,154.494,540.73,154.494,154.494,231.742,308.989,154.494,77.2472,154.494
62,273,231.742,231.742,231.742,231.742,231.742,308.989,231.742,154.494,77.2472,77.2472,77.2472
68,273,231.742,386.236,154.494,308.989,154.494,154.494,154.494,154.494,154.494,154.494,154.494
69,273,231.742,231.742,231.742,308.989,154.494,231.742,154.494,154.494,154.494,154.494,154.494
60,274,231.742,540.73,386.236,386.236,154.494,154.494,154.494,154.494,154.494,154.494,154.494
63,274,308.989,386.236,154.494,154.494,77.2472,154.494,231.742,231.742,154.494,154.494,154.494
69,274,231.742,308.989,231.742,386.236,231.742,154.494,231.742,308.989,308.989,231.742,231.742
70,274,231.742,231.742,154.494,231.742,231.742,231.742,154.494,231.742,231.742,308.989,231.742
61,275,308.989,386.236,154.494,154.494,77.2472,154.494,231.742,231.742,231.742,154.494,231.742
66,275,463.483,463.483,386.236,463.483,154.494,231.742,154.494,77.2472,77.2472,77.2472,77.2472
67,275,463.483,617.978,231.742,231.742,154.494,231.742,231.742,154.494,77.2472,77.2472,77.2472
68,275,308.989,463.483,463.483,386.236,77.2472,386.236,308.989,231.742,154.494,154.494,154.494
69,275,308.989,308.989,540.73,772.472,154.494,308.989,463.483,386.236,308.989,154.494,154.494
70,275,308.989,308.989,463.483,695.225,154.494,154.494,308.989,540.73,386.236,231.742,308.989
71,275,386.236,386.236,308.989,463.483,231.742,154.494,154.494,386.236,386.236,308.989,386.236
72,275,231.742,386.236,231.742,308.989,154.494,231.742,154.494,231.742,231.742,308.989,308.989
54,276,231.742,463.483,308.989,308.989,231.742,154.494,154.494,231.742,231.742,154.494,154.494
55,276,308.989,386.236,231.742,231.742,154.494,231.742,154.494,231.742,231.742,154.494,154.494
59,276,231.742,540.73,849.719,695.225,231.742,308.989,154.494,154.494,77.2472,77.2472,77.2472
61,276,308.989,231.742,308.989,308.989,231.742,231.742,231.742,154.494,154.494,154.494,154.494
62,276,386.236,463.483,154.494,154.494,231.742,231.742,154.494,77.2472,154.494,77.2472,154.494
63,276,308.989,386.236,231.742,231.742,154.494,231.742,154.494,77.2472,154.494,77.2472,77.2472
64,276,386.236,772.472,231.742,231.742,77.2472,154.494,154.494,77.2472,77.2472,77.2472,77.2472
65,276,386.236,617.978,617.978,463.483,77.2472,154.494,154.494,154.494,154.494,154.494,77.2472
66,276,463.483,386.236,772.472,695.225,231.742,154.494,154.494,231.742,154.494,154.494,154.494
67,276,463.483,463.483,463.483,463.483,386.236,231.742,154.494,231.742,308.989,231.742,154.494
68,276,463.483,617.978,386.236,308.989,386.236,308.989,154.494,231.742,231.742,308.989,231.742
69,276,540.73,695.225,463.483,386.236,231.742,540.73,308.989,231.742,154.494,308.989,231.742
70,276,386.236,540.73,617.978,617.978,154.494,386.236,386.236,386.236,231.742,154.494,154.494
71,276,463.483,386.236,695.225,772.472,154.494,154.494,308.989,540.73,463.483,154.494,308.989
72,276,463.483,463.483,463.483,617.978,154.494,154.494,154.494,463.483,463.483,231.742,463.483
73,276,308.989,540.73,308.989,308.989,231.742,154.494,154.494,308.989,231.742,308.989,308.989
56,277,386.236,386.236,154.494,154.494,77.2472,154.494,77.2472,154.494,154.494,77.2472,77.2472
58,277,463.483,772.472,231.742,154.494,154.494,154.494,154.494,154.494,231.742,154.494,154.494
59,277,308.989,772.472,540.73,386.236,308.989,231.742,154.494,77.2472,154.494,77.2472,77.2472
60,277,231.742,386.236,463.483,540.73,231.742,231.742,154.494,154.494,154.494,77.2472,77.2472
64,277,463.483,463.483,308.989,231.742,77.2472,154.494,154.494,154.494,154.494,77.2472,77.2472
65,277,540.73,617.978,231.742,231.742,154.494,231.742,154.494,154.494,154.494,154.494,154.494
66,277,463.483,695.225,308.989,308.989,154.494,308.989,386.236,308.989,231.742,231.742,231.742
67,277,386.236,695.225,617.978,463.483,231.742,308.989,540.73,463.483,386.236,308.989,308.989
68,277,463.483,540.73,926.966,695.225,386.236,154.494,386.236,617.978,617.978,386.236,463.483
69,277,695.225,617.978,772.472,617.978,386.236,308.989,231.742,463.483,540.73,463.483,463.483
70,277,695.225,849.719,386.236,308.989,308.989,308.989,231.742,386.236,308.989,463.483,308.989
71,277,540.73,695.225,617.978,308.989,154.494,231.742,231.742,386.236,231.742,386.236,231.742
53,278,308.989,463.483,540.73,540.73,154.494,154.494,154.494,154.494,154.494,154.494,231.742
59,278,308.989,308.989,231.742,231.742,154.494,231.742,154.494,77.2472,77.2472,154.494,77.2472
60,278,463.483,386.236,154.494,154.494,154.494,231.742,231.742,154.494,77.2472,154.494,77.2472
61,278,463.483,540.73,231.742,154.494,77.2472,154.494,154.494,231.742,154.494,154.494,77.2472
62,278,386.236,540.73,386.236,308.989,77.2472,154.494,154.494,231.742,154.494,154.494,77.2472
63,278,308.989,540.73,463.483,463.483,154.494,154.494,77.2472,231.742,154.494,77.2472,154.494
64,278,308.989,540.73,540.73,463.483,231.742,231.742,154.494,154.494,154.494,77.2472,154.494
66,278,463.483,540.73,617.978,386.236,540.73,386.236,231.742,308.989,231.742,231.742,231.742
67,278,772.472,1158.71,540.73,463.483,308.989,617.978,463.483,386.236,308.989,308.989,231.742
68,278,617.978,1235.96,849.719,617.978,154.494,463.483,617.978,617.978,386.236,308.989,308.989
69,278,540.73,695.225,1081.46,849.719,231.742,231.742,540.73,772.472,617.978,386.236,463.483
70,278,695.225,540.73,849.719,695.225,231.742,231.742,308.989,926.966,695.225,695.225,617.978
71,278,695.225,926.966,463.483,386.236,231.742,308.989,308.989,849.719,386.236,849.719,540.73
72,278,540.73,772.472,540.73,308.989,231.742,231.742,386.236,849.719,386.236,617.978,386.236
49,279,308.989,463.483,308.989,308.989,154.494,154.494,154.494,154.494,154.494,154.494,231.742
52,279,308.989,617.978,386.236,231.742,154.494,231.742,77.2472,154.494,154.494,77.2472,154.494
53,279,463.483,772.472,386.236,308.989,77.2472,231.742,154.494,154.494,154.494,77.2472,77.2472
54,279,463.483,772.472,617.978,463.483,77.2472,154.494,154.494,154.494,77.2472,154.494,154.494
55,279,540.73,540.73,540.73,386.236,77.2472,154.494,77.2472,154.494,154.494,154.494,154.494
56,279,540.73,540.73,308.989,154.494,154.494,231.742,154.494,231.742,154.494,77.2472,154.494
57,279,308.989,540.73,308.989,154.494,154.494,231.742,231.742,77.2472,77.2472,77.2472,154.494
60,279,308.989,231.742,154.494,231.742,154.494,308.989,154.494,231.742,154.494,308.989,154.494
62,279,308.989,386.236,231.742,154.494,77.2472,231.742,154.494,154.494,154.494,154.494,154.494
63,279,386.236,540.73,386.236,308.989,154.494,154.494,154.494,154.494,77.2472,77.2472,77.2472
64,279,540.73,695.225,540.73,540.73,154.494,231.742,231.742,231.742,77.2472,154.494,77.2472
65,279,463.483,695.225,617.978,617.978,308.989,308.989,308.989,231.742,231.742,154.494,154.494
66,279,308.989,695.225,695.225,695.225,540.73,308.989,308.989,308.989,308.989,308.989,231.742
67,279,463.483,617.978,695.225,617.978,617.978,463.483,231.742,386.236,308.989,463.483,308.989
68,279,695.225,849.719,695.225,540.73,463.483,695.225,463.483,540.73,231.742,463.483,308.989
69,279,695.225,1004.21,540.73,463.483,308.989,617.978,695.225,695.225,308.989,386.236,231.742
70,279,540.73,926.966,772.472,463.483,386.236,463.483,695.225,1004.21,540.73,386.236,386.236
71,279,772.472,695.225,1313.2,926.966,386.236,463.483,540.73,1235.96,695.225,540.73,617.978
72,279,849.719,1004.21,926.966,926.966,386.236,463.483,695.225,1313.2,617.978,540.73,617.978
73,279,617.978,1004.21,695.225,540.73,540.73,463.483,617.978,1235.96,695.225,540.73,617.978
51,280,386.236,386.236,231.742,154.494,77.2472,77.2472,77.2472,154.494,154.494,154.494,154.494
55,280,463.483,308.989,231.742,154.494,154.494,231.742,231.742,154.494,154.494,154.494,154.494
56,280,386.236,386.236,231.742,154.494,154.494,308.989,154.494,154.494,154.494,154.494,154.494
58,280,231.742,386.236,463.483,386.236,154.494,308.989,231.742,154.494,77.2472,77.2472,77.2472
59,280,231.742,308.989,308.989,386.236,231.742,231.742,231.742,154.494,77.2472,77.2472,77.2472
60,280,231.742,231.742,154.494,231.742,231.742,308.989,231.742,231.742,231.742,154.494,231.742
63,280,231.742,463.483,386.236,308.989,231.742,154.494,154.494,154.494,154.494,154.494,77.2472
65,280,231.742,540.73,308.989,308.989,231.742,386.236,308.989,154.494,231.742,231.742,154.494
66,280,308.989,772.472,463.483,463.483,231.742,463.483,540.73,231.742,308.989,308.989,231.742
67,280,386.236,1235.96,617.978,695.225,463.483,386.236,540.73,463.483,540.73,463.483,386.236
68,280,386.236,1004.21,1235.96,926.966,695.225,617.978,308.989,540.73,617.978,540.73,540.73
69,280,772.472,772.472,1313.2,1158.71,617.978,772.472,386.236,463.483,308.989,463.483,386.236
70,280,926.966,1699.44,617.978,695.225,617.978,695.225,540.73,540.73,231.742,308.989,231.742
71,280,772.472,1622.19,1313.2,849.719,695.225,617.978,463.483,772.472,386.236,308.989,308.989
72,280,1081.46,1081.46,2008.43,1622.19,540.73,617.978,540.73,1004.21,463.483,463.483,386.236
73,280,926.966,1158.71,1158.71,1313.2,695.225,540.73,540.73,1081.46,617.978,463.483,463.483
74,280,695.225,849.719,849.719,772.472,617.978,463.483,386.236,926.966,540.73,386.236,540.73
56,281,231.742,463.483,231.742,154.494,154.494,154.494,231.742,154.494,154.494,154.494,77.2472
58,281,308.989,386.236,231.742,231.742,154.494,308.989,154.494,154.494,231.742,231.742,154.494
59,281,540.73,540.73,231.742,154.494,154.494,308.989,231.742,77.2472,154.494,77.2472,77.2472
60,281,386.236,617.978,386.236,231.742,154.494,308.989,154.494,154.494,154.494,77.2472,154.494
63,281,231.742,463.483,772.472,772.472,154.494,231.742,231.742,231.742,308.989,77.2472,154.494
64,281,231.742,386.236,772.472,772.472,308.989,308.989,231.742,231.742,386.236,154.494,231.742
65,281,231.742,386.236,463.483,617.978,617.978,540.73,308.989,154.494,231.742,308.989,231.742
66,281,231.742,463.483,386.236,386.236,617.978,772.472,540.73,154.494,231.742,308.989,231.742
67,281,463.483,849.719,386.236,386.236,463.483,617.978,695.225,231.742,308.989,308.989,231.742
68,281,463.483,1390.45,386.236,386.236,617.978,386.236,617.978,308.989,463.483,308.989,308.989
69,281,386.236,926.966,772.472,695.225,617.978,386.236,386.236,386.236,386.236,386.236,308.989
70,281,849.719,1081.46,849.719,926.966,540.73,463.483,386.236,463.483,231.742,386.236,308.989
71,281,926.966,2008.43,695.225,695.225,617.978,463.483,463.483,617.978,231.742,386.236,231.742
72,281,849.719,1544.94,1390.45,1158.71,540.73,386.236,540.73,772.472,308.989,617.978,386.236
73,281,1004.21,1004.21,1467.7,1467.7,386.236,463.483,463.483,1081.46,386.236,695.225,308.989
74,281,926.966,1004.21,926.966,926.966,463.483,308.989,386.236,1158.71,463.483,617.978,386.236
75,281,695.225,695.225,772.472,772.472,386.236,308.989,308.989,849.719,463.483,617.978,463.483
44,282,154.494,231.742,154.494,154.494,308.989,308.989,308.989,154.494,77.2472,154.494,77.2472
55,282,308.989,231.742,154.494,77.2472,154.494,308.989,154.494,154.494,77.2472,77.2472,77.2472
56,282,231.742,308.989,231.742,154.494,154.494,540.73,540.73,386.236,154.494,154.494,77.2472
58,282,386.236,386.236,386.236,231.742,308.989,231.742,154.494,308.989,308.989,231.742,154.494
59,282,463.483,463.483,231.742,154.494,231.742,231.742,154.494,154.494,154.494,154.494,77.2472
60,282,386.236,540.73,386.236,231.742,154.494,154.494,154.494,154.494,77.2472,77.2472,77.2472
61,282,308.989,540.73,308.989,308.989,231.742,231.742,154.494,77.2472,77.2472,77.2472,77.2472
62,282,308.989,463.483,308.989,231.742,308.989,308.989,231.742,154.494,154.494,77.2472,77.2472
63,282,308.989,617.978,308.989,308.989,231.742,308.989,231.742,154.494,231.742,154.494,154.494
64,282,231.742,463.483,308.989,308.989,231.742,308.989,231.742,231.742,308.989,231.742,231.742
65,282,154.494,463.483,308.989,308.989,540.73,386.236,308.989,308.989,308.989,308.989,308.989
66,282,308.989,540.73,308.989,308.989,617.978,463.483,308.989,308.989,231.742,386.236,308.989
67,282,308.989,463.483,386.236,386.236,463.483,617.978,308.989,231.742,231.742,463.483,231.742
68,282,308.989,386.236,386.236,386.236,308.989,695.225,463.483,154.494,154.494,463.483,231.742
69,282,231.742,617.978,231.742,231.742,386.236,540.73,617.978,231.742,154.494,386.236,231.742
70,282,308.989,772.472,386.236,386.236,463.483,463.483,617.978,308.989,154.494,386.236,154.494
71,282,540.73,926.966,695.225,772.472,463.483,617.978,695.225,695.225,231.742,463.483,231.742
72,282,772.472,1313.2,772.472,772.472,463.483,617.978,926.966,1004.21,463.483,540.73,463.483
73,282,772.472,1158.71,772.472,772.472,463.483,540.73,849.719,1235.96,540.73,772.472,540.73
74,282,1004.21,849.719,1004.21,926.966,308.989,540.73,695.225,1622.19,540.73,695.225,540.73
75,282,772.472,926.966,772.472,849.719,386.236,308.989,617.978,1467.7,695.225,617.978,617.978
43,283,154.494,231.742,154.494,154.494,231.742,231.742,231.742,77.2472,77.2472,154.494,77.2472
44,283,154.494,308.989,154.494,154.494,308.989,386.236,308.989,154.494,77.2472,154.494,77.2472
45,283,154.494,308.989,308.989,308.989,308.989,386.236,386.236,308.989,154.494,231.742,154.494
46,283,231.742,386.236,386.236,386.236,386.236,463.483,463.483,463.483,308.989,463.483,231.742
54,283,231.742,386.236,617.978,463.483,308.989,231.742,154.494,77.2472,77.2472,154.494,154.494
55,283,463.483,386.236,463.483,463.483,540.73,386.236,231.742,154.494,77.2472,154.494,77.2472
56,283,386.236,540.73,308.989,231.742,695.225,695.225,386.236,154.494,77.2472,154.494,77.2472
57,283,308.989,695.225,463.483,308.989,231.742,617.978,463.483,231.742,154.494,231.742,77.2472
58,283,308.989,386.236,540.73,463.483,154.494,231.742,231.742,231.742,154.494,386.236,154.494
59,283,463.483,849.719,308.989,231.742,77.2472,154.494,154.494,154.494,154.494,308.989,231.742
61,283,386.236,540.73,695.225,617.978,231.742,308.989,154.494,77.2472,154.494,77.2472,77.2472
62,283,386.236,540.73,463.483,308.989,231.742,231.742,231.742,154.494,154.494,154.494,77.2472
64,283,386.236,540.73,540.73,386.236,231.742,386.236,308.989,386.236,386.236,308.989,308.989
65,283,386.236,540.73,617.978,386.236,231.742,463.483,386.236,386.236,386.236,231.742,308.989
66,283,231.742,386.236,463.483,308.989,308.989,463.483,540.73,308.989,231.742,231.742,231.742
67,283,231.742,386.236,308.989,231.742,463.483,386.236,386.236,386.236,308.989,308.989,231.742
68,283,308.989,386.236,231.742,154.494,617.978,540.73,231.742,308.989,386.236,231.742,231.742
69,283,231.742,308.989,308.989,231.742,617.978,772.472,386.236,154.494,231.742,154.494,154.494
70,283,308.989,849.719,308.989,231.742,695.225,695.225,463.483,154.494,154.494,231.742,154.494
71,283,308.989,1004.21,772.472,540.73,849.719,772.472,463.483,308.989,154.494,386.236,154.494
72,283,540.73,772.472,1004.21,1004.21,772.472,1004.21,849.719,617.978,308.989,463.483,386.236
73,283,695.225,1081.46,772.472,772.472,926.966,772.472,849.719,849.719,540.73,463.483,463.483
74,283,849.719,1004.21,926.966,695.225,617.978,695.225,617.978,1081.46,540.73,617.978,540.73
75,283,849.719,849.719,1158.71,1004.21,308.989,617.978,849.719,1467.7,617.978,540.73,540.73
76,283,617.978,1004.21,772.472,772.472,540.73,308.989,617.978,1390.45,772.472,463.483,617.978
78,283,463.483,463.483,540.73,772.472,154.494,463.483,463.483,1004.21,540.73,540.73,463.483
43,284,154.494,231.742,154.494,154.494,308.989,308.989,231.742,77.2472,77.2472,77.2472,77.2472
44,284,231.742,386.236,231.742,231.742,386.236,386.236,308.989,154.494,154.494,154.494,77.2472
45,284,231.742,463.483,463.483,463.483,463.483,540.73,463.483,308.989,154.494,231.742,154.494
46,284,308.989,617.978,540.73,617.978,386.236,386.236,463.483,463.483,308.989,386.236,231.742
47,284,386.236,540.73,772.472,617.978,231.742,231.742,308.989,463.483,386.236,308.989,386.236
52,284,231.742,386.236,154.494,154.494,154.494,154.494,77.2472,77.2472,154.494,154.494,154.494
54,284,231.742,540.73,540.73,463.483,231.742,154.494,154.494,154.494,77.2472,154.494,154.494
55,284,308.989,386.236,463.483,617.978,540.73,231.742,154.494,77.2472,77.2472,154.494,77.2472
56,284,231.742,386.236,231.742,308.989,695.225,386.236,231.742,154.494,154.494,231.742,154.494
57,284,231.742,463.483,154.494,154.494,386.236,386.236,386.236,386.236,308.989,463.483,231.742
58,284,540.73,540.73,154.494,154.494,154.494,231.742,308.989,386.236,463.483,617.978,463.483
59,284,617.978,926.966,231.742,154.494,77.2472,154.494,154.494,154.494,463.483,386.236,463.483
60,284,308.989,617.978,386.236,308.989,231.742,231.742,77.2472,77.2472,154.494,154.494,231.742
61,284,308.989,463.483,308.989,308.989,231.742,231.742,154.494,77.2472,154.494,77.2472,77.2472
62,284,308.989,386.236,308.989,231.742,231.742,308.989,308.989,154.494,154.494,154.494,154.494
63,284,308.989,386.236,231.742,231.742,308.989,308.989,386.236,308.989,231.742,308.989,231.742
64,284,308.989,463.483,308.989,231.742,463.483,386.236,231.742,308.989,308.989,308.989,308.989
65,284,386.236,540.73,463.483,463.483,463.483,695.225,308.989,308.989,231.742,231.742,154.494
66,284,386.236,540.73,463.483,463.483,386.236,695.225,386.236,386.236,231.742,231.742,154.494
69,284,231.742,386.236,231.742,154.494,540.73,386.236,231.742,308.989,386.236,386.236,308.989
70,284,308.989,695.225,308.989,308.989,540.73,463.483,308.989,231.742,308.989,308.989,231.742
71,284,386.236,1081.46,463.483,386.236,926.966,540.73,308.989,154.494,231.742,308.989,231.742
72,284,386.236,1081.46,849.719,849.719,772.472,772.472,386.236,231.742,154.494,386.236,231.742
73,284,772.472,1235.96,926.966,1004.21,849.719,772.472,617.978,386.236,231.742,308.989,231.742
74,284,849.719,1544.94,1081.46,1081.46,1004.21,540.73,463.483,463.483,308.989,463.483,308.989
75,284,849.719,1081.46,1544.94,1313.2,463.483,772.472,540.73,849.719,308.989,617.978,386.236
76,284,849.719,926.966,1235.96,1235.96,463.483,617.978,849.719,1235.96,540.73,463.483,386.236
77,284,617.978,695.225,772.472,695.225,540.73,308.989,463.483,1081.46,772.472,463.483,540.73
43,285,231.742,386.236,154.494,154.494,386.236,308.989,231.742,154.494,77.2472,77.2472,77.2472
44,285,308.989,463.483,308.989,308.989,463.483,463.483,386.236,154.494,77.2472,154.494,77.2472
45,285,386.236,617.978,540.73,617.978,540.73,540.73,463.483,308.989,154.494,231.742,154.494
46,285,386.236,772.472,772.472,772.472,308.989,386.236,463.483,386.236,308.989,308.989,231.742
47,285,463.483,617.978,926.966,926.966,154.494,231.742,386.236,463.483,386.236,308.989,308.989
48,285,463.483,617.978,540.73,540.73,77.2472,231.742,308.989,540.73,617.978,308.989,463.483
55,285,308.989,308.989,695.225,540.73,308.989,231.742,154.494,154.494,77.2472,154.494,77.2472
56,285,386.236,386.236,463.483,386.236,463.483,386.236,386.236,77.2472,154.494,154.494,154.494
58,285,308.989,463.483,308.989,231.742,154.494,308.989,386.236,308.989,695.225,386.236,463.483
59,285,386.236,849.719,308.989,154.494,154.494,154.494,154.494,154.494,386.236,231.742,386.236
61,285,463.483,463.483,849.719,695.225,386.236,231.742,154.494,154.494,231.742,154.494,231.742
62,285,540.73,695.225,463.483,540.73,386.236,308.989,308.989,231.742,154.494,154.494,154.494
64,285,308.989,695.225,463.483,386.236,308.989,308.989,231.742,308.989,231.742,231.742,231.742
65,285,463.483,926.966,463.483,386.236,308.989,386.236,386.236,308.989,231.742,231.742,154.494
66,285,308.989,463.483,849.719,617.978,231.742,463.483,772.472,463.483,463.483,540.73,308.989
67,285,231.742,386.236,540.73,695.225,154.494,463.483,1081.46,1004.21,926.966,1313.2,849.719
71,285,308.989,540.73,308.989,231.742,463.483,386.236,231.742,308.989,540.73,308.989,463.483
72,285,386.236,849.719,308.989,308.989,695.225,463.483,308.989,231.742,154.494,154.494,231.742
73,285,540.73,1081.46,617.978,617.978,386.236,772.472,386.236,308.989,154.494,231.742,154.494
74,285,926.966,1622.19,1004.21,1081.46,849.719,463.483,617.978,540.73,154.494,308.989,231.742
75,285,849.719,1467.7,1235.96,1235.96,849.719,540.73,463.483,695.225,386.236,617.978,386.236
76,285,1004.21,926.966,1467.7,1313.2,386.236,849.719,617.978,849.719,386.236,772.472,463.483
77,285,849.719,926.966,772.472,849.719,463.483,540.73,772.472,1004.21,540.73,463.483,386.236
42,286,231.742,308.989,231.742,154.494,231.742,231.742,154.494,77.2472,77.2472,77.2472,77.2472
43,286,308.989,463.483,231.742,154.494,386.236,308.989,231.742,77.2472,77.2472,154.494,77.2472
44,286,386.236,617.978,463.483,386.236,540.73,386.236,308.989,154.494,77.2472,154.494,77.2472
45,286,540.73,849.719,849.719,772.472,617.978,463.483,386.236,308.989,154.494,231.742,154.494
46,286,540.73,926.966,926.966,849.719,308.989,386.236,386.236,308.989,231.742,231.742,231.742
47,286,540.73,617.978,926.966,849.719,154.494,308.989,308.989,463.483,308.989,231.742,231.742
48,286,463.483,540.73,463.483,463.483,154.494,308.989,386.236,463.483,540.73,308.989,386.236
53,286,772.472,849.719,231.742,154.494,231.742,154.494,154.494,231.742,308.989,463.483,386.236
54,286,617.978,1235.96,849.719,386.236,231.742,154.494,154.494,308.989,231.742,231.742,231.742
55,286,695.225,926.966,2008.43,1390.45,386.236,154.494,154.494,308.989,308.989,231.742,231.742
56,286,849.719,849.719,1699.44,1622.19,695.225,386.236,231.742,154.494,231.742,231.742,154.494
57,286,463.483,617.978,1158.71,772.472,386.236,386.236,308.989,154.494,154.494,231.742,154.494
58,286,695.225,617.978,849.719,617.978,231.742,231.742,154.494,308.989,231.742,154.494,154.494
59,286,695.225,1158.71,308.989,231.742,154.494,231.742,308.989,386.236,231.742,231.742,231.742
60,286,308.989,772.472,540.73,463.483,154.494,154.494,231.742,308.989,386.236,386.236,386.236
61,286,308.989,617.978,463.483,386.236,308.989,231.742,154.494,231.742,308.989,231.742,308.989
62,286,386.236,772.472,695.225,540.73,231.742,308.989,308.989,308.989,154.494,77.2472,154.494
63,286,231.742,617.978,849.719,695.225,231.742,308.989,386.236,308.989,154.494,154.494,154.494
64,286,308.989,617.978,540.73,540.73,386.236,308.989,231.742,154.494,154.494,154.494,154.494
65,286,308.989,695.225,540.73,540.73,849.719,695.225,540.73,154.494,231.742,231.742,154.494
66,286,308.989,540.73,463.483,463.483,1081.46,1235.96,1313.2,308.989,463.483,772.472,386.236
67,286,386.236,617.978,540.73,695.225,695.225,1235.96,1313.2,849.719,926.966,1699.44,1081.46
68,286,386.236,849.719,617.978,540.73,540.73,849.719,926.966,926.966,1158.71,1622.19,1544.94
70,286,386.236,540.73,463.483,695.225,154.494,308.989,695.225,926.966,1004.21,386.236,695.225
72,286,308.989,463.483,695.225,617.978,617.978,386.236,231.742,308.989,308.989,154.494,308.989
73,286,308.989,1004.21,308.989,308.989,617.978,540.73,231.742,308.989,231.742,231.742,154.494
74,286,540.73,1004.21,926.966,849.719,463.483,849.719,540.73,463.483,154.494,231.742,154.494
75,286,772.472,1313.2,772.472,849.719,849.719,540.73,772.472,849.719,386.236,386.236,308.989
76,286,1004.21,1004.21,1158.71,1004.21,772.472,695.225,463.483,695.225,617.978,849.719,617.978
77,286,1004.21,1081.46,926.966,1081.46,308.989,772.472,617.978,617.978,386.236,617.978,540.73
78,286,617.978,772.472,772.472,540.73,463.483,308.989,540.73,695.225,617.978,308.989,386.236
43,287,308.989,540.73,154.494,154.494,386.236,231.742,154.494,154.494,77.2472,154.494,77.2472
44,287,386.236,849.719,463.483,463.483,463.483,386.236,231.742,154.494,77.2472,154.494,77.2472
45,287,540.73,1004.21,926.966,849.719,463.483,386.236,386.236,308.989,154.494,154.494,154.494
46,287,617.978,849.719,1081.46,926.966,308.989,231.742,231.742,308.989,231.742,154.494,154.494
47,287,463.483,540.73,772.472,695.225,231.742,308.989,231.742,386.236,231.742,154.494,154.494
48,287,540.73,386.236,386.236,308.989,231.742,386.236,386.236,308.989,386.236,154.494,231.742
49,287,308.989,308.989,231.742,154.494,154.494,231.742,308.989,154.494,308.989,231.742,231.742
53,287,617.978,617.978,386.236,386.236,154.494,154.494,463.483,540.73,540.73,772.472,617.978
54,287,849.719,1544.94,231.742,154.494,154.494,154.494,386.236,772.472,540.73,617.978,617.978
55,287,849.719,1699.44,772.472,617.978,154.494,77.2472,308.989,849.719,772.472,695.225,695.225
56,287,772.472,1544.94,1004.21,1081.46,308.989,231.742,154.494,386.236,617.978,463.483,540.73
57,287,617.978,926.966,1004.21,772.472,231.742,154.494,154.494,463.483,308.989,231.742,308.989
58,287,617.978,540.73,772.472,695.225,231.742,231.742,231.742,772.472,463.483,231.742,231.742
59,287,463.483,772.472,308.989,231.742,231.742,386.236,386.236,540.73,617.978,386.236,463.483
60,287,463.483,1081.46,772.472,386.236,154.494,231.742,308.989,308.989,386.236,386.236,463.483
62,287,463.483,695.225,695.225,695.225,308.989,308.989,231.742,231.742,231.742,308.989,231.742
63,287,540.73,463.483,695.225,695.225,231.742,308.989,231.742,231.742,231.742,231.742,231.742
64,287,695.225,772.472,617.978,540.73,617.978,308.989,231.742,308.989,231.742,231.742,154.494
65,287,463.483,695.225,386.236,386.236,1158.71,1081.46,540.73,231.742,308.989,231.742,231.742
66,287,463.483,772.472,617.978,463.483,1235.96,1467.7,1081.46,231.742,308.989,386.236,308.989
67,287,849.719,849.719,1081.46,849.719,1004.21,849.719,849.719,386.236,463.483,849.719,617.978
68,287,849.719,849.719,617.978,617.978,849.719,617.978,386.236,386.236,540.73,926.966,1004.21
69,287,617.978,540.73,772.472,540.73,695.225,772.472,463.483,386.236,308.989,463.483,617.978
70,287,540.73,617.978,540.73,695.225,231.742,540.73,617.978,386.236,386.236,231.742,308.989
71,287,540.73,926.966,386.236,386.236,308.989,231.742,386.236,386.236,540.73,231.742,463.483
72,287,231.742,617.978,695.225,540.73,308.989,386.236,308.989,308.989,308.989,154.494,308.989
73,287,386.236,1004.21,463.483,463.483,695.225,308.989,308.989,386.236,231.742,154.494,154.494
74,287,308.989,926.966,695.225,540.73,617.978,772.472,308.989,308.989,231.742,308.989,154.494
75,287,695.225,1235.96,849.719,1004.21,540.73,772.472,849.719,617.978,231.742,308.989,154.494
76,287,849.719,1313.2,1004.21,695.225,849.719,463.483,617.978,695.225,617.978,540.73,463.483
77,287,926.966,1004.21,1467.7,1313.2,463.483,617.978,386.236,463.483,540.73,617.978,617.978
78,287,695.225,849.719,695.225,772.472,386.236,463.483,617.978,617.978,463.483,386.236,386.236
79,287,463.483,463.483,849.719,540.73,463.483,231.742,308.989,463.483,617.978,308.989,386.236
43,288,231.742,540.73,154.494,154.494,308.989,231.742,231.742,154.494,154.494,154.494,77.2472
44,288,386.236,849.719,463.483,463.483,386.236,308.989,308.989,154.494,77.2472,154.494,77.2472
45,288,617.978,1004.21,772.472,772.472,308.989,308.989,308.989,308.989,154.494,154.494,154.494
46,288,772.472,772.472,1235.96,1004.21,231.742,231.742,231.742,231.742,154.494,154.494,154.494
47,288,540.73,540.73,695.225,695.225,231.742,231.742,231.742,308.989,231.742,77.2472,154.494
48,288,386.236,308.989,308.989,308.989,231.742,308.989,308.989,231.742,308.989,77.2472,154.494
49,288,231.742,308.989,231.742,231.742,154.494,231.742,231.742,154.494,231.742,154.494,154.494
51,288,154.494,231.742,231.742,154.494,540.73,772.472,617.978,463.483,308.989,231.742,231.742
52,288,308.989,540.73,231.742,154.494,463.483,926.966,1004.21,540.73,540.73,540.73,463.483
53,288,308.989,463.483,540.73,308.989,308.989,540.73,849.719,617.978,617.978,617.978,617.978
55,288,540.73,617.978,386.236,308.989,154.494,386.236,849.719,926.966,1004.21,849.719,849.719
56,288,463.483,540.73,463.483,308.989,154.494,231.742,463.483,463.483,772.472,617.978,772.472
57,288,540.73,463.483,386.236,308.989,231.742,154.494,463.483,617.978,463.483,308.989,463.483
58,288,849.719,540.73,308.989,231.742,231.742,308.989,617.978,926.966,849.719,386.236,463.483
59,288,926.966,1004.21,308.989,154.494,231.742,386.236,386.236,540.73,1004.21,617.978,695.225
60,288,617.978,1081.46,386.236,231.742,231.742,231.742,308.989,386.236,386.236,463.483,386.236
61,288,772.472,617.978,617.978,386.236,308.989,231.742,540.73,849.719,540.73,308.989,308.989
62,288,926.966,1081.46,386.236,386.236,231.742,231.742,308.989,540.73,849.719,772.472,772.472
63,288,695.225,1313.2,849.719,463.483,308.989,231.742,386.236,231.742,386.236,463.483,540.73
65,288,540.73,1158.71,1081.46,1004.21,772.472,695.225,308.989,308.989,617.978,386.236,386.236
66,288,617.978,2162.92,1158.71,1004.21,386.236,1081.46,463.483,231.742,231.742,695.225,231.742
67,288,1081.46,1235.96,2008.43,1467.7,231.742,695.225,540.73,308.989,308.989,772.472,308.989
68,288,1467.7,1699.44,1081.46,1158.71,308.989,308.989,386.236,308.989,308.989,463.483,386.236
69,288,772.472,772.472,1081.46,463.483,617.978,308.989,231.742,231.742,231.742,308.989,308.989
70,288,540.73,463.483,772.472,617.978,386.236,463.483,231.742,231.742,154.494,308.989,231.742
71,288,386.236,540.73,386.236,617.978,463.483,386.236,308.989,231.742,154.494,154.494,154.494
72,288,231.742,540.73,308.989,231.742,463.483,540.73,308.989,154.494,231.742,154.494,154.494
73,288,308.989,772.472,386.236,463.483,386.236,463.483,463.483,308.989,154.494,154.494,154.494
74,288,308.989,926.966,463.483,308.989,849.719,463.483,308.989,463.483,231.742,386.236,154.494
75,288,772.472,1235.96,1004.21,849.719,540.73,849.719,540.73,386.236,231.742,695.225,231.742
76,288,849.719,1853.93,926.966,772.472,540.73,617.978,695.225,540.73,308.989,386.236,231.742
77,288,926.966,1081.46,1776.69,1313.2,540.73,463.483,386.236,463.483,540.73,540.73,386.236
78,288,772.472,849.719,1004.21,1158.71,308.989,617.978,540.73,463.483,386.236,540.73,463.483
79,288,540.73,617.978,617.978,463.483,463.483,308.989,540.73,540.73,540.73,308.989,308.989
80,288,386.236,463.483,540.73,540.73,231.742,308.989,231.742,386.236,540.73,308.989,463.483
43,289,231.742,463.483,231.742,154.494,308.989,231.742,231.742,154.494,77.2472,154.494,77.2472
44,289,386.236,849.719,463.483,386.236,386.236,308.989,231.742,154.494,154.494,154.494,77.2472
45,289,695.225,1158.71,772.472,695.225,308.989,231.742,308.989,231.742,154.494,154.494,154.494
46,289,926.966,849.719,1235.96,1004.21,154.494,154.494,154.494,231.742,231.742,154.494,154.494
47,289,540.73,463.483,695.225,695.225,231.742,231.742,154.494,231.742,231.742,77.2472,154.494
48,289,308.989,308.989,386.236,308.989,231.742,231.742,154.494,154.494,231.742,77.2472,77.2472
51,289,231.742,463.483,231.742,154.494,772.472,695.225,386.236,231.742,154.494,154.494,77.2472
52,289,308.989,463.483,231.742,231.742,772.472,772.472,617.978,308.989,308.989,231.742,231.742
53,289,617.978,849.719,386.236,386.236,695.225,617.978,617.978,463.483,386.236,231.742,308.989
54,289,308.989,772.472,617.978,463.483,617.978,695.225,772.472,695.225,617.978,308.989,386.236
55,289,231.742,772.472,772.472,695.225,386.236,772.472,695.225,540.73,695.225,386.236,540.73
56,289,463.483,1081.46,772.472,849.719,386.236,463.483,540.73,231.742,386.236,386.236,386.236
57,289,386.236,849.719,1235.96,926.966,540.73,463.483,695.225,386.236,231.742,308.989,231.742
58,289,540.73,695.225,1313.2,1235.96,308.989,463.483,926.966,772.472,695.225,695.225,463.483
59,289,386.236,926.966,849.719,695.225,308.989,386.236,540.73,540.73,849.719,1313.2,695.225
60,289,463.483,849.719,1622.19,926.966,308.989,617.978,772.472,540.73,386.236,926.966,463.483
61,289,463.483,617.978,1313.2,1235.96,308.989,772.472,1622.19,1622.19,1158.71,926.966,617.978
62,289,772.472,1004.21,772.472,926.966,540.73,308.989,849.719,1081.46,1931.18,1622.19,1622.19
63,289,540.73,1158.71,695.225,540.73,308.989,386.236,695.225,463.483,849.719,849.719,1235.96
64,289,463.483,772.472,695.225,617.978,386.236,386.236,772.472,1004.21,1004.21,540.73,617.978
65,289,386.236,772.472,617.978,617.978,386.236,540.73,695.225,540.73,1235.96,1081.46,1081.46
66,289,463.483,1467.7,695.225,695.225,308.989,540.73,772.472,540.73,463.483,1158.71,695.225
67,289,540.73,1390.45,772.472,540.73,231.742,386.236,463.483,386.236,540.73,1235.96,617.978
68,289,772.472,1081.46,1158.71,1235.96,231.742,386.236,231.742,308.989,463.483,617.978,540.73
69,289,540.73,926.966,617.978,463.483,231.742,308.989,463.483,231.742,231.742,308.989,308.989
70,289,386.236,540.73,849.719,540.73,231.742,231.742,386.236,231.742,231.742,463.483,231.742
71,289,308.989,617.978,540.73,540.73,308.989,231.742,231.742,231.742,231.742,386.236,231.742
72,289,231.742,463.483,540.73,463.483,540.73,308.989,231.742,308.989,154.494,231.742,154.494
73,289,231.742,463.483,463.483,308.989,308.989,617.978,308.989,231.742,308.989,154.494,154.494
74,289,386.236,926.966,308.989,386.236,695.225,540.73,695.225,386.236,154.494,231.742,154.494
75,289,617.978,1081.46,772.472,540.73,695.225,617.978,463.483,463.483,386.236,772.472,386.236
76,289,695.225,1699.44,1004.21,926.966,463.483,695.225,617.978,386.236,308.989,540.73,308.989
77,289,926.966,1158.71,1313.2,926.966,695.225,386.236,540.73,617.978,463.483,463.483,308.989
78,289,926.966,926.966,1004.21,926.966,386.236,617.978,463.483,540.73,617.978,772.472,540.73
79,289,617.978,617.978,772.472,540.73,308.989,463.483,540.73,463.483,463.483,386.236,386.236
80,289,463.483,463.483,540.73,463.483,308.989,231.742,308.989,386.236,540.73,231.742,386.236
81,289,308.989,386.236,308.989,308.989,154.494,231.742,231.742,231.742,386.236,308.989,386.236
43,290,231.742,540.73,231.742,154.494,231.742,231.742,154.494,154.494,77.2472,154.494,77.2472
44,290,463.483,772.472,463.483,386.236,308.989,231.742,231.742,154.494,154.494,154.494,154.494
45,290,772.472,1158.71,772.472,540.73,231.742,231.742,231.742,231.742,154.494,154.494,154.494
46,290,926.966,772.472,1081.46,772.472,154.494,154.494,154.494,231.742,231.742,77.2472,154.494
47,290,617.978,386.236,540.73,463.483,231.742,154.494,77.2472,154.494,154.494,77.2472,77.2472
48,290,308.989,540.73,308.989,308.989,154.494,231.742,154.494,154.494,154.494,77.2472,77.2472
49,290,308.989,540.73,617.978,617.978,77.2472,154.494,154.494,154.494,77.2472,154.494,77.2472
50,290,308.989,386.236,772.472,695.225,231.742,154.494,154.494,154.494,77.2472,154.494,154.494
51,290,386.236,463.483,617.978,386.236,540.73,386.236,231.742,154.494,154.494,154.494,77.2472
52,290,386.236,463.483,463.483,463.483,540.73,386.236,308.989,231.742,154.494,154.494,77.2472
53,290,386.236,617.978,463.483,617.978,540.73,386.236,386.236,308.989,308.989,154.494,154.494
54,290,463.483,617.978,617.978,463.483,463.483,463.483,386.236,463.483,540.73,231.742,308.989
55,290,617.978,695.225,540.73,540.73,463.483,540.73,231.742,231.742,540.73,231.742,308.989
56,290,695.225,1390.45,463.483,308.989,617.978,463.483,231.742,231.742,231.742,77.2472,154.494
57,290,849.719,1390.45,1081.46,617.978,849.719,772.472,617.978,308.989,231.742,154.494,154.494
58,290,1699.44,1544.94,1467.7,1544.94,463.483,926.966,1313.2,540.73,386.236,617.978,308.989
59,290,772.472,1776.69,1158.71,1004.21,772.472,540.73,926.966,695.225,695.225,1622.19,695.225
60,290,540.73,1081.46,1776.69,1390.45,1158.71,1390.45,1313.2,695.225,540.73,1776.69,772.472
61,290,617.978,1004.21,1081.46,1467.7,695.225,1776.69,2703.65,2008.43,1544.94,2085.67,1081.46
62,290,463.483,1544.94,926.966,772.472,926.966,695.225,1390.45,1390.45,2780.9,2935.39,2471.91
63,290,386.236,617.978,1622.19,1158.71,540.73,1158.71,1313.2,772.472,1158.71,1467.7,1776.69
64,290,463.483,849.719,617.978,772.472,540.73,1235.96,1853.93,1699.44,1699.44,617.978,926.966
65,290,540.73,1158.71,1004.21,617.978,540.73,1004.21,1313.2,772.472,2317.42,1313.2,2008.43
66,290,386.236,1004.21,1158.71,849.719,540.73,772.472,617.978,463.483,772.472,1004.21,1313.2
67,290,308.989,772.472,1081.46,772.472,308.989,463.483,463.483,308.989,308.989,617.978,540.73
68,290,386.236,617.978,463.483,463.483,308.989,308.989,308.989,386.236,308.989,386.236,386.236
69,290,386.236,849.719,463.483,386.236,308.989,463.483,386.236,231.742,308.989,386.236,308.989
70,290,308.989,772.472,849.719,540.73,231.742,386.236,463.483,231.742,231.742,386.236,308.989
71,290,386.236,695.225,695.225,695.225,154.494,231.742,308.989,231.742,308.989,463.483,386.236
72,290,231.742,617.978,386.236,308.989,308.989,231.742,386.236,308.989,231.742,231.742,308.989
73,290,231.742,463.483,463.483,308.989,540.73,540.73,231.742,386.236,463.483,231.742,231.742
74,290,308.989,849.719,308.989,386.236,463.483,849.719,617.978,231.742,386.236,231.742,231.742
75,290,386.236,1313.2,617.978,386.236,772.472,463.483,540.73,386.236,386.236,463.483,308.989
76,290,617.978,1158.71,1313.2,1158.71,540.73,772.472,617.978,308.989,308.989,617.978,386.236
77,290,926.966,1235.96,926.966,849.719,617.978,540.73,926.966,772.472,463.483,386.236,308.989
78,290,926.966,926.966,1158.71,772.472,463.483,386.236,463.483,617.978,926.966,849.719,695.225
79,290,617.978,617.978,849.719,617.978,308.989,386.236,463.483,386.236,463.483,540.73,617.978
80,290,463.483,463.483,463.483,463.483,308.989,231.742,308.989,308.989,463.483,231.742,308.989
43,291,231.742,540.73,154.494,154.494,231.742,231.742,154.494,154.494,77.2472,154.494,77.2472
44,291,308.989,849.719,386.236,386.236,231.742,231.742,154.494,154.494,154.494,154.494,77.2472
45,291,617.978,1004.21,617.978,463.483,231.742,154.494,154.494,231.742,154.494,154.494,154.494
46,291,695.225,540.73,849.719,617.978,154.494,154.494,154.494,154.494,231.742,154.494,154.494
47,291,617.978,386.236,386.236,308.989,231.742,154.494,154.494,154.494,154.494,154.494,154.494
48,291,386.236,463.483,231.742,154.494,231.742,231.742,231.742,154.494,154.494,154.494,154.494
49,291,463.483,617.978,386.236,386.236,154.494,231.742,231.742,154.494,154.494,154.494,154.494
50,291,540.73,849.719,617.978,772.472,154.494,154.494,231.742,231.742,154.494,154.494,154.494
51,291,463.483,1004.21,1313.2,926.966,308.989,231.742,308.989,308.989,154.494,154.494,154.494
52,291,386.236,540.73,1467.7,1235.96,386.236,231.742,308.989,231.742,154.494,154.494,77.2472
53,291,463.483,540.73,695.225,849.719,386.236,308.989,463.483,308.989,231.742,231.742,154.494
54,291,617.978,463.483,772.472,617.978,154.494,231.742,463.483,386.236,463.483,463.483,386.236
55,291,849.719,772.472,540.73,617.978,231.742,231.742,231.742,308.989,617.978,463.483,540.73
56,291,540.73,849.719,386.236,154.494,463.483,308.989,154.494,308.989,540.73,308.989,463.483
57,291,772.472,1158.71,463.483,308.989,1004.21,849.719,308.989,308.989,540.73,154.494,308.989
58,291,1158.71,1467.7,1158.71,1081.46,617.978,1622.19,1235.96,308.989,308.989,308.989,231.742
59,291,1081.46,1622.19,1235.96,1081.46,1158.71,1081.46,1467.7,695.225,463.483,1158.71,540.73
60,291,2085.67,1776.69,1853.93,1235.96,2085.67,1931.18,1853.93,926.966,695.225,1931.18,1081.46
61,291,1004.21,1622.19,1235.96,1313.2,1235.96,2394.66,3321.63,2085.67,1853.93,2780.9,1699.44
62,291,540.73,1235.96,1004.21,695.225,1776.69,772.472,1467.7,1313.2,2858.15,3398.88,3012.64
63,291,463.483,772.472,849.719,849.719,1313.2,1622.19,1158.71,926.966,1158.71,1931.18,2008.43
64,291,463.483,1158.71,772.472,617.978,849.719,1699.44,1776.69,2085.67,1853.93,463.483,926.966
65,291,695.225,1004.21,1931.18,1467.7,617.978,1004.21,849.719,1158.71,2317.42,617.978,1699.44
66,291,617.978,1699.44,849.719,1158.71,463.483,540.73,617.978,695.225,695.225,463.483,1158.71
67,291,386.236,772.472,1081.46,695.225,231.742,463.483,772.472,386.236,386.236,386.236,386.236
68,291,695.225,1235.96,695.225,695.225,231.742,308.989,540.73,463.483,540.73,695.225,386.236
69,291,386.236,1158.71,772.472,463.483,231.742,386.236,386.236,386.236,386.236,849.719,463.483
70,291,231.742,926.966,849.719,617.978,308.989,463.483,540.73,463.483,308.989,463.483,308.989
71,291,231.742,463.483,617.978,695.225,308.989,308.989,386.236,308.989,463.483,540.73,463.483
72,291,231.742,540.73,308.989,308.989,231.742,308.989,463.483,231.742,308.989,463.483,463.483
73,291,154.494,386.236,231.742,231.742,540.73,308.989,308.989,463.483,386.236,308.989,231.742
74,291,231.742,617.978,231.742,231.742,540.73,849.719,386.236,231.742,463.483,308.989,386.236
75,291,308.989,1158.71,386.236,231.742,849.719,540.73,540.73,231.742,231.742,308.989,231.742
76,291,540.73,1081.46,849.719,772.472,849.719,772.472,540.73,231.742,308.989,540.73,386.236
77,291,772.472,1390.45,926.966,772.472,540.73,926.966,1081.46,617.978,308.989,386.236,308.989
78,291,926.966,926.966,1313.2,926.966,386.236,308.989,540.73,617.978,926.966,772.472,695.225
79,291,695.225,695.225,849.719,849.719,231.742,386.236,386.236,308.989,463.483,463.483,695.225
80,291,463.483,540.73,540.73,386.236,308.989,231.742,386.236,386.236,386.236,231.742,308.989
43,292,154.494,463.483,154.494,154.494,231.742,231.742,154.494,154.494,77.2472,77.2472,77.2472
44,292,308.989,695.225,386.236,308.989,231.742,154.494,154.494,154.494,154.494,154.494,77.2472
45,292,463.483,849.719,540.73,463.483,154.494,154.494,154.494,154.494,154.494,154.494,154.494
46,292,386.236,386.236,695.225,540.73,154.494,154.494,154.494,154.494,154.494,154.494,154.494
47,292,386.236,308.989,463.483,386.236,231.742,231.742,154.494,154.494,154.494,154.494,154.494
48,292,308.989,308.989,231.742,154.494,463.483,308.989,308.989,154.494,154.494,231.742,154.494
49,292,463.483,463.483,231.742,231.742,386.236,308.989,386.236,154.494,154.494,154.494,154.494
50,292,695.225,926.966,386.236,463.483,308.989,386.236,463.483,308.989,154.494,154.494,154.494
51,292,540.73,1313.2,772.472,617.978,308.989,386.236,386.236,386.236,231.742,154.494,154.494
52,292,463.483,617.978,1235.96,1158.71,231.742,231.742,308.989,308.989,231.742,154.494,154.494
53,292,463.483,540.73,617.978,617.978,386.236,386.236,308.989,231.742,231.742,231.742,154.494
54,292,463.483,463.483,772.472,540.73,154.494,308.989,463.483,231.742,308.989,386.236,231.742
55,292,308.989,463.483,386.236,540.73,154.494,154.494,308.989,231.742,463.483,463.483,540.73
56,292,308.989,540.73,386.236,231.742,231.742,154.494,308.989,231.742,463.483,463.483,617.978
57,292,463.483,1235.96,308.989,308.989,926.966,463.483,231.742,231.742,463.483,154.494,463.483
58,292,772.472,1390.45,1235.96,1081.46,1004.21,1544.94,695.225,231.742,386.236,154.494,231.742
59,292,1390.45,2394.66,1390.45,1467.7,1313.2,1622.19,1313.2,386.236,308.989,463.483,308.989
60,292,1931.18,2162.92,2626.4,1467.7,2394.66,2626.4,2162.92,926.966,617.978,1158.71,849.719
61,292,1313.2,1544.94,3398.88,2317.42,1004.21,2935.39,3785.11,2008.43,1699.44,1699.44,1544.94
62,292,1467.7,1004.21,2162.92,1622.19,1699.44,695.225,2085.67,1853.93,2935.39,2394.66,2549.16
63,292,1158.71,1544.94,772.472,772.472,1622.19,1158.71,1158.71,1313.2,1931.18,2240.17,2394.66
64,292,772.472,1313.2,1235.96,540.73,540.73,1004.21,1467.7,1390.45,2240.17,1081.46,1390.45
65,292,772.472,772.472,1158.71,1235.96,772.472,540.73,926.966,1158.71,1622.19,308.989,849.719
66,292,540.73,849.719,617.978,1004.21,1004.21,926.966,849.719,1699.44,1313.2,231.742,540.73
67,292,308.989,617.978,386.236,463.483,463.483,849.719,1004.21,926.966,1313.2,695.225,772.472
68,292,463.483,695.225,386.236,386.236,308.989,463.483,617.978,386.236,849.719,1390.45,1004.21
69,292,308.989,926.966,540.73,308.989,231.742,540.73,617.978,386.236,463.483,1158.71,849.719
72,292,231.742,386.236,231.742,231.742,231.742,463.483,386.236,231.742,463.483,617.978,772.472
74,292,231.742,463.483,231.742,154.494,540.73,695.225,231.742,308.989,617.978,386.236,617.978
75,292,231.742,695.225,308.989,308.989,617.978,540.73,463.483,154.494,231.742,231.742,308.989
76,292,540.73,1158.71,463.483,386.236,1004.21,772.472,540.73,231.742,231.742,540.73,308.989
77,292,695.225,1467.7,1004.21,772.472,540.73,849.719,849.719,386.236,231.742,386.236,308.989
78,292,926.966,926.966,1313.2,1004.21,386.236,308.989,386.236,463.483,617.978,540.73,540.73
79,292,695.225,772.472,849.719,772.472,308.989,386.236,386.236,386.236,386.236,308.989,540.73
80,292,463.483,540.73,540.73,386.236,231.742,308.989,540.73,463.483,540.73,231.742,308.989
81,292,308.989,386.236,386.236,386.236,231.742,154.494,154.494,231.742,540.73,386.236,386.236
82,292,231.742,308.989,231.742,308.989,154.494,231.742,231.742,154.494,154.494,231.742,231.742
43,293,154.494,463.483,154.494,154.494,231.742,154.494,154.494,77.2472,77.2472,77.2472,77.2472
44,293,308.989,540.73,308.989,231.742,231.742,154.494,154.494,154.494,154.494,154.494,154.494
45,293,463.483,772.472,386.236,386.236,154.494,154.494,154.494,154.494,154.494,154.494,154.494
46,293,386.236,540.73,540.73,386.236,154.494,231.742,154.494,154.494,154.494,231.742,154.494
47,293,308.989,308.989,463.483,308.989,308.989,308.989,231.742,154.494,154.494,231.742,154.494
48,293,231.742,386.236,308.989,154.494,540.73,386.236,308.989,231.742,231.742,231.742,231.742
49,293,308.989,386.236,386.236,308.989,540.73,386.236,308.989,231.742,231.742,154.494,231.742
50,293,463.483,540.73,386.236,463.483,540.73,386.236,308.989,231.742,231.742,154.494,154.494
51,293,463.483,617.978,308.989,308.989,308.989,308.989,231.742,231.742,154.494,77.2472,154.494
52,293,617.978,772.472,386.236,463.483,231.742,231.742,154.494,154.494,154.494,77.2472,77.2472
53,293,386.236,695.225,463.483,231.742,308.989,308.989,154.494,154.494,154.494,77.2472,77.2472
54,293,463.483,540.73,772.472,463.483,231.742,386.236,231.742,154.494,154.494,154.494,154.494
55,293,308.989,463.483,386.236,386.236,231.742,308.989,308.989,154.494,231.742,231.742,231.742
56,293,231.742,386.236,463.483,386.236,231.742,308.989,386.236,154.494,308.989,231.742,386.236
57,293,308.989,1004.21,308.989,231.742,695.225,231.742,308.989,308.989,231.742,154.494,231.742
58,293,617.978,1235.96,1004.21,695.225,1313.2,772.472,386.236,308.989,463.483,386.236,308.989
59,293,1622.19,2549.16,1390.45,1699.44,1931.18,1313.2,772.472,231.742,231.742,386.236,231.742
60,293,2240.17,5793.54,2008.43,2008.43,3167.13,2780.9,1622.19,540.73,386.236,772.472,463.483
61,293,1622.19,4789.33,5639.04,4094.1,1004.21,3630.62,3553.37,1313.2,1004.21,695.225,926.966
62,293,2471.91,2008.43,7415.73,6179.78,1004.21,1622.19,3939.61,3012.64,2471.91,1158.71,1622.19
63,293,2317.42,1931.18,3167.13,3167.13,2085.67,849.719,2549.16,3089.89,4248.6,2858.15,3244.38
64,293,1081.46,1158.71,1622.19,849.719,1931.18,926.966,1081.46,1004.21,3476.12,2317.42,2935.39
65,293,617.978,695.225,617.978,617.978,772.472,926.966,1158.71,695.225,1004.21,617.978,849.719
67,293,463.483,540.73,617.978,463.483,695.225,849.719,1004.21,1158.71,2394.66,1004.21,1467.7
68,293,1081.46,1158.71,386.236,386.236,772.472,463.483,540.73,308.989,1313.2,1467.7,1699.44
69,293,617.978,1158.71,617.978,308.989,386.236,772.472,772.472,231.742,386.236,849.719,849.719
70,293,386.236,540.73,1158.71,849.719,231.742,617.978,772.472,540.73,540.73,386.236,386.236
72,293,231.742,463.483,308.989,308.989,463.483,386.236,308.989,231.742,463.483,617.978,849.719
74,293,231.742,386.236,308.989,308.989,463.483,386.236,154.494,231.742,463.483,308.989,540.73
75,293,308.989,617.978,308.989,308.989,463.483,540.73,463.483,154.494,231.742,386.236,308.989
76,293,463.483,1158.71,540.73,386.236,772.472,617.978,540.73,231.742,231.742,617.978,386.236
77,293,617.978,1235.96,1235.96,1235.96,463.483,617.978,617.978,308.989,231.742,386.236,231.742
78,293,849.719,1004.21,926.966,926.966,540.73,308.989,386.236,386.236,463.483,386.236,386.236
79,293,617.978,772.472,1004.21,772.472,386.236,540.73,463.483,386.236,463.483,308.989,463.483
80,293,463.483,463.483,540.73,540.73,154.494,386.236,463.483,463.483,540.73,231.742,386.236
81,293,308.989,386.236,308.989,308.989,231.742,154.494,154.494,154.494,463.483,308.989,386.236
45,294,308.989,463.483,308.989,308.989,154.494,154.494,154.494,154.494,154.494,154.494,154.494
46,294,386.236,463.483,386.236,231.742,154.494,231.742,154.494,154.494,154.494,154.494,154.494
47,294,463.483,386.236,386.236,308.989,231.742,308.989,231.742,154.494,154.494,154.494,154.494
48,294,308.989,695.225,308.989,231.742,308.989,308.989,308.989,154.494,231.742,231.742,231.742
50,294,308.989,386.236,695.225,617.978,308.989,154.494,154.494,231.742,231.742,77.2472,154.494
51,294,540.73,463.483,463.483,308.989,231.742,154.494,77.2472,77.2472,154.494,77.2472,154.494
52,294,617.978,617.978,386.236,308.989,154.494,154.494,154.494,77.2472,77.2472,77.2472,77.2472
53,294,386.236,695.225,231.742,154.494,154.494,154.494,154.494,154.494,77.2472,154.494,77.2472
54,294,386.236,540.73,540.73,386.236,154.494,154.494,154.494,154.494,77.2472,154.494,77.2472
55,294,231.742,540.73,386.236,386.236,231.742,231.742,231.742,154.494,231.742,154.494,77.2472
56,294,308.989,463.483,386.236,231.742,308.989,386.236,308.989,77.2472,154.494,154.494,154.494
57,294,772.472,1004.21,308.989,308.989,386.236,463.483,695.225,231.742,154.494,154.494,77.2472
58,294,540.73,1467.7,540.73,308.989,1004.21,540.73,772.472,540.73,463.483,540.73,308.989
59,294,1235.96,2085.67,1081.46,1313.2,2317.42,772.472,695.225,386.236,463.483,617.978,386.236
60,294,2085.67,4480.34,2162.92,2780.9,4712.08,1699.44,849.719,695.225,386.236,1004.21,386.236
61,294,3167.13,7879.21,3321.63,3553.37,3012.64,3707.87,1931.18,463.483,617.978,1158.71,772.472
62,294,3862.36,6488.76,7801.97,6411.52,1235.96,4016.85,4634.83,2008.43,849.719,463.483,463.483
63,294,2008.43,2858.15,8265.45,6720.51,849.719,2394.66,4248.6,3707.87,3553.37,1467.7,2317.42
64,294,1699.44,1081.46,3785.11,3321.63,1699.44,617.978,1313.2,1158.71,3862.36,1931.18,3321.63
65,294,617.978,695.225,617.978,849.719,1390.45,1081.46,617.978,540.73,772.472,772.472,1081.46
66,294,386.236,463.483,386.236,386.236,617.978,1235.96,1313.2,1158.71,1081.46,308.989,463.483
67,294,463.483,617.978,308.989,386.236,695.225,926.966,1081.46,772.472,1853.93,772.472,1235.96
68,294,695.225,617.978,540.73,540.73,772.472,463.483,540.73,231.742,1158.71,1081.46,1544.94
69,294,926.966,1158.71,463.483,386.236,540.73,695.225,386.236,308.989,386.236,540.73,772.472
70,294,772.472,695.225,1004.21,540.73,386.236,463.483,540.73,540.73,386.236,308.989,308.989
71,294,540.73,540.73,772.472,617.978,308.989,308.989,386.236,386.236,617.978,463.483,772.472
72,294,231.742,540.73,308.989,231.742,463.483,231.742,231.742,154.494,308.989,386.236,540.73
74,294,308.989,386.236,386.236,308.989,463.483,386.236,231.742,154.494,308.989,386.236,308.989
75,294,308.989,695.225,231.742,231.742,540.73,695.225,463.483,231.742,231.742,617.978,386.236
76,294,463.483,1004.21,617.978,463.483,695.225,617.978,540.73,231.742,308.989,463.483,386.236
77,294,695.225,1158.71,1158.71,1390.45,463.483,463.483,617.978,386.236,231.742,308.989,231.742
78,294,772.472,1158.71,926.966,926.966,617.978,308.989,386.236,386.236,463.483,540.73,386.236
79,294,617.978,695.225,1081.46,926.966,463.483,463.483,386.236,308.989,540.73,386.236,540.73
80,294,386.236,386.236,463.483,540.73,154.494,386.236,308.989,308.989,463.483,231.742,308.989
44,295,154.494,463.483,154.494,154.494,154.494,154.494,154.494,77.2472,77.2472,77.2472,77.2472
45,295,231.742,386.236,308.989,308.989,154.494,154.494,154.494,154.494,154.494,154.494,154.494
47,295,386.236,386.236,308.989,231.742,231.742,231.742,231.742,154.494,154.494,154.494,154.494
48,295,386.236,695.225,231.742,231.742,154.494,231.742,231.742,154.494,154.494,154.494,154.494
49,295,308.989,849.719,540.73,386.236,154.494,154.494,154.494,154.494,154.494,77.2472,154.494
50,295,463.483,695.225,772.472,617.978,77.2472,154.494,154.494,77.2472,154.494,77.2472,77.2472
51,295,308.989,617.978,540.73,308.989,77.2472,77.2472,154.494,77.2472,154.494,77.2472,77.2472
52,295,463.483,540.73,617.978,386.236,77.2472,154.494,154.494,77.2472,77.2472,77.2472,77.2472
53,295,386.236,386.236,231.742,231.742,154.494,154.494,154.494,77.2472,77.2472,77.2472,77.2472
54,295,308.989,463.483,231.742,154.494,154.494,154.494,154.494,154.494,77.2472,154.494,77.2472
55,295,308.989,617.978,308.989,386.236,231.742,154.494,154.494,77.2472,154.494,77.2472,77.2472
56,295,231.742,386.236,386.236,231.742,617.978,386.236,231.742,154.494,154.494,154.494,154.494
57,295,386.236,540.73,308.989,308.989,772.472,1004.21,617.978,154.494,154.494,154.494,77.2472
58,295,463.483,926.966,231.742,154.494,926.966,1081.46,1081.46,386.236,308.989,386.236,231.742
59,295,617.978,2317.42,386.236,386.236,1081.46,1081.46,1235.96,386.236,540.73,617.978,463.483
60,295,1313.2,3012.64,1931.18,1853.93,3244.38,695.225,1776.69,1235.96,540.73,849.719,463.483
61,295,3939.61,6875,3012.64,3630.62,5021.07,1622.19,772.472,1622.19,1622.19,2008.43,1544.94
62,295,5330.06,9887.64,3939.61,2703.65,3398.88,3707.87,1853.93,617.978,849.719,1158.71,1081.46
63,295,2240.17,3707.87,7724.72,5561.8,849.719,2780.9,2549.16,1467.7,1004.21,386.236,540.73
64,295,1622.19,1004.21,3167.13,3785.11,695.225,617.978,849.719,695.225,1776.69,617.978,1467.7
65,295,695.225,540.73,926.966,926.966,926.966,540.73,386.236,463.483,386.236,308.989,617.978
66,295,386.236,463.483,772.472,540.73,695.225,1004.21,772.472,849.719,772.472,231.742,386.236
67,295,617.978,849.719,386.236,386.236,463.483,926.966,617.978,386.236,849.719,308.989,540.73
68,295,617.978,926.966,540.73,617.978,617.978,308.989,386.236,231.742,540.73,386.236,617.978
69,295,540.73,1004.21,772.472,849.719,849.719,386.236,463.483,540.73,308.989,231.742,386.236
70,295,617.978,1004.21,926.966,617.978,540.73,386.236,540.73,617.978,617.978,308.989,308.989
71,295,540.73,617.978,1081.46,926.966,231.742,386.236,308.989,308.989,617.978,308.989,540.73
72,295,308.989,463.483,308.989,308.989,231.742,308.989,231.742,231.742,231.742,308.989,308.989
73,295,231.742,463.483,308.989,231.742,231.742,308.989,308.989,231.742,231.742,231.742,154.494
74,295,308.989,386.236,308.989,231.742,463.483,463.483,386.236,231.742,231.742,463.483,231.742
75,295,308.989,695.225,308.989,231.742,695.225,617.978,463.483,231.742,308.989,540.73,463.483
76,295,463.483,1081.46,540.73,463.483,772.472,617.978,540.73,231.742,231.742,386.236,308.989
77,295,617.978,1158.71,1004.21,1081.46,386.236,540.73,695.225,463.483,386.236,463.483,308.989
78,295,695.225,926.966,1081.46,1004.21,386.236,231.742,386.236,463.483,695.225,540.73,617.978
79,295,617.978,617.978,849.719,849.719,231.742,308.989,231.742,231.742,540.73,386.236,617.978
80,295,386.236,386.236,463.483,386.236,231.742,231.742,231.742,308.989,308.989,154.494,231.742
46,296,231.742,386.236,231.742,231.742,231.742,154.494,154.494,154.494,154.494,154.494,154.494
49,296,308.989,540.73,231.742,231.742,77.2472,77.2472,154.494,154.494,154.494,77.2472,154.494
50,296,540.73,695.225,308.989,308.989,77.2472,77.2472,154.494,77.2472,77.2472,77.2472,77.2472
51,296,386.236,695.225,308.989,231.742,77.2472,77.2472,154.494,77.2472,154.494,154.494,77.2472
52,296,463.483,463.483,386.236,231.742,77.2472,154.494,154.494,77.2472,77.2472,154.494,77.2472
55,296,231.742,463.483,308.989,386.236,154.494,154.494,231.742,77.2472,154.494,154.494,77.2472
56,296,308.989,463.483,386.236,386.236,308.989,231.742,308.989,154.494,154.494,231.742,154.494
57,296,463.483,386.236,463.483,308.989,772.472,695.225,308.989,231.742,308.989,231.742,231.742
58,296,1235.96,1004.21,308.989,231.742,1390.45,1004.21,540.73,231.742,231.742,231.742,154.494
59,296,926.966,2317.42,849.719,463.483,2008.43,1776.69,772.472,308.989,308.989,386.236,308.989
60,296,926.966,3476.12,2162.92,1390.45,849.719,2240.17,2317.42,849.719,308.989,231.742,231.742
61,296,1931.18,3012.64,3476.12,3862.36,2240.17,617.978,2085.67,1853.93,1544.94,1158.71,1081.46
62,296,2858.15,5021.07,1390.45,1699.44,3012.64,1158.71,695.225,1081.46,1931.18,1390.45,1853.93
63,296,3244.38,2858.15,2626.4,2008.43,926.966,1004.21,772.472,386.236,617.978,540.73,617.978
64,296,1544.94,1699.44,1699.44,1544.94,463.483,231.742,386.236,308.989,540.73,463.483,308.989
65,296,617.978,1158.71,1622.19,849.719,695.225,463.483,386.236,231.742,308.989,308.989,308.989
66,296,463.483,695.225,1544.94,1467.7,308.989,540.73,540.73,308.989,463.483,154.494,231.742
67,296,308.989,540.73,849.719,772.472,308.989,386.236,308.989,231.742,386.236,154.494,308.989
68,296,308.989,695.225,695.225,463.483,695.225,386.236,386.236,386.236,231.742,154.494,231.742
69,296,463.483,1004.21,617.978,695.225,617.978,617.978,772.472,772.472,540.73,308.989,308.989
70,296,386.236,849.719,617.978,540.73,308.989,386.236,617.978,617.978,926.966,540.73,617.978
71,296,386.236,463.483,617.978,617.978,308.989,308.989,308.989,386.236,540.73,540.73,617.978
73,296,231.742,386.236,231.742,154.494,308.989,463.483,463.483,463.483,386.236,231.742,231.742
74,296,231.742,463.483,231.742,231.742,463.483,463.483,386.236,231.742,308.989,463.483,308.989
75,296,308.989,617.978,308.989,386.236,695.225,463.483,463.483,308.989,231.742,386.236,308.989
76,296,463.483,926.966,463.483,463.483,695.225,695.225,617.978,386.236,231.742,386.236,231.742
77,296,617.978,1158.71,772.472,772.472,308.989,540.73,617.978,540.73,540.73,540.73,463.483
78,296,695.225,926.966,1004.21,1004.21,308.989,231.742,308.989,386.236,772.472,386.236,772.472
79,296,540.73,540.73,772.472,695.225,154.494,231.742,231.742,231.742,386.236,231.742,463.483
80,296,386.236,308.989,386.236,308.989,231.742,231.742,231.742,308.989,308.989,77.2472,154.494
52,297,308.989,386.236,231.742,154.494,77.2472,154.494,231.742,154.494,154.494,154.494,154.494
53,297,308.989,540.73,231.742,154.494,77.2472,154.494,154.494,154.494,154.494,77.2472,154.494
55,297,308.989,308.989,308.989,386.236,231.742,231.742,231.742,77.2472,154.494,154.494,154.494
56,297,617.978,849.719,231.742,308.989,231.742,231.742,308.989,154.494,154.494,154.494,77.2472
57,297,386.236,617.978,849.719,463.483,231.742,231.742,308.989,154.494,308.989,231.742,308.989
58,297,1235.96,1235.96,1004.21,772.472,540.73,463.483,308.989,154.494,308.989,154.494,231.742
59,297,926.966,2008.43,926.966,926.966,2549.16,849.719,386.236,308.989,231.742,308.989,231.742
60,297,617.978,2085.67,1158.71,1081.46,2085.67,2471.91,1004.21,617.978,386.236,308.989,386.236
61,297,926.966,1313.2,1158.71,1544.94,540.73,1467.7,1853.93,1158.71,695.225,540.73,463.483
62,297,1931.18,1544.94,772.472,1081.46,772.472,386.236,849.719,926.966,1467.7,849.719,1081.46
63,297,3244.38,2626.4,849.719,772.472,386.236,386.236,463.483,308.989,772.472,463.483,695.225
64,297,1313.2,1776.69,1776.69,926.966,386.236,231.742,386.236,308.989,308.989,386.236,308.989
65,297,463.483,849.719,1622.19,1158.71,617.978,308.989,308.989,154.494,386.236,540.73,463.483
66,297,540.73,695.225,849.719,1313.2,386.236,308.989,231.742,154.494,231.742,308.989,308.989
67,297,463.483,926.966,617.978,617.978,540.73,308.989,308.989,308.989,154.494,154.494,154.494
68,297,308.989,926.966,1004.21,695.225,1004.21,617.978,463.483,386.236,308.989,154.494,231.742
69,297,386.236,617.978,772.472,849.719,540.73,926.966,695.225,463.483,617.978,386.236,386.236
70,297,463.483,695.225,386.236,386.236,540.73,463.483,540.73,386.236,695.225,617.978,695.225
71,297,463.483,540.73,617.978,386.236,540.73,386.236,540.73,463.483,463.483,540.73,617.978
72,297,308.989,386.236,386.236,231.742,386.236,540.73,849.719,849.719,540.73,308.989,308.989
73,297,231.742,463.483,231.742,154.494,386.236,540.73,695.225,617.978,772.472,617.978,386.236
74,297,308.989,617.978,463.483,386.236,463.483,540.73,540.73,386.236,540.73,695.225,463.483
75,297,463.483,617.978,540.73,463.483,695.225,617.978,849.719,617.978,308.989,386.236,308.989
76,297,540.73,1004.21,617.978,617.978,695.225,540.73,540.73,540.73,617.978,540.73,386.236
77,297,617.978,1081.46,849.719,695.225,308.989,463.483,617.978,540.73,695.225,540.73,695.225
78,297,695.225,849.719,1004.21,772.472,308.989,154.494,308.989,386.236,617.978,231.742,540.73
79,297,540.73,540.73,695.225,540.73,231.742,231.742,231.742,154.494,308.989,231.742,308.989
80,297,386.236,308.989,386.236,308.989,154.494,308.989,386.236,231.742,308.989,154.494,231.742
81,297,231.742,308.989,231.742,231.742,154.494,154.494,308.989,154.494,386.236,154.494,231.742
55,298,386.236,463.483,308.989,308.989,154.494,154.494,231.742,154.494,154.494,154.494,77.2472
56,298,772.472,1235.96,308.989,154.494,231.742,154.494,231.742,231.742,154.494,154.494,77.2472
57,298,695.225,1699.44,849.719,540.73,154.494,154.494,308.989,231.742,231.742,77.2472,154.494
58,298,463.483,1235.96,1931.18,1467.7,308.989,231.742,308.989,154.494,231.742,77.2472,154.494
59,298,540.73,772.472,2008.43,1853.93,1235.96,308.989,540.73,463.483,231.742,154.494,154.494
60,298,540.73,772.472,1235.96,1390.45,1853.93,1004.21,695.225,617.978,617.978,386.236,463.483
61,298,463.483,1158.71,617.978,617.978,540.73,1158.71,1235.96,1004.21,849.719,617.978,617.978
62,298,926.966,926.966,1235.96,849.719,308.989,386.236,695.225,1004.21,1235.96,1004.21,849.719
63,298,1235.96,2162.92,849.719,1004.21,231.742,386.236,386.236,231.742,695.225,540.73,617.978
64,298,1313.2,1853.93,1853.93,1004.21,154.494,386.236,540.73,386.236,231.742,231.742,231.742
65,298,849.719,926.966,1544.94,1544.94,231.742,231.742,308.989,231.742,308.989,308.989,386.236
66,298,463.483,849.719,849.719,772.472,540.73,154.494,231.742,154.494,154.494,231.742,231.742
67,298,463.483,849.719,1158.71,772.472,772.472,231.742,231.742,308.989,231.742,154.494,154.494
68,298,772.472,849.719,772.472,695.225,695.225,463.483,231.742,308.989,308.989,154.494,154.494
69,298,617.978,926.966,540.73,617.978,463.483,540.73,308.989,154.494,308.989,231.742,231.742
70,298,463.483,772.472,617.978,386.236,849.719,463.483,308.989,231.742,231.742,308.989,386.236
71,298,463.483,540.73,772.472,617.978,695.225,926.966,926.966,617.978,308.989,308.989,308.989
72,298,308.989,463.483,386.236,386.236,463.483,1004.21,1313.2,926.966,772.472,617.978,386.236
73,298,308.989,695.225,463.483,308.989,772.472,617.978,695.225,540.73,1158.71,1158.71,849.719
74,298,308.989,772.472,772.472,617.978,617.978,849.719,1004.21,849.719,617.978,772.472,849.719
75,298,463.483,1004.21,772.472,772.472,617.978,772.472,1158.71,926.966,617.978,463.483,386.236
76,298,617.978,1158.71,1081.46,772.472,772.472,386.236,463.483,386.236,926.966,772.472,695.225
77,298,772.472,926.966,1158.71,1004.21,231.742,540.73,695.225,617.978,463.483,386.236,617.978
78,298,695.225,926.966,772.472,617.978,231.742,231.742,386.236,386.236,540.73,231.742,231.742
79,298,540.73,463.483,695.225,463.483,308.989,231.742,231.742,154.494,386.236,386.236,308.989
80,298,308.989,308.989,308.989,308.989,154.494,308.989,308.989,231.742,231.742,231.742,231.742
81,298,231.742,386.236,231.742,231.742,154.494,154.494,231.742,154.494,231.742,154.494,154.494
50,299,308.989,386.236,231.742,154.494,77.2472,77.2472,154.494,77.2472,154.494,77.2472,154.494
52,299,308.989,308.989,154.494,154.494,77.2472,77.2472,154.494,154.494,77.2472,77.2472,77.2472
55,299,308.989,308.989,154.494,231.742,231.742,154.494,154.494,154.494,77.2472,154.494,154.494
56,299,617.978,1004.21,308.989,231.742,154.494,154.494,231.742,154.494,231.742,154.494,154.494
57,299,617.978,1622.19,1004.21,540.73,154.494,154.494,231.742,231.742,231.742,154.494,154.494
58,299,617.978,2394.66,1313.2,1081.46,308.989,231.742,308.989,231.742,231.742,154.494,77.2472
59,299,540.73,1776.69,2008.43,1853.93,772.472,386.236,540.73,463.483,308.989,154.494,154.494
60,299,308.989,772.472,2008.43,1931.18,1544.94,849.719,695.225,772.472,540.73,154.494,386.236
61,299,386.236,1158.71,772.472,926.966,695.225,1081.46,1235.96,695.225,849.719,463.483,695.225
62,299,617.978,849.719,772.472,617.978,308.989,308.989,849.719,926.966,1081.46,926.966,926.966
63,299,695.225,1544.94,540.73,772.472,463.483,463.483,386.236,308.989,772.472,695.225,695.225
64,299,1313.2,1467.7,1158.71,695.225,231.742,463.483,617.978,231.742,231.742,231.742,154.494
65,299,1313.2,1699.44,1235.96,1235.96,231.742,231.742,308.989,231.742,308.989,154.494,231.742
67,299,386.236,772.472,1004.21,772.472,308.989,154.494,231.742,308.989,308.989,308.989,231.742
68,299,617.978,695.225,772.472,849.719,231.742,231.742,154.494,231.742,231.742,231.742,231.742
69,299,617.978,1081.46,463.483,463.483,463.483,231.742,154.494,154.494,231.742,154.494,154.494
70,299,617.978,1235.96,1004.21,540.73,1004.21,617.978,386.236,231.742,154.494,154.494,154.494
71,299,463.483,695.225,1622.19,1390.45,695.225,1313.2,1081.46,540.73,308.989,308.989,154.494
72,299,386.236,772.472,695.225,926.966,695.225,1081.46,1004.21,540.73,772.472,695.225,463.483
73,299,386.236,772.472,849.719,463.483,1390.45,695.225,695.225,386.236,849.719,772.472,1004.21
74,299,463.483,926.966,772.472,849.719,695.225,1313.2,1390.45,1004.21,540.73,463.483,695.225
75,299,540.73,1313.2,772.472,695.225,617.978,695.225,1004.21,772.472,1158.71,617.978,463.483
76,299,695.225,1081.46,1235.96,926.966,772.472,463.483,463.483,386.236,926.966,617.978,695.225
77,299,926.966,1004.21,926.966,1004.21,231.742,617.978,617.978,617.978,463.483,386.236,386.236
78,299,617.978,849.719,617.978,540.73,231.742,231.742,386.236,386.236,695.225,463.483,386.236
79,299,540.73,463.483,617.978,386.236,231.742,231.742,154.494,154.494,386.236,463.483,540.73
80,299,308.989,308.989,308.989,308.989,77.2472,308.989,231.742,154.494,231.742,231.742,231.742
81,299,231.742,463.483,231.742,231.742,154.494,154.494,154.494,154.494,154.494,154.494,154.494
52,300,231.742,386.236,154.494,154.494,154.494,154.494,154.494,77.2472,77.2472,77.2472,77.2472
55,300,386.236,540.73,231.742,231.742,154.494,154.494,231.742,308.989,154.494,77.2472,77.2472
56,300,926.966,1776.69,386.236,231.742,154.494,154.494,154.494,231.742,231.742,77.2472,154.494
57,300,1158.71,2162.92,1776.69,1158.71,231.742,154.494,308.989,154.494,154.494,77.2472,154.494
58,300,849.719,1776.69,2394.66,1931.18,463.483,231.742,231.742,308.989,231.742,77.2472,154.494
59,300,772.472,2162.92,1544.94,1467.7,617.978,308.989,463.483,231.742,308.989,154.494,154.494
60,300,308.989,926.966,1544.94,1235.96,1004.21,617.978,463.483,463.483,540.73,231.742,386.236
61,300,308.989,540.73,772.472,772.472,695.225,1235.96,849.719,463.483,695.225,231.742,463.483
62,300,308.989,540.73,308.989,308.989,386.236,540.73,1081.46,540.73,617.978,617.978,540.73
63,300,540.73,1081.46,308.989,308.989,695.225,386.236,463.483,386.236,695.225,772.472,617.978
64,300,1081.46,2085.67,617.978,386.236,386.236,540.73,386.236,154.494,386.236,386.236,386.236
65,300,849.719,1853.93,1776.69,1158.71,231.742,308.989,540.73,231.742,231.742,231.742,154.494
66,300,695.225,772.472,1390.45,1004.21,231.742,308.989,617.978,463.483,386.236,308.989,231.742
67,300,386.236,926.966,695.225,695.225,231.742,154.494,386.236,308.989,386.236,231.742,308.989
68,300,386.236,540.73,772.472,849.719,231.742,154.494,231.742,154.494,231.742,154.494,154.494
69,300,463.483,849.719,386.236,386.236,386.236,231.742,231.742,231.742,154.494,231.742,154.494
70,300,463.483,1235.96,617.978,463.483,926.966,617.978,386.236,308.989,231.742,231.742,154.494
71,300,540.73,926.966,1004.21,1081.46,540.73,926.966,617.978,308.989,308.989,231.742,231.742
72,300,540.73,1158.71,695.225,849.719,772.472,540.73,540.73,231.742,386.236,308.989,386.236
73,300,540.73,849.719,1158.71,695.225,1235.96,849.719,772.472,463.483,308.989,308.989,463.483
74,300,540.73,1081.46,849.719,926.966,540.73,1158.71,1004.21,772.472,617.978,463.483,386.236
75,300,695.225,1313.2,772.472,772.472,617.978,463.483,463.483,386.236,1004.21,617.978,695.225
76,300,772.472,1158.71,1004.21,849.719,617.978,463.483,540.73,386.236,463.483,386.236,617.978
77,300,617.978,849.719,1004.21,772.472,154.494,540.73,540.73,463.483,540.73,386.236,308.989
78,300,463.483,540.73,617.978,463.483,154.494,231.742,231.742,231.742,695.225,540.73,617.978
79,300,386.236,386.236,308.989,231.742,154.494,154.494,154.494,154.494,308.989,386.236,463.483
47,301,231.742,386.236,154.494,154.494,77.2472,154.494,154.494,77.2472,77.2472,77.2472,77.2472
48,301,308.989,463.483,231.742,154.494,154.494,154.494,154.494,77.2472,154.494,154.494,154.494
49,301,308.989,540.73,308.989,231.742,77.2472,77.2472,154.494,77.2472,154.494,77.2472,77.2472
52,301,231.742,386.236,154.494,154.494,154.494,154.494,154.494,77.2472,77.2472,77.2472,77.2472
54,301,308.989,386.236,463.483,386.236,231.742,231.742,154.494,77.2472,154.494,77.2472,77.2472
55,301,772.472,849.719,308.989,308.989,154.494,231.742,308.989,231.742,231.742,154.494,154.494
56,301,849.719,1544.94,695.225,463.483,231.742,154.494,154.494,231.742,386.236,77.2472,231.742
57,301,1004.21,2394.66,1081.46,695.225,231.742,308.989,308.989,154.494,231.742,77.2472,154.494
58,301,849.719,1853.93,1853.93,1544.94,231.742,154.494,308.989,308.989,154.494,154.494,154.494
59,301,617.978,1853.93,1699.44,1544.94,540.73,308.989,308.989,308.989,308.989,77.2472,154.494
60,301,308.989,1004.21,1390.45,1081.46,849.719,308.989,463.483,386.236,386.236,154.494,231.742
61,301,308.989,463.483,849.719,772.472,926.966,1004.21,463.483,540.73,617.978,231.742,463.483
62,301,386.236,617.978,308.989,386.236,386.236,1081.46,849.719,540.73,540.73,386.236,463.483
63,301,463.483,617.978,695.225,540.73,308.989,308.989,772.472,463.483,540.73,695.225,540.73
64,301,540.73,1235.96,463.483,463.483,540.73,308.989,308.989,231.742,463.483,617.978,540.73
65,301,617.978,1081.46,695.225,540.73,617.978,617.978,386.236,154.494,231.742,308.989,308.989
66,301,926.966,849.719,695.225,695.225,463.483,540.73,463.483,231.742,231.742,231.742,154.494
67,301,617.978,695.225,849.719,463.483,308.989,308.989,308.989,231.742,231.742,231.742,154.494
68,301,386.236,617.978,617.978,463.483,231.742,231.742,308.989,308.989,231.742,386.236,154.494
69,301,308.989,617.978,540.73,386.236,308.989,308.989,308.989,308.989,308.989,463.483,308.989
70,301,386.236,617.978,463.483,308.989,540.73,386.236,231.742,231.742,386.236,386.236,308.989
71,301,463.483,1004.21,386.236,386.236,540.73,386.236,308.989,308.989,231.742,231.742,308.989
72,301,540.73,1004.21,617.978,617.978,617.978,540.73,540.73,540.73,231.742,231.742,231.742
73,301,695.225,849.719,772.472,849.719,617.978,695.225,772.472,540.73,386.236,386.236,308.989
74,301,617.978,849.719,772.472,849.719,463.483,540.73,463.483,386.236,617.978,540.73,540.73
75,301,695.225,1081.46,540.73,695.225,540.73,386.236,386.236,308.989,463.483,386.236,617.978
76,301,617.978,1004.21,772.472,540.73,308.989,463.483,463.483,308.989,386.236,308.989,308.989
77,301,540.73,540.73,772.472,540.73,154.494,308.989,308.989,231.742,617.978,386.236,386.236
78,301,386.236,386.236,308.989,308.989,154.494,154.494,154.494,154.494,386.236,386.236,540.73
49,302,308.989,308.989,308.989,231.742,154.494,77.2472,154.494,77.2472,77.2472,77.2472,77.2472
52,302,463.483,540.73,154.494,154.494,77.2472,154.494,154.494,77.2472,77.2472,77.2472,77.2472
53,302,308.989,617.978,308.989,231.742,154.494,154.494,154.494,154.494,77.2472,154.494,154.494
54,302,386.236,695.225,463.483,308.989,231.742,231.742,154.494,77.2472,154.494,154.494,154.494
55,302,695.225,849.719,617.978,308.989,231.742,231.742,154.494,154.494,154.494,77.2472,154.494
56,302,1390.45,1467.7,849.719,617.978,231.742,154.494,77.2472,154.494,231.742,77.2472,154.494
57,302,1853.93,1931.18,926.966,926.966,463.483,308.989,154.494,154.494,231.742,77.2472,154.494
58,302,1699.44,2394.66,1081.46,772.472,231.742,231.742,231.742,154.494,154.494,154.494,154.494
59,302,772.472,1853.93,1390.45,926.966,386.236,308.989,308.989,231.742,308.989,154.494,231.742
60,302,308.989,849.719,1235.96,772.472,617.978,386.236,463.483,386.236,308.989,154.494,154.494
61,302,308.989,463.483,540.73,386.236,926.966,540.73,540.73,463.483,463.483,231.742,308.989
62,302,308.989,617.978,386.236,231.742,695.225,926.966,617.978,540.73,540.73,308.989,386.236
63,302,231.742,617.978,617.978,617.978,308.989,617.978,695.225,617.978,540.73,386.236,386.236
64,302,308.989,617.978,540.73,772.472,540.73,231.742,386.236,386.236,540.73,386.236,463.483
65,302,540.73,695.225,463.483,463.483,463.483,308.989,308.989,231.742,308.989,308.989,386.236
66,302,695.225,1622.19,463.483,386.236,308.989,308.989,386.236,308.989,231.742,308.989,231.742
68,302,308.989,617.978,1313.2,1158.71,231.742,308.989,540.73,540.73,463.483,463.483,308.989
69,302,386.236,540.73,695.225,849.719,308.989,308.989,386.236,308.989,540.73,386.236,463.483
70,302,386.236,540.73,463.483,386.236,463.483,308.989,386.236,154.494,308.989,231.742,386.236
71,302,540.73,772.472,540.73,386.236,849.719,540.73,695.225,386.236,308.989,154.494,231.742
72,302,695.225,849.719,617.978,772.472,617.978,695.225,695.225,463.483,463.483,308.989,231.742
73,302,695.225,849.719,617.978,617.978,617.978,463.483,463.483,308.989,540.73,386.236,386.236
74,302,772.472,772.472,772.472,617.978,617.978,308.989,308.989,231.742,386.236,308.989,463.483
75,302,695.225,849.719,617.978,540.73,386.236,386.236,386.236,231.742,231.742,231.742,308.989
76,302,617.978,772.472,695.225,540.73,154.494,308.989,308.989,154.494,386.236,308.989,231.742
77,302,463.483,540.73,463.483,386.236,154.494,154.494,154.494,154.494,308.989,308.989,386.236
79,302,231.742,308.989,231.742,231.742,154.494,154.494,154.494,77.2472,154.494,231.742,231.742
50,303,386.236,308.989,231.742,231.742,77.2472,77.2472,154.494,77.2472,154.494,77.2472,77.2472
51,303,386.236,386.236,154.494,154.494,77.2472,77.2472,77.2472,77.2472,77.2472,77.2472,77.2472
52,303,308.989,386.236,231.742,154.494,154.494,154.494,154.494,77.2472,77.2472,154.494,77.2472
54,303,617.978,695.225,540.73,463.483,154.494,77.2472,77.2472,154.494,154.494,154.494,231.742
55,303,540.73,1235.96,386.236,231.742,154.494,154.494,77.2472,77.2472,154.494,154.494,154.494
56,303,695.225,926.966,1313.2,772.472,154.494,154.494,154.494,77.2472,154.494,77.2472,77.2472
57,303,1390.45,772.472,1081.46,1004.21,231.742,154.494,231.742,154.494,154.494,77.2472,77.2472
58,303,1390.45,1313.2,463.483,463.483,308.989,154.494,154.494,308.989,231.742,77.2472,77.2472
59,303,695.225,1235.96,540.73,463.483,386.236,231.742,231.742,231.742,231.742,77.2472,154.494
60,303,463.483,695.225,463.483,540.73,617.978,463.483,386.236,231.742,154.494,154.494,231.742
61,303,849.719,926.966,386.236,463.483,772.472,617.978,463.483,386.236,308.989,154.494,231.742
62,303,540.73,926.966,540.73,231.742,772.472,695.225,540.73,308.989,386.236,231.742,308.989
63,303,308.989,540.73,617.978,386.236,463.483,617.978,617.978,463.483,463.483,308.989,308.989
64,303,540.73,695.225,308.989,231.742,231.742,386.236,463.483,386.236,463.483,231.742,308.989
65,303,386.236,617.978,308.989,308.989,386.236,463.483,463.483,231.742,308.989,231.742,231.742
66,303,617.978,1235.96,386.236,386.236,617.978,695.225,540.73,231.742,231.742,154.494,231.742
67,303,308.989,695.225,617.978,540.73,386.236,695.225,695.225,386.236,386.236,231.742,231.742
68,303,386.236,617.978,540.73,617.978,308.989,463.483,463.483,308.989,463.483,231.742,308.989
69,303,308.989,617.978,463.483,617.978,540.73,308.989,308.989,231.742,308.989,154.494,308.989
70,303,386.236,849.719,463.483,386.236,772.472,463.483,308.989,231.742,231.742,154.494,154.494
71,303,386.236,849.719,926.966,617.978,617.978,617.978,463.483,231.742,308.989,231.742,231.742
72,303,540.73,1004.21,695.225,695.225,463.483,386.236,386.236,231.742,386.236,308.989,386.236
73,303,617.978,926.966,772.472,540.73,463.483,231.742,308.989,308.989,308.989,231.742,386.236
74,303,617.978,849.719,695.225,695.225,386.236,308.989,308.989,386.236,231.742,154.494,154.494
75,303,540.73,849.719,695.225,540.73,231.742,308.989,231.742,231.742,308.989,154.494,154.494
76,303,463.483,540.73,540.73,540.73,231.742,231.742,231.742,154.494,231.742,154.494,231.742
77,303,386.236,386.236,308.989,231.742,154.494,154.494,231.742,154.494,154.494,154.494,154.494
48,304,231.742,386.236,231.742,231.742,154.494,77.2472,154.494,77.2472,77.2472,77.2472,77.2472
49,304,308.989,386.236,154.494,154.494,154.494,77.2472,154.494,154.494,77.2472,77.2472,77.2472
51,304,540.73,386.236,231.742,154.494,154.494,77.2472,77.2472,154.494,154.494,77.2472,77.2472
52,304,540.73,617.978,231.742,154.494,154.494,154.494,154.494,154.494,154.494,77.2472,77.2472
53,304,386.236,926.966,308.989,154.494,154.494,77.2472,154.494,77.2472,77.2472,77.2472,77.2472
55,304,1158.71,1235.96,695.225,695.225,77.2472,77.2472,154.494,77.2472,154.494,154.494,154.494
56,304,1235.96,1544.94,540.73,308.989,231.742,154.494,154.494,77.2472,154.494,154.494,154.494
57,304,695.225,772.472,1081.46,772.472,308.989,308.989,308.989,154.494,77.2472,77.2472,77.2472
58,304,617.978,695.225,695.225,540.73,231.742,154.494,308.989,386.236,231.742,154.494,154.494
59,304,308.989,463.483,1081.46,849.719,463.483,231.742,231.742,308.989,386.236,77.2472,154.494
60,304,231.742,617.978,386.236,386.236,463.483,231.742,386.236,231.742,308.989,154.494,154.494
61,304,463.483,617.978,463.483,540.73,772.472,308.989,386.236,617.978,386.236,231.742,231.742
62,304,386.236,540.73,617.978,540.73,695.225,463.483,308.989,463.483,540.73,231.742,308.989
63,304,540.73,617.978,386.236,308.989,540.73,386.236,463.483,308.989,386.236,231.742,231.742
64,304,386.236,695.225,540.73,308.989,386.236,308.989,308.989,386.236,386.236,308.989,308.989
65,304,386.236,540.73,772.472,463.483,463.483,308.989,231.742,308.989,386.236,308.989,231.742
66,304,386.236,772.472,386.236,386.236,617.978,386.236,231.742,231.742,231.742,231.742,154.494
67,304,463.483,695.225,617.978,308.989,386.236,386.236,308.989,308.989,231.742,154.494,154.494
68,304,308.989,463.483,695.225,617.978,231.742,231.742,308.989,386.236,231.742,231.742,154.494
69,304,231.742,463.483,386.236,386.236,308.989,231.742,386.236,463.483,386.236,308.989,231.742
70,304,308.989,772.472,386.236,386.236,386.236,231.742,308.989,386.236,463.483,231.742,308.989
71,304,308.989,617.978,463.483,617.978,386.236,308.989,308.989,308.989,386.236,231.742,308.989
72,304,386.236,772.472,540.73,540.73,386.236,308.989,463.483,308.989,308.989,154.494,308.989
73,304,540.73,617.978,695.225,540.73,231.742,308.989,463.483,386.236,308.989,154.494,154.494
74,304,540.73,772.472,463.483,463.483,231.742,231.742,231.742,231.742,386.236,154.494,231.742
75,304,463.483,617.978,540.73,386.236,308.989,154.494,154.494,154.494,308.989,231.742,231.742
76,304,463.483,386.236,386.236,308.989,231.742,154.494,231.742,154.494,154.494,154.494,154.494
77,304,308.989,386.236,231.742,154.494,154.494,231.742,231.742,77.2472,154.494,154.494,154.494
78,304,231.742,386.236,154.494,154.494,154.494,154.494,154.494,77.2472,154.494,231.742,231.742
50,305,386.236,386.236,231.742,154.494,154.494,77.2472,154.494,77.2472,77.2472,77.2472,77.2472
52,305,463.483,386.236,308.989,154.494,154.494,77.2472,154.494,154.494,154.494,154.494,77.2472
53,305,463.483,772.472,308.989,231.742,154.494,77.2472,77.2472,154.494,77.2472,154.494,77.2472
54,305,308.989,772.472,308.989,231.742,77.2472,77.2472,154.494,77.2472,77.2472,154.494,77.2472
55,305,540.73,540.73,695.225,540.73,154.494,154.494,77.2472,77.2472,77.2472,154.494,154.494
56,305,926.966,849.719,695.225,617.978,308.989,154.494,154.494,154.494,154.494,154.494,154.494
57,305,772.472,695.225,540.73,540.73,463.483,308.989,154.494,77.2472,154.494,77.2472,154.494
58,305,695.225,1776.69,463.483,386.236,231.742,231.742,231.742,154.494,154.494,77.2472,154.494
59,305,540.73,926.966,1699.44,1544.94,617.978,231.742,154.494,154.494,231.742,154.494,154.494
60,305,463.483,695.225,1081.46,1235.96,463.483,386.236,308.989,154.494,231.742,77.2472,154.494
61,305,308.989,1004.21,308.989,386.236,463.483,231.742,386.236,308.989,308.989,154.494,231.742
62,305,231.742,540.73,772.472,772.472,540.73,308.989,231.742,463.483,540.73,154.494,308.989
63,305,617.978,772.472,463.483,540.73,386.236,308.989,308.989,308.989,463.483,154.494,308.989
64,305,540.73,1235.96,386.236,308.989,308.989,231.742,463.483,386.236,386.236,231.742,308.989
65,305,308.989,540.73,463.483,386.236,231.742,231.742,463.483,463.483,540.73,308.989,386.236
66,305,540.73,772.472,463.483,463.483,231.742,231.742,386.236,463.483,617.978,308.989,463.483
67,305,463.483,772.472,540.73,463.483,386.236,308.989,540.73,463.483,617.978,308.989,463.483
68,305,308.989,463.483,540.73,617.978,386.236,386.236,540.73,463.483,540.73,308.989,386.236
69,305,308.989,540.73,386.236,463.483,463.483,386.236,463.483,308.989,540.73,308.989,386.236
70,305,386.236,617.978,386.236,386.236,540.73,231.742,308.989,154.494,463.483,231.742,386.236
71,305,617.978,1235.96,695.225,540.73,463.483,308.989,308.989,154.494,231.742,154.494,231.742
72,305,463.483,1235.96,1235.96,772.472,308.989,386.236,308.989,154.494,154.494,154.494,154.494
73,305,540.73,695.225,1158.71,926.966,154.494,308.989,308.989,154.494,231.742,154.494,154.494
74,305,540.73,695.225,463.483,463.483,154.494,154.494,231.742,154.494,231.742,231.742,231.742
75,305,386.236,463.483,463.483,231.742,231.742,154.494,154.494,154.494,154.494,231.742,231.742
76,305,308.989,386.236,308.989,231.742,231.742,231.742,154.494,154.494,154.494,154.494,154.494
77,305,308.989,308.989,154.494,154.494,154.494,154.494,154.494,77.2472,77.2472,77.2472,77.2472
78,305,231.742,386.236,154.494,154.494,154.494,154.494,77.2472,77.2472,154.494,154.494,154.494
51,306,308.989,308.989,231.742,154.494,154.494,154.494,154.494,77.2472,77.2472,77.2472,77.2472
52,306,386.236,463.483,154.494,154.494,154.494,154.494,154.494,154.494,154.494,77.2472,77.2472
54,306,617.978,617.978,463.483,386.236,154.494,77.2472,77.2472,77.2472,77.2472,154.494,77.2472
55,306,772.472,1081.46,231.742,231.742,154.494,154.494,77.2472,77.2472,77.2472,77.2472,77.2472
56,306,463.483,772.472,772.472,463.483,154.494,154.494,154.494,154.494,154.494,77.2472,154.494
57,306,308.989,386.236,926.966,772.472,308.989,154.494,154.494,154.494,231.742,77.2472,154.494
58,306,386.236,1158.71,540.73,540.73,231.742,154.494,154.494,154.494,154.494,77.2472,77.2472
59,306,463.483,1235.96,617.978,540.73,231.742,154.494,154.494,154.494,154.494,77.2472,77.2472
60,306,308.989,617.978,926.966,926.966,386.236,231.742,154.494,154.494,154.494,154.494,77.2472
61,306,231.742,617.978,772.472,695.225,231.742,154.494,154.494,154.494,154.494,77.2472,77.2472
62,306,386.236,772.472,617.978,540.73,308.989,154.494,231.742,154.494,154.494,77.2472,154.494
63,306,463.483,1004.21,849.719,695.225,386.236,231.742,154.494,231.742,231.742,154.494,154.494
64,306,308.989,695.225,1235.96,926.966,308.989,308.989,231.742,154.494,231.742,77.2472,154.494
65,306,386.236,540.73,926.966,772.472,308.989,308.989,231.742,231.742,231.742,77.2472,154.494
66,306,386.236,617.978,463.483,463.483,386.236,308.989,308.989,231.742,308.989,77.2472,231.742
67,306,386.236,540.73,386.236,386.236,463.483,308.989,308.989,231.742,308.989,77.2472,231.742
68,306,463.483,463.483,386.236,386.236,386.236,308.989,231.742,154.494,231.742,154.494,231.742
69,306,386.236,540.73,463.483,386.236,308.989,231.742,231.742,154.494,231.742,77.2472,231.742
70,306,463.483,772.472,540.73,463.483,308.989,154.494,231.742,308.989,154.494,154.494,154.494
71,306,617.978,1158.71,540.73,617.978,231.742,154.494,154.494,308.989,231.742,154.494,154.494
72,306,386.236,772.472,617.978,540.73,231.742,231.742,154.494,154.494,231.742,154.494,154.494
73,306,386.236,463.483,463.483,463.483,154.494,154.494,231.742,154.494,154.494,154.494,154.494
74,306,386.236,540.73,308.989,308.989,154.494,154.494,154.494,154.494,154.494,154.494,154.494
75,306,308.989,386.236,308.989,231.742,154.494,77.2472,154.494,77.2472,154.494,77.2472,154.494
50,307,308.989,386.236,231.742,231.742,77.2472,154.494,77.2472,77.2472,154.494,77.2472,77.2472
52,307,463.483,386.236,231.742,154.494,154.494,154.494,154.494,77.2472,154.494,77.2472,77.2472
53,307,386.236,617.978,154.494,154.494,154.494,77.2472,77.2472,154.494,154.494,77.2472,77.2472
54,307,308.989,386.236,386.236,308.989,154.494,77.2472,77.2472,154.494,154.494,154.494,77.2472
55,307,695.225,695.225,386.236,308.989,154.494,77.2472,77.2472,77.2472,154.494,154.494,77.2472
56,307,772.472,1081.46,308.989,231.742,154.494,154.494,154.494,77.2472,77.2472,77.2472,77.2472
57,307,463.483,926.966,540.73,308.989,154.494,77.2472,154.494,154.494,154.494,77.2472,77.2472
58,307,617.978,1235.96,849.719,695.225,231.742,154.494,77.2472,154.494,154.494,77.2472,77.2472
59,307,540.73,1158.71,1467.7,1081.46,231.742,154.494,154.494,154.494,154.494,77.2472,154.494
60,307,386.236,849.719,1390.45,1004.21,154.494,77.2472,154.494,154.494,231.742,154.494,154.494
61,307,386.236,1004.21,849.719,772.472,231.742,154.494,154.494,154.494,231.742,154.494,154.494
62,307,540.73,1081.46,772.472,772.472,231.742,154.494,154.494,154.494,231.742,154.494,154.494
63,307,308.989,926.966,772.472,695.225,231.742,77.2472,154.494,154.494,231.742,77.2472,154.494
64,307,308.989,849.719,617.978,695.225,231.742,77.2472,154.494,154.494,231.742,154.494,154.494
65,307,308.989,540.73,617.978,695.225,231.742,154.494,154.494,154.494,231.742,154.494,154.494
66,307,463.483,463.483,386.236,463.483,231.742,77.2472,154.494,154.494,231.742,77.2472,154.494
67,307,540.73,540.73,386.236,308.989,231.742,77.2472,154.494,154.494,231.742,154.494,154.494
68,307,386.236,772.472,463.483,386.236,231.742,154.494,231.742,231.742,154.494,154.494,154.494
69,307,308.989,695.225,695.225,463.483,308.989,154.494,308.989,231.742,308.989,154.494,154.494
70,307,386.236,463.483,540.73,540.73,231.742,231.742,386.236,308.989,463.483,231.742,231.742
71,307,463.483,617.978,386.236,308.989,231.742,154.494,308.989,308.989,540.73,231.742,386.236
72,307,540.73,617.978,617.978,386.236,231.742,154.494,231.742,154.494,386.236,231.742,308.989
73,307,386.236,463.483,540.73,386.236,154.494,154.494,154.494,154.494,231.742,154.494,231.742
74,307,308.989,308.989,386.236,308.989,154.494,154.494,154.494,77.2472,154.494,154.494,154.494
78,307,308.989,386.236,231.742,154.494,77.2472,77.2472,154.494,77.2472,77.2472,77.2472,77.2472
53,308,308.989,386.236,231.742,154.494,154.494,154.494,77.2472,77.2472,77.2472,77.2472,77.2472
54,308,540.73,695.225,154.494,154.494,154.494,77.2472,154.494,154.494,77.2472,77.2472,77.2472
55,308,463.483,695.225,463.483,231.742,154.494,77.2472,77.2472,154.494,154.494,154.494,154.494
57,308,463.483,617.978,540.73,386.236,231.742,154.494,154.494,77.2472,77.2472,77.2472,77.2472
58,308,617.978,1158.71,386.236,308.989,154.494,154.494,154.494,77.2472,77.2472,77.2472,77.2472
59,308,695.225,1622.19,386.236,386.236,154.494,154.494,154.494,154.494,154.494,77.2472,77.2472
60,308,463.483,1004.21,695.225,617.978,154.494,77.2472,154.494,77.2472,154.494,154.494,154.494
61,308,386.236,695.225,772.472,617.978,154.494,77.2472,154.494,77.2472,154.494,154.494,154.494
62,308,540.73,1004.21,540.73,386.236,154.494,77.2472,154.494,154.494,154.494,154.494,154.494
63,308,617.978,1158.71,617.978,540.73,154.494,77.2472,154.494,77.2472,154.494,154.494,154.494
64,308,463.483,772.472,926.966,772.472,154.494,77.2472,154.494,154.494,154.494,154.494,154.494
65,308,386.236,695.225,695.225,617.978,154.494,77.2472,154.494,154.494,154.494,154.494,154.494
66,308,463.483,695.225,695.225,540.73,154.494,77.2472,154.494,231.742,231.742,154.494,154.494
67,308,386.236,540.73,617.978,540.73,154.494,154.494,154.494,154.494,231.742,154.494,231.742
68,308,386.236,617.978,386.236,386.236,308.989,154.494,231.742,154.494,231.742,231.742,154.494
69,308,386.236,386.236,386.236,308.989,386.236,231.742,231.742,154.494,231.742,231.742,231.742
70,308,540.73,540.73,386.236,386.236,231.742,308.989,308.989,154.494,308.989,308.989,308.989
71,308,617.978,695.225,463.483,308.989,231.742,231.742,231.742,154.494,308.989,308.989,308.989
72,308,386.236,463.483,386.236,386.236,154.494,154.494,231.742,154.494,231.742,231.742,308.989
73,308,308.989,308.989,231.742,308.989,154.494,154.494,154.494,154.494,154.494,154.494,231.742
78,308,231.742,308.989,154.494,154.494,154.494,77.2472,154.494,77.2472,77.2472,77.2472,77.2472
52,309,308.989,308.989,154.494,154.494,154.494,77.2472,154.494,77.2472,154.494,77.2472,77.2472
55,309,695.225,849.719,231.742,154.494,154.494,154.494,154.494,77.2472,77.2472,77.2472,77.2472
56,309,617.978,849.719,308.989,231.742,154.494,154.494,154.494,154.494,154.494,154.494,154.494
57,309,540.73,772.472,463.483,308.989,231.742,154.494,154.494,154.494,154.494,77.2472,77.2472
58,309,695.225,1081.46,617.978,463.483,154.494,154.494,154.494,154.494,154.494,77.2472,77.2472
59,309,695.225,926.966,1081.46,695.225,154.494,77.2472,154.494,77.2472,77.2472,77.2472,77.2472
60,309,463.483,695.225,849.719,540.73,154.494,77.2472,154.494,77.2472,77.2472,77.2472,77.2472
61,309,463.483,772.472,463.483,386.236,77.2472,77.2472,154.494,77.2472,77.2472,77.2472,77.2472
62,309,617.978,772.472,617.978,463.483,154.494,77.2472,154.494,77.2472,77.2472,77.2472,77.2472
63,309,540.73,617.978,540.73,386.236,231.742,77.2472,154.494,77.2472,77.2472,77.2472,77.2472
64,309,308.989,617.978,386.236,386.236,231.742,154.494,154.494,77.2472,77.2472,77.2472,77.2472
65,309,308.989,540.73,386.236,386.236,231.742,154.494,231.742,77.2472,77.2472,77.2472,77.2472
66,309,386.236,540.73,386.236,386.236,154.494,154.494,231.742,154.494,154.494,77.2472,154.494
67,309,386.236,540.73,308.989,308.989,154.494,154.494,231.742,154.494,154.494,154.494,154.494
68,309,463.483,540.73,463.483,231.742,154.494,154.494,154.494,154.494,154.494,154.494,154.494
69,309,540.73,617.978,463.483,308.989,231.742,154.494,154.494,77.2472,77.2472,154.494,154.494
70,309,463.483,540.73,308.989,308.989,154.494,154.494,231.742,154.494,77.2472,154.494,154.494
71,309,308.989,308.989,231.742,231.742,231.742,154.494,154.494,154.494,154.494,154.494,154.494
72,309,308.989,308.989,154.494,154.494,231.742,154.494,231.742,154.494,231.742,154.494,154.494
73,309,231.742,308.989,231.742,231.742,308.989,154.494,231.742,154.494,154.494,154.494,154.494
53,310,308.989,386.236,154.494,154.494,154.494,77.2472,154.494,154.494,154.494,77.2472,77.2472
54,310,463.483,617.978,231.742,231.742,154.494,77.2472,77.2472,77.2472,77.2472,77.2472,77.2472
57,310,463.483,386.236,231.742,154.494,154.494,154.494,231.742,154.494,154.494,77.2472,154.494
58,310,540.73,695.225,231.742,231.742,231.742,77.2472,154.494,154.494,154.494,77.2472,77.2472
59,310,617.978,926.966,308.989,231.742,154.494,77.2472,77.2472,77.2472,77.2472,77.2472,77.2472
60,310,463.483,695.225,386.236,308.989,77.2472,77.2472,154.494,77.2472,77.2472,154.494,77.2472
61,310,386.236,540.73,308.989,231.742,154.494,77.2472,154.494,77.2472,77.2472,77.2472,77.2472
62,310,540.73,617.978,231.742,154.494,154.494,77.2472,154.494,77.2472,77.2472,77.2472,154.494
63,310,540.73,617.978,308.989,231.742,154.494,154.494,154.494,77.2472,77.2472,77.2472,77.2472
64,310,308.989,386.236,308.989,308.989,231.742,154.494,154.494,77.2472,77.2472,77.2472,154.494
65,310,308.989,386.236,231.742,231.742,231.742,154.494,154.494,77.2472,77.2472,77.2472,77.2472
66,310,386.236,463.483,231.742,231.742,231.742,154.494,154.494,77.2472,77.2472,77.2472,77.2472
67,310,386.236,540.73,308.989,231.742,154.494,154.494,154.494,154.494,154.494,77.2472,77.2472
68,310,308.989,386.236,308.989,308.989,154.494,77.2472,154.494,154.494,154.494,77.2472,77.2472
69,310,308.989,386.236,231.742,231.742,154.494,154.494,154.494,154.494,77.2472,154.494,77.2472
70,310,386.236,308.989,154.494,154.494,154.494,154.494,231.742,231.742,154.494,231.742,77.2472
71,310,386.236,386.236,154.494,154.494,231.742,154.494,231.742,154.494,231.742,231.742,231.742
72,310,231.742,308.989,154.494,154.494,231.742,154.494,231.742,154.494,308.989,308.989,231.742
54,311,308.989,386.236,154.494,154.494,77.2472,77.2472,154.494,154.494,77.2472,77.2472,77.2472
55,311,463.483,540.73,231.742,231.742,154.494,154.494,154.494,154.494,154.494,77.2472,154.494
56,311,463.483,386.236,308.989,231.742,231.742,154.494,154.494,154.494,77.2472,77.2472,77.2472
57,311,463.483,386.236,231.742,231.742,231.742,231.742,154.494,154.494,154.494,77.2472,77.2472
58,311,540.73,617.978,308.989,231.742,154.494,154.494,154.494,77.2472,77.2472,77.2472,77.2472
59,311,540.73,617.978,463.483,308.989,154.494,77.2472,154.494,154.494,154.494,77.2472,77.2472
61,311,386.236,386.236,308.989,231.742,154.494,77.2472,154.494,77.2472,77.2472,77.2472,154.494
62,311,386.236,386.236,308.989,231.742,77.2472,77.2472,154.494,77.2472,154.494,77.2472,77.2472
63,311,386.236,308.989,231.742,154.494,154.494,77.2472,154.494,77.2472,77.2472,77.2472,77.2472
64,311,308.989,308.989,231.742,154.494,154.494,154.494,231.742,154.494,154.494,77.2472,154.494
65,311,231.742,308.989,154.494,154.494,231.742,154.494,231.742,154.494,154.494,154.494,77.2472
69,311,386.236,386.236,231.742,154.494,154.494,154.494,154.494,231.742,154.494,154.494,154.494
70,311,386.236,386.236,231.742,154.494,231.742,154.494,154.494,154.494,154.494,154.494,154.494
74,311,154.494,231.742,231.742,308.989,231.742,231.742,231.742,154.494,77.2472,154.494,154.494
75,311,154.494,231.742,154.494,231.742,154.494,154.494,308.989,154.494,154.494,154.494,77.2472
53,312,231.742,308.989,154.494,154.494,154.494,77.2472,154.494,77.2472,77.2472,77.2472,77.2472
54,312,308.989,386.236,231.742,231.742,154.494,154.494,154.494,77.2472,77.2472,77.2472,77.2472
57,312,231.742,308.989,154.494,154.494,231.742,154.494,154.494,154.494,154.494,77.2472,77.2472
58,312,386.236,386.236,231.742,231.742,231.742,154.494,154.494,154.494,154.494,77.2472,77.2472
59,312,386.236,386.236,308.989,231.742,154.494,77.2472,154.494,77.2472,77.2472,77.2472,77.2472
60,312,308.989,308.989,231.742,154.494,154.494,77.2472,154.494,77.2472,77.2472,77.2472,77.2472
61,312,308.989,308.989,154.494,154.494,154.494,77.2472,154.494,77.2472,77.2472,77.2472,77.2472
62,312,308.989,308.989,231.742,154.494,154.494,154.494,154.494,77.2472,77.2472,77.2472,77.2472
63,312,308.989,231.742,231.742,154.494,154.494,154.494,154.494,77.2472,77.2472,77.2472,77.2472
65,312,231.742,231.742,154.494,154.494,308.989,231.742,231.742,154.494,154.494,77.2472,154.494
66,312,231.742,231.742,154.494,154.494,231.742,231.742,308.989,154.494,154.494,77.2472,154.494
68,312,231.742,308.989,154.494,154.494,154.494,154.494,231.742,154.494,231.742,154.494,154.494
71,312,231.742,463.483,231.742,231.742,154.494,154.494,154.494,77.2472,77.2472,154.494,154.494
57,313,231.742,308.989,154.494,154.494,154.494,154.494,154.494,77.2472,154.494,77.2472,154.494
60,313,231.742,308.989,231.742,231.742,154.494,77.2472,154.494,77.2472,77.2472,77.2472,77.2472
70,313,231.742,308.989,154.494,154.494,154.494,77.2472,154.494,77.2472,154.494,77.2472,77.2472
58,314,231.742,308.989,154.494,231.742,154.494,77.2472,154.494,77.2472,77.2472,77.2472,77.2472
