163,64,189.988,171.177,458.98,156.128,137.318,167.415,114.745,65.8373,80.8858,176.82,58.313
164,64,133.556,124.15,758.069,163.653,146.723,99.6964,129.793,137.318,120.388,112.864,75.2426
166,64,233.252,180.582,880.338,135.437,169.296,148.604,103.459,124.15,67.7183,133.556,90.2911
167,64,395.024,203.155,791.928,210.679,158.009,101.577,129.793,124.15,137.318,112.864,159.891
161,65,314.138,176.82,867.171,191.869,150.485,99.6964,101.577,109.102,107.221,114.745,120.388
162,65,447.693,152.366,1202,156.128,225.728,114.745,139.199,92.1722,159.891,141.08,99.6964
163,65,526.698,210.679,991.321,199.393,141.08,90.2911,126.031,139.199,122.269,92.1722,152.366
164,65,506.006,171.177,782.523,212.56,186.225,112.864,161.772,139.199,159.891,122.269,156.128
165,65,406.31,174.939,724.21,206.917,210.679,174.939,161.772,146.723,191.869,163.653,92.1722
166,65,291.565,171.177,933.008,272.754,238.895,191.869,131.675,229.49,112.864,176.82,165.534
167,65,169.296,158.009,1049.63,201.274,141.08,142.961,174.939,248.301,220.085,206.917,206.917
168,65,368.689,374.332,1262.19,252.063,169.296,167.415,118.507,302.851,233.252,252.063,210.679
169,65,383.737,346.116,966.867,314.138,167.415,199.393,129.793,191.869,238.895,189.988,193.75
170,65,218.204,349.878,385.618,263.349,291.565,171.177,150.485,156.128,174.939,182.463,124.15
173,65,39.5024,112.864,193.75,129.793,112.864,131.675,182.463,180.582,184.344,272.754,238.895
159,66,338.592,214.441,596.298,267.111,107.221,154.247,58.313,158.009,122.269,150.485,101.577
160,66,295.327,135.437,827.668,186.225,109.102,135.437,105.34,152.366,127.912,126.031,88.41
161,66,423.24,210.679,727.972,188.106,105.34,142.961,120.388,148.604,159.891,180.582,173.058
162,66,267.111,221.966,891.625,186.225,233.252,129.793,133.556,173.058,173.058,191.869,199.393
163,66,366.808,327.305,1860.37,278.398,244.538,144.842,163.653,221.966,156.128,165.534,150.485
164,66,581.249,551.152,3201.57,316.019,297.208,165.534,233.252,206.917,182.463,203.155,159.891
165,66,650.848,635.8,3075.54,443.931,515.412,325.424,223.847,287.803,312.257,284.041,235.133
166,66,616.989,519.174,2861.1,485.315,549.271,507.887,270.873,396.905,317.9,282.16,265.23
167,66,490.958,312.257,1583.86,489.077,389.38,302.851,353.64,468.385,451.456,346.116,302.851
168,66,246.419,221.966,870.933,306.614,272.754,372.451,385.618,460.861,447.693,389.38,389.38
169,66,214.441,295.327,1867.9,282.16,174.939,346.116,263.349,378.094,430.764,393.143,427.002
170,66,195.631,498.482,1723.06,231.371,233.252,259.587,176.82,340.473,276.517,334.83,272.754
171,66,144.842,393.143,329.186,300.97,242.657,141.08,124.15,203.155,199.393,274.635,206.917
158,67,406.31,218.204,716.686,161.772,127.912,154.247,101.577,90.2911,99.6964,90.2911,129.793
159,67,442.05,238.895,865.29,167.415,165.534,173.058,58.313,105.34,97.8154,92.1722,84.6479
160,67,562.438,323.543,837.074,178.701,156.128,131.675,165.534,163.653,193.75,135.437,199.393
161,67,741.139,504.125,3109.4,178.701,167.415,139.199,107.221,163.653,142.961,203.155,182.463
162,67,1452.18,596.298,5404.3,257.706,221.966,127.912,197.512,180.582,158.009,174.939,154.247
163,67,1273.48,415.715,4629.3,470.266,240.776,163.653,212.56,210.679,158.009,189.988,210.679
164,67,765.593,464.623,5289.55,474.028,387.499,235.133,193.75,195.631,186.225,195.631,238.895
165,67,722.329,554.914,4616.13,686.589,468.385,276.517,282.16,285.922,308.495,231.371,257.706
166,67,679.064,564.319,3585.31,754.307,528.579,306.614,389.38,325.424,214.441,270.873,253.944
167,67,756.188,618.87,3814.8,609.465,506.006,389.38,460.861,276.517,312.257,238.895,267.111
168,67,600.06,667.778,2654.18,513.531,432.645,329.186,524.817,404.429,317.9,404.429,363.045
169,67,167.415,453.337,733.615,323.543,246.419,372.451,417.596,477.79,421.358,379.975,428.883
170,67,124.15,246.419,1012.01,199.393,212.56,332.948,517.293,453.337,428.883,472.147,479.672
171,67,101.577,406.31,801.334,216.322,186.225,295.327,340.473,319.781,411.953,379.975,442.05
157,68,216.322,176.82,643.324,240.776,176.82,193.75,191.869,146.723,169.296,167.415,92.1722
158,68,387.499,253.944,1179.43,225.728,112.864,158.009,173.058,161.772,99.6964,139.199,114.745
159,68,921.722,579.368,1653.46,142.961,101.577,176.82,129.793,240.776,203.155,156.128,174.939
160,68,1482.28,458.98,4191.01,216.322,169.296,73.3615,135.437,131.675,142.961,139.199,193.75
161,68,1519.9,327.305,7087.85,458.98,366.808,231.371,141.08,152.366,195.631,154.247,176.82
162,68,3043.56,398.786,8857.93,786.285,769.355,248.301,206.917,184.344,158.009,159.891,152.366
163,68,3052.97,596.298,4779.79,904.792,795.69,449.574,250.182,280.279,208.798,257.706,253.944
164,68,1446.54,1015.77,3019.11,665.897,743.021,517.293,312.257,551.152,536.103,216.322,302.851
165,68,1580.09,735.496,2752,562.438,648.967,556.795,425.121,558.676,509.769,287.803,289.684
166,68,1042.11,720.448,2221.54,615.108,788.166,440.169,344.235,568.082,601.941,372.451,357.402
167,68,325.424,524.817,3568.38,600.06,801.334,334.83,265.23,455.218,408.191,368.689,346.116
168,68,411.953,1013.89,4595.44,827.668,786.285,299.089,317.9,285.922,349.878,259.587,276.517
169,68,210.679,1156.85,2716.26,929.246,553.033,302.851,385.618,323.543,252.063,302.851,306.614
170,68,142.961,583.13,1149.33,592.535,210.679,244.538,391.261,270.873,295.327,383.737,427.002
171,68,84.6479,282.16,566.2,206.917,173.058,146.723,229.49,274.635,353.64,398.786,507.887
156,69,201.274,159.891,628.276,227.609,208.798,189.988,152.366,178.701,218.204,199.393,112.864
157,69,498.482,387.499,889.744,227.609,159.891,274.635,210.679,261.468,205.036,159.891,201.274
158,69,1109.83,378.094,2076.7,122.269,150.485,182.463,248.301,158.009,122.269,154.247,176.82
159,69,3527,347.997,3051.09,267.111,205.036,131.675,180.582,101.577,146.723,142.961,165.534
160,69,4537.13,400.667,2227.18,620.751,543.628,257.706,246.419,206.917,227.609,127.912,142.961
161,69,2735.07,818.263,4896.41,541.747,714.805,287.803,304.732,327.305,319.781,214.441,252.063
162,69,1226.45,1311.1,5714.67,507.887,579.368,310.376,308.495,428.883,255.825,280.279,199.393
163,69,1482.28,1931.85,7968.19,863.409,1034.59,417.596,440.169,434.526,393.143,536.103,287.803
164,69,2198.96,3654.91,6822.62,1841.56,1882.95,684.708,632.038,786.285,624.513,752.426,522.936
165,69,2578.94,2528.15,7121.71,2708.73,2185.8,1109.83,793.809,1202,957.462,934.889,622.632
166,69,2411.52,1444.66,7102.9,2911.89,2225.3,1585.74,987.559,1600.79,1369.42,1386.34,929.246
167,69,765.593,1312.98,2358.86,2370.14,1587.62,1559.4,974.392,1958.19,1486.04,1414.56,1132.4
168,69,519.174,522.936,931.127,1134.28,686.589,880.338,575.606,1454.06,1292.29,1115.47,872.814
169,69,152.366,532.341,1160.62,854.003,1049.63,509.769,379.975,863.409,761.831,682.826,664.016
170,69,220.085,579.368,1493.57,1644.05,989.44,643.324,378.094,571.844,543.628,434.526,357.402
154,70,425.121,105.34,304.732,137.318,109.102,109.102,116.626,107.221,107.221,173.058,116.626
155,70,308.495,156.128,306.614,206.917,152.366,139.199,126.031,88.41,135.437,210.679,148.604
156,70,927.365,323.543,859.647,282.16,182.463,235.133,206.917,302.851,272.754,231.371,180.582
157,70,771.237,359.283,1649.69,193.75,120.388,240.776,280.279,210.679,144.842,158.009,180.582
158,70,925.484,265.23,4768.5,268.992,368.689,186.225,154.247,142.961,171.177,152.366,144.842
159,70,2614.68,541.747,2802.79,829.55,1027.06,357.402,169.296,291.565,483.434,287.803,167.415
160,70,2689.92,1937.5,6809.45,519.174,771.237,692.232,379.975,865.29,652.729,447.693,289.684
161,70,4283.18,4475.05,13998.9,946.176,1380.7,458.98,573.725,788.166,568.082,632.038,383.737
162,70,5814.37,3773.42,13760,3380.27,3419.78,692.232,423.24,575.606,462.742,577.487,349.878
163,70,4973.54,1813.35,4128.94,3963.4,4023.6,1320.51,355.521,1107.95,756.188,643.324,425.121
164,70,4311.4,2526.27,2693.68,3901.33,4539.01,1858.49,652.729,1480.4,1038.35,1012.01,675.302
165,70,1659.1,1820.87,2990.89,4666.92,3901.33,2588.35,1250.91,2078.58,1600.79,1570.69,1042.11
166,70,1066.56,2198.96,2550.72,3562.74,3861.83,2620.32,1864.14,2394.6,1839.68,1822.75,1553.76
167,70,539.866,4025.48,1292.29,3252.36,3515.71,2509.34,2144.41,2347.57,1726.82,2161.34,1935.62
168,70,662.135,2198.96,1153.09,3632.34,2044.72,1926.21,2022.14,1978.88,1598.91,1890.47,1982.64
169,70,237.014,643.324,630.157,1397.63,579.368,840.836,1068.44,1160.62,1025.18,1478.52,1755.03
170,70,112.864,366.808,507.887,601.941,1074.09,611.346,729.853,746.783,827.668,1162.5,1228.34
171,70,178.701,263.349,402.548,831.431,812.62,795.69,776.88,914.197,876.576,876.576,808.858
173,70,124.15,184.344,306.614,120.388,131.675,144.842,173.058,150.485,216.322,248.301,261.468
153,71,364.927,158.009,195.631,107.221,176.82,82.7668,139.199,137.318,116.626,169.296,94.0532
154,71,400.667,199.393,265.23,152.366,178.701,63.9562,114.745,129.793,114.745,161.772,120.388
155,71,716.686,323.543,483.434,289.684,221.966,289.684,118.507,203.155,379.975,203.155,248.301
156,71,1634.65,513.531,981.916,225.728,169.296,314.138,351.759,364.927,240.776,244.538,210.679
157,71,1250.91,280.279,3474.33,169.296,304.732,146.723,255.825,182.463,126.031,174.939,141.08
158,71,2266.68,861.528,4264.37,799.453,1269.72,364.927,248.301,334.83,410.072,274.635,141.08
159,71,8777.05,1006.37,5910.31,1040.23,1075.97,995.083,637.681,1060.92,1038.35,771.237,464.623
160,71,12189.3,1884.83,4010.43,1837.8,2003.33,609.465,869.052,1102.3,872.814,1156.85,953.7
161,71,2987.13,3370.87,6551.75,4928.39,5789.92,1689.2,485.315,931.127,778.761,812.62,699.756
162,71,2815.95,4734.64,7492.28,8395.19,7437.73,4792.95,1314.86,3536.4,2776.45,1480.4,652.729
163,71,2221.54,5637.55,1659.1,7148.05,4621.78,5368.56,3037.92,5893.38,4012.31,2802.79,1203.88
164,71,1866.02,4777.9,3214.74,3607.88,2868.62,3231.67,2802.79,4399.81,3558.97,3107.52,1753.15
165,71,2018.38,5340.34,3233.55,2366.38,2417.17,2648.54,3139.5,2994.66,2627.85,2853.58,2054.12
166,71,590.654,3871.23,996.964,2341.93,1538.71,1747.51,3303.15,2541.32,2061.65,2187.68,2039.07
167,71,316.019,1939.38,882.219,2298.66,1969.47,1170.02,1809.58,1354.37,1233.98,1328.03,1617.72
168,71,250.182,1574.45,870.933,4143.99,3397.2,2074.81,1666.62,1418.32,1089.14,1111.71,1296.05
171,71,120.388,199.393,396.905,537.985,500.363,460.861,509.769,511.65,566.2,1002.61,1119.23
172,71,148.604,171.177,332.948,421.358,466.504,411.953,530.46,466.504,387.499,566.2,863.409
155,72,1092.9,462.742,596.298,344.235,278.398,370.57,278.398,385.618,402.548,291.565,299.089
156,72,1151.21,225.728,1301.7,227.609,238.895,257.706,417.596,263.349,169.296,182.463,229.49
157,72,3835.49,1085.37,3120.69,507.887,1006.37,253.944,154.247,169.296,282.16,229.49,165.534
158,72,2373.9,1839.68,4006.67,889.744,1681.67,806.977,475.909,902.911,865.29,850.241,417.596
159,72,9516.31,1299.82,6918.56,2343.81,2362.62,1109.83,1085.37,1455.94,1267.84,1640.29,1218.93
160,72,8075.41,4160.92,1651.57,2330.64,2718.14,1499.21,869.052,1303.58,1025.18,1154.97,1092.9
161,72,3425.42,12475.2,2810.31,2981.49,3547.69,3192.17,1595.14,2680.52,2355.09,1734.34,914.197
162,72,3062.37,7723.65,1102.3,4804.24,4663.16,4691.38,5361.03,5041.25,5022.44,4879.48,3045.44
163,72,2039.07,4905.82,1474.75,6160.49,5940.4,5193.62,7046.47,5710.91,6109.7,6643.92,5842.59
164,72,2210.25,6228.21,4932.15,7528.02,4986.7,4905.82,5727.84,5688.34,5122.14,5432.51,5867.04
165,72,1723.06,4828.69,3884.4,7012.61,4367.83,3677.48,2962.68,4138.34,3449.87,3609.76,3946.47
166,72,511.65,3551.45,1965.71,8344.4,5338.46,4196.66,1920.57,3487.49,2804.67,2501.82,2458.55
168,72,280.279,615.108,449.574,1440.9,1386.34,2567.65,2071.05,3026.63,2656.06,2018.38,1523.66
169,72,146.723,447.693,528.579,880.338,1375.06,2537.56,3094.35,2661.71,2351.33,2165.11,1527.42
170,72,141.08,374.332,743.021,1551.88,1888.59,1749.39,2714.38,2223.42,1708.01,1243.38,1070.33
172,72,205.036,176.82,289.684,316.019,347.997,240.776,381.856,366.808,310.376,475.909,566.2
173,72,71.4805,270.873,272.754,233.252,268.992,316.019,402.548,316.019,297.208,372.451,402.548
153,73,329.186,129.793,248.301,176.82,141.08,90.2911,109.102,152.366,174.939,227.609,152.366
154,73,329.186,282.16,308.495,263.349,302.851,184.344,139.199,208.798,291.565,244.538,263.349
155,73,1036.47,366.808,724.21,235.133,336.711,338.592,325.424,353.64,289.684,366.808,357.402
156,73,1773.84,423.24,1469.11,393.143,537.985,184.344,302.851,229.49,178.701,176.82,206.917
157,73,5298.96,1660.98,3086.83,688.47,1439.01,521.055,227.609,438.288,449.574,485.315,323.543
158,73,2898.72,1706.13,2977.73,2370.14,2791.5,951.819,722.329,1186.95,1139.93,1390.11,865.29
159,73,3888.16,4480.7,3263.65,3803.51,2823.48,1958.19,1023.3,1666.62,1418.32,1536.83,1640.29
160,73,8186.39,4431.79,748.664,3120.69,2928.82,1894.23,1711.77,2214.01,1670.39,1416.44,1153.09
161,73,5929.12,18940.4,2136.89,8859.81,7977.6,3154.55,2262.92,2768.93,2878.03,2718.14,2063.53
162,73,6468.98,8509.94,1233.98,17522.1,9830.44,6711.64,3241.07,4388.52,3732.03,3750.84,4394.17
163,73,2627.85,2622.2,3096.23,10387.2,4670.68,6935.49,4033,5929.12,4143.99,3954,5746.65
164,73,1034.59,2024.03,3720.75,2812.19,3192.17,4222.99,4742.16,4522.08,3517.59,3711.34,5187.98
165,73,808.858,1559.4,1010.13,2398.36,3126.33,5255.69,5844.47,4285.07,3929.54,3521.35,3970.93
166,73,261.468,2033.43,737.377,3414.13,4463.77,6435.12,7006.97,5400.54,5353.51,3888.16,3801.63
167,73,594.416,1905.52,579.368,2364.5,2040.96,6450.17,8524.99,6706,5974.26,4808,4713.95
168,73,423.24,434.526,404.429,1467.23,731.734,2744.47,5820.01,4507.03,4034.88,3865.59,4776.02
169,73,173.058,415.715,364.927,840.836,554.914,654.611,1610.19,1166.26,1431.49,2099.27,3154.55
170,73,188.106,359.283,776.88,287.803,466.504,524.817,1617.72,737.377,933.008,1542.47,2157.58
171,73,127.912,171.177,511.65,381.856,353.64,829.55,1175.67,799.453,921.722,850.241,1051.52
172,73,137.318,167.415,588.773,300.97,289.684,216.322,590.654,442.05,353.64,346.116,389.38
173,73,62.0751,267.111,216.322,193.75,156.128,261.468,280.279,280.279,278.398,321.662,293.446
176,73,109.102,109.102,176.82,186.225,148.604,188.106,193.75,182.463,110.983,225.728,131.675
154,74,302.851,261.468,346.116,297.208,253.944,295.327,199.393,278.398,297.208,293.446,336.711
155,74,1256.55,329.186,731.734,233.252,291.565,300.97,455.218,276.517,276.517,334.83,302.851
156,74,1390.11,560.557,1589.5,481.553,919.841,237.014,263.349,268.992,237.014,212.56,214.441
157,74,2806.55,1465.35,3212.86,1098.54,2012.74,806.977,387.499,806.977,876.576,940.532,543.628
158,74,3703.82,3795.99,1892.35,3777.18,4397.93,1715.53,887.863,1470.99,1200.12,1427.73,1164.38
159,74,1563.16,8551.32,1235.86,3978.45,3585.31,3101.88,2008.98,2496.17,1834.04,1670.39,1414.56
160,74,3927.66,2151.94,658.373,6698.47,4984.82,3950.24,2522.51,3609.76,3389.68,2799.02,1847.21
161,74,4275.66,7699.2,1013.89,3536.4,5853.87,5756.06,3858.06,4881.36,4685.73,3583.43,3248.6
162,74,3814.8,6749.26,694.113,10772.9,9593.43,14958.2,8946.34,10684.4,10827.4,6136.03,4422.38
163,74,880.338,7364.37,2968.32,5742.89,3583.43,15817.9,16066.2,17646.3,16271.2,9093.07,6628.87
164,74,598.179,5776.75,4072.51,1841.56,1000.73,4175.96,8355.69,8666.07,8126.2,6079.6,5381.73
165,74,280.279,1941.26,3752.72,3246.72,1905.52,1183.19,3643.62,2300.54,2738.83,3231.67,3519.47
166,74,174.939,1730.58,4352.78,2264.8,1247.15,1066.56,3829.85,1378.82,2136.89,2787.74,4275.66
167,74,449.574,750.545,603.822,925.484,406.31,1027.06,4207.94,1331.79,2138.77,3212.86,5227.48
168,74,353.64,427.002,776.88,1341.2,816.382,1000.73,3244.84,1237.74,1469.11,2249.75,4322.69
169,74,124.15,641.443,383.737,705.399,837.074,1168.14,1698.6,1258.43,861.528,949.938,2005.21
170,74,346.116,553.033,581.249,543.628,317.9,393.143,537.985,688.47,537.985,626.395,949.938
171,74,86.529,227.609,428.883,272.754,302.851,246.419,551.152,379.975,451.456,615.108,855.884
172,74,127.912,171.177,1194.48,425.121,285.922,150.485,406.31,259.587,186.225,355.521,521.055
174,74,75.2426,118.507,355.521,206.917,163.653,156.128,280.279,284.041,272.754,306.614,291.565
153,75,391.261,270.873,203.155,139.199,189.988,127.912,150.485,148.604,150.485,218.204,169.296
154,75,347.997,282.16,344.235,252.063,250.182,276.517,302.851,259.587,289.684,285.922,287.803
155,75,1233.98,423.24,675.302,197.512,323.543,235.133,359.283,291.565,165.534,327.305,306.614
156,75,1881.06,628.276,1508.61,727.972,1410.8,368.689,178.701,327.305,436.407,340.473,282.16
157,75,1348.72,1890.47,2957.03,1484.16,2475.48,1297.93,774.999,1218.93,1267.84,1433.37,850.241
158,75,2178.27,2708.73,3068.02,3391.56,3513.83,1958.19,1521.78,1580.09,1491.68,1824.63,1474.75
159,75,1149.33,6730.45,1126.76,5500.23,4621.78,3993.5,2548.84,3342.65,3231.67,2795.26,1929.97
160,75,946.176,1657.22,677.183,5801.2,2409.64,6647.68,4971.65,6485.91,6570.56,5107.09,4452.48
161,75,4491.98,4034.88,396.905,1235.86,1423.97,2370.14,5861.4,4132.7,4095.08,4345.26,5048.78
162,75,5818.13,4821.17,837.074,2419.05,1243.38,5387.37,8348.17,5423.11,9354.53,9305.63,9237.91
163,75,3250.48,5263.22,6081.48,822.025,822.025,4813.64,18916,9198.41,13748.7,15983.4,19768.1
164,75,2166.99,4456.24,8829.72,2669.23,1866.02,2227.18,8173.23,3827.97,6169.89,8797.74,14542.5
165,75,321.662,699.756,5065.71,4928.39,4110.13,4285.07,2400.24,2659.83,2842.29,2281.73,4309.52
166,75,536.103,515.412,5579.24,2458.55,2524.39,3577.79,1954.43,3310.67,2910.01,1166.26,1683.55
168,75,342.354,293.446,1809.58,735.496,603.822,1151.21,1247.15,1768.2,1702.36,1128.64,1220.81
169,75,246.419,611.346,332.948,434.526,477.79,848.36,1422.08,1075.97,1075.97,912.316,981.916
170,75,680.945,479.672,427.002,455.218,430.764,571.844,925.484,985.678,823.906,855.884,707.28
171,75,193.75,229.49,325.424,743.021,699.756,291.565,331.067,291.565,347.997,449.574,453.337
172,75,156.128,312.257,902.911,571.844,323.543,361.164,248.301,317.9,237.014,300.97,323.543
173,75,171.177,231.371,231.371,124.15,133.556,293.446,357.402,406.31,378.094,282.16,227.609
175,75,75.2426,112.864,208.798,110.983,144.842,126.031,197.512,158.009,268.992,293.446,291.565
153,76,415.715,203.155,259.587,135.437,167.415,154.247,129.793,146.723,163.653,216.322,174.939
154,76,451.456,265.23,406.31,357.402,299.089,299.089,285.922,244.538,285.922,253.944,331.067
155,76,850.241,440.169,639.562,197.512,464.623,197.512,299.089,274.635,238.895,255.825,270.873
156,76,2437.86,767.474,1420.2,861.528,1597.02,592.535,246.419,442.05,583.13,622.632,379.975
157,76,1862.25,2046.6,1664.74,1657.22,1961.95,1472.87,1158.74,1749.39,1581.98,1700.48,1608.31
158,76,1489.8,1408.92,2736.95,2911.89,2800.91,1721.17,1482.28,1566.93,1412.68,1679.79,1499.21
159,76,585.011,3647.38,1502.97,3637.98,3363.34,4514.56,3241.07,4002.91,4270.02,4155.27,3090.59
160,76,504.125,1578.21,500.363,2761.4,846.479,5334.7,7710.48,5915.95,6519.77,6081.48,7146.16
161,76,1873.54,1042.11,724.21,774.999,1709.89,1220.81,4915.22,2086.1,2274.21,2761.4,4586.04
162,76,4221.11,2520.63,1288.53,1664.74,761.831,1877.3,2774.57,1681.67,3130.09,3515.71,6205.63
163,76,2558.25,6707.88,2443.5,1738.1,1809.58,1329.91,4523.96,1685.43,3510.07,5949.81,13498.5
164,76,1380.7,3453.63,1632.76,4655.64,3081.18,1420.2,2180.15,1115.47,2340.04,3291.86,8784.57
165,76,391.261,1995.81,1156.85,3297.51,2610.92,6102.17,5180.45,3837.37,4668.8,2674.87,4239.92
166,76,750.545,916.079,1258.43,797.571,1864.14,3017.23,7114.19,5731.6,5703.39,4049.93,4044.29
167,76,481.553,423.24,910.435,641.443,833.312,1190.71,3000.3,2223.42,3002.18,2996.54,3348.3
168,76,387.499,338.592,995.083,442.05,521.055,889.744,1943.14,1566.93,1743.75,2206.49,2392.71
169,76,233.252,321.662,302.851,272.754,457.099,453.337,998.845,714.805,1079.73,1243.38,1896.11
170,76,276.517,457.099,413.834,329.186,396.905,498.482,709.161,707.28,699.756,927.365,961.224
171,76,158.009,400.667,385.618,697.875,656.492,395.024,457.099,485.315,421.358,605.703,539.866
172,76,163.653,573.725,376.213,391.261,218.204,464.623,378.094,376.213,238.895,346.116,295.327
173,76,152.366,321.662,280.279,302.851,135.437,287.803,479.672,359.283,353.64,268.992,274.635
174,76,139.199,176.82,205.036,180.582,152.366,126.031,383.737,329.186,366.808,336.711,443.931
175,76,50.7887,214.441,110.983,180.582,150.485,116.626,189.988,240.776,325.424,363.045,406.31
153,77,302.851,216.322,240.776,135.437,193.75,163.653,126.031,176.82,156.128,188.106,167.415
154,77,490.958,287.803,353.64,220.085,346.116,300.97,327.305,171.177,278.398,225.728,336.711
155,77,534.222,543.628,455.218,329.186,545.509,255.825,233.252,289.684,227.609,299.089,223.847
156,77,1166.26,575.606,1316.75,884.1,1713.65,665.897,295.327,590.654,784.404,910.435,618.87
157,77,1126.76,2253.52,1386.34,1657.22,2360.74,1668.5,1450.3,1943.14,1818.99,2131.25,1862.25
158,77,1126.76,2831,1698.6,3118.81,1988.29,1820.87,1203.88,1395.75,1328.03,1271.6,1423.97
159,77,1043.99,2191.44,1702.36,1518.02,955.581,2699.33,3310.67,2879.91,3436.71,3890.04,3513.83
160,77,1064.68,1068.44,931.127,1254.67,346.116,1914.92,4824.93,2708.73,4006.67,4196.66,6617.59
161,77,1087.26,526.698,897.268,353.64,1032.7,786.285,2825.36,1203.88,1598.91,1367.53,3602.24
162,77,1790.77,1153.09,1250.91,852.122,581.249,859.647,1232.1,1008.25,1277.24,1525.54,2473.6
163,77,1143.69,5477.66,2155.7,1318.63,1593.26,899.149,1909.28,948.057,1166.26,1297.93,3786.58
165,77,368.689,3395.32,1158.74,3698.17,1156.85,3301.27,4475.05,3352.06,2868.62,2383.31,2985.25
166,77,511.65,1975.12,1038.35,3551.45,1465.35,949.938,4834.34,2191.44,2304.3,3658.67,4960.37
167,77,332.948,641.443,511.65,2302.42,603.822,662.135,1068.44,763.712,1079.73,1809.58,3660.55
168,77,244.538,660.254,389.38,569.963,376.213,331.067,707.28,594.416,669.659,1045.87,1781.37
169,77,193.75,562.438,474.028,556.795,344.235,342.354,534.222,378.094,592.535,799.453,1463.47
170,77,189.988,366.808,912.316,319.781,300.97,265.23,539.866,509.769,504.125,707.28,782.523
171,77,184.344,400.667,308.495,611.346,502.244,327.305,314.138,237.014,317.9,522.936,645.205
174,77,31.9781,238.895,225.728,189.988,255.825,174.939,216.322,261.468,297.208,319.781,329.186
175,77,58.313,195.631,163.653,165.534,154.247,171.177,173.058,235.133,308.495,404.429,361.164
154,78,381.856,235.133,323.543,278.398,331.067,242.657,302.851,291.565,363.045,336.711,244.538
155,78,671.54,521.055,368.689,237.014,423.24,229.49,285.922,282.16,246.419,355.521,253.944
156,78,874.695,537.985,737.377,812.62,1502.97,547.39,297.208,396.905,791.928,927.365,761.831
157,78,1004.49,1360.01,1711.77,1487.92,2437.86,1659.1,1550,1952.55,2116.2,2402.12,2129.37
158,78,951.819,2744.47,1980.76,3047.32,2377.67,1928.09,1565.05,1777.61,1329.91,1333.67,1448.42
159,78,1284.77,1762.56,1988.29,2240.35,571.844,2219.66,2817.83,2590.23,2435.98,2761.4,3020.99
160,78,2193.32,1136.16,2266.68,859.647,364.927,916.079,1977,1474.75,1869.78,2099.27,4567.23
161,78,1696.72,771.237,1128.64,351.759,436.407,522.936,1630.88,658.373,874.695,793.809,2200.85
162,78,1333.67,808.858,560.557,415.715,810.739,440.169,622.632,496.601,616.989,788.166,1166.26
163,78,1779.49,1115.47,720.448,1961.95,2567.65,697.875,594.416,549.271,716.686,852.122,1250.91
164,78,1536.83,2042.84,596.298,7597.62,6275.23,3340.77,2524.39,2223.42,2740.71,2050.36,1525.54
165,78,521.055,838.955,635.8,8075.41,5490.83,4655.64,4125.17,3116.92,3111.28,2144.41,2349.45
167,78,737.377,620.751,410.072,3841.13,2061.65,3017.23,2279.85,3701.94,3280.58,1756.91,1668.5
168,78,759.95,618.87,679.064,929.246,996.964,897.268,859.647,1474.75,1358.13,946.176,1423.97
169,78,259.587,413.834,1047.75,1119.23,543.628,466.504,428.883,372.451,413.834,474.028,590.654
170,78,346.116,235.133,891.625,180.582,218.204,242.657,455.218,331.067,379.975,462.742,536.103
171,78,154.247,310.376,304.732,314.138,263.349,244.538,263.349,218.204,246.419,395.024,340.473
173,78,97.8154,193.75,227.609,581.249,299.089,607.584,586.892,654.611,504.125,502.244,323.543
175,78,118.507,103.459,231.371,163.653,112.864,201.274,276.517,235.133,293.446,327.305,385.618
153,79,208.798,126.031,189.988,220.085,156.128,146.723,161.772,135.437,174.939,235.133,173.058
154,79,214.441,223.847,300.97,291.565,340.473,270.873,306.614,327.305,325.424,312.257,336.711
155,79,564.319,551.152,519.174,346.116,381.856,267.111,336.711,347.997,299.089,378.094,312.257
156,79,667.778,524.817,436.407,846.479,1249.03,430.764,304.732,351.759,618.87,797.571,607.584
157,79,989.44,810.739,835.193,1128.64,1664.74,1493.57,1356.25,1805.82,1946.9,2449.15,2535.68
158,79,1948.78,1239.62,1849.09,2016.5,2003.33,1787.01,1843.44,1849.09,1555.64,1657.22,1600.79
159,79,1228.34,991.321,1459.71,2285.49,1096.66,2750.12,2753.88,2289.26,2368.26,2215.89,2415.29
160,79,778.761,1331.79,1292.29,951.819,332.948,1418.32,2230.94,1875.42,1965.71,1685.43,2770.81
161,79,726.091,1858.49,1815.23,421.358,304.732,481.553,1028.94,633.919,927.365,711.042,1416.44
162,79,1008.25,1956.31,1704.24,573.725,695.994,353.64,410.072,391.261,402.548,524.817,660.254
163,79,1817.11,1427.73,1220.81,1185.07,2140.65,978.154,387.499,673.421,735.496,600.06,744.902
164,79,1709.89,1002.61,1079.73,2330.64,3284.34,3716.98,2229.06,2774.57,2836.65,2437.86,2528.15
165,79,492.839,993.202,957.462,1081.61,1448.42,4367.83,5673.29,5347.87,4503.27,3651.15,4557.82
166,79,677.183,1106.07,1706.13,838.955,1830.28,2718.14,6504.72,4796.72,4845.62,4019.84,3701.94
167,79,791.928,494.72,1617.72,974.392,880.338,2123.72,4725.23,3370.87,4145.87,4913.34,4809.88
168,79,462.742,660.254,1760.68,861.528,1333.67,714.805,2099.27,1916.8,1583.86,2404,3564.62
169,79,253.944,590.654,1328.03,573.725,323.543,669.659,475.909,537.985,464.623,632.038,664.016
170,79,353.64,611.346,948.057,221.966,349.878,229.49,355.521,280.279,235.133,327.305,327.305
171,79,144.842,240.776,703.518,267.111,210.679,265.23,218.204,250.182,146.723,347.997,295.327
172,79,135.437,363.045,562.438,284.041,383.737,319.781,289.684,182.463,287.803,308.495,267.111
173,79,71.4805,189.988,231.371,274.635,238.895,432.645,547.39,502.244,338.592,545.509,524.817
153,80,237.014,221.966,176.82,189.988,120.388,105.34,63.9562,137.318,214.441,225.728,174.939
154,80,206.917,223.847,332.948,287.803,338.592,253.944,270.873,404.429,427.002,327.305,338.592
155,80,425.121,364.927,419.477,342.354,549.271,406.31,381.856,475.909,274.635,419.477,347.997
156,80,537.985,630.157,453.337,521.055,998.845,395.024,295.327,400.667,319.781,575.606,532.341
157,80,474.028,805.096,545.509,1241.5,1249.03,1017.66,996.964,1087.26,1390.11,2176.39,2249.75
158,80,731.734,1034.59,788.166,1292.29,1267.84,1233.98,1474.75,1576.33,1534.95,1732.46,2076.7
159,80,1254.67,1581.98,1634.65,1798.3,1271.6,1777.61,2285.49,1610.19,1687.32,1751.27,1992.05
160,80,1525.54,1835.92,1572.57,1373.18,507.887,1360.01,2409.64,1591.38,1847.21,1913.04,2910.01
161,80,1519.9,1455.94,1220.81,887.863,515.412,835.193,1328.03,838.955,1136.16,968.748,1914.92
162,80,1139.93,1536.83,1136.16,1062.8,1030.82,474.028,543.628,479.672,575.606,479.672,618.87
163,80,1211.41,1273.48,1662.86,1388.23,1700.48,743.021,598.179,566.2,793.809,726.091,628.276
164,80,1662.86,2020.26,1871.66,1924.33,1892.35,1391.99,1986.4,1762.56,2005.21,2302.42,1969.47
165,80,1390.11,2878.03,1802.06,861.528,1444.66,758.069,3115.04,1773.84,2511.22,3972.81,4539.01
166,80,820.144,1920.57,1657.22,690.351,1314.86,585.011,2029.67,996.964,1969.47,3897.57,5058.18
167,80,543.628,417.596,1378.82,803.215,675.302,673.421,1192.6,842.717,1422.08,2855.46,4845.62
168,80,532.341,1049.63,934.889,385.618,647.086,474.028,1123,805.096,891.625,1662.86,2911.89
169,80,332.948,1109.83,1177.55,419.477,253.944,622.632,504.125,451.456,406.31,658.373,754.307
170,80,246.419,509.769,1126.76,487.196,477.79,229.49,462.742,406.31,332.948,389.38,312.257
171,80,212.56,291.565,601.941,690.351,293.446,524.817,165.534,302.851,304.732,332.948,214.441
172,80,159.891,423.24,395.024,191.869,203.155,225.728,203.155,278.398,235.133,297.208,203.155
177,80,88.41,146.723,124.15,112.864,124.15,88.41,156.128,201.274,229.49,274.635,203.155
154,81,255.825,282.16,267.111,205.036,295.327,287.803,225.728,261.468,361.164,363.045,342.354
155,81,285.922,291.565,376.213,259.587,400.667,462.742,539.866,494.72,434.526,470.266,398.786
156,81,353.64,455.218,498.482,423.24,771.237,374.332,344.235,457.099,378.094,415.715,302.851
157,81,648.967,771.237,632.038,993.202,1401.39,822.025,605.703,581.249,699.756,1230.22,1299.82
158,81,594.416,722.329,453.337,1666.62,1568.81,1341.2,1230.22,1444.66,1544.35,1929.97,2099.27
159,81,374.332,814.501,539.866,1721.17,1817.11,1561.28,1412.68,1523.66,1386.34,1222.69,1529.31
160,81,639.562,1755.03,1055.28,2279.85,1807.7,1692.96,1570.69,1365.65,1329.91,1230.22,1852.85
161,81,823.906,1570.69,1568.81,2069.17,944.294,1715.53,1550,1508.61,1410.8,1030.82,1781.37
162,81,951.819,1354.37,1768.2,906.673,443.931,1153.09,1010.13,1138.04,899.149,695.994,908.554
163,81,767.474,1348.72,1751.27,568.082,855.884,912.316,771.237,684.708,810.739,664.016,778.761
164,81,588.773,1102.3,1384.46,686.589,776.88,991.321,1115.47,790.047,865.29,1156.85,1326.15
165,81,421.358,1873.54,1314.86,402.548,643.324,808.858,916.079,782.523,694.113,1077.85,1882.95
166,81,389.38,1777.61,1328.03,869.052,588.773,714.805,761.831,878.457,763.712,869.052,1954.43
167,81,500.363,1121.11,1252.79,1249.03,378.094,884.1,746.783,916.079,880.338,929.246,1516.14
168,81,551.152,1015.77,1154.97,336.711,368.689,511.65,744.902,647.086,859.647,899.149,1113.59
169,81,278.398,637.681,884.1,767.474,487.196,447.693,475.909,601.941,569.963,485.315,699.756
170,81,99.6964,381.856,590.654,919.841,551.152,571.844,504.125,632.038,816.382,688.47,430.764
171,81,173.058,451.456,447.693,682.826,255.825,810.739,630.157,712.924,654.611,543.628,411.953
172,81,178.701,270.873,331.067,342.354,417.596,223.847,537.985,406.31,336.711,391.261,297.208
174,81,95.9343,201.274,237.014,225.728,214.441,238.895,387.499,393.143,347.997,314.138,248.301
176,81,52.6698,107.221,131.675,77.1237,110.983,103.459,171.177,146.723,208.798,255.825,178.701
154,82,218.204,270.873,173.058,218.204,176.82,161.772,193.75,159.891,259.587,387.499,381.856
155,82,274.635,425.121,261.468,257.706,347.997,395.024,406.31,445.812,470.266,460.861,536.103
156,82,240.776,363.045,319.781,321.662,558.676,396.905,474.028,521.055,391.261,443.931,368.689
157,82,280.279,374.332,410.072,406.31,919.841,494.72,449.574,541.747,449.574,718.567,618.87
158,82,445.812,722.329,536.103,1190.71,1993.93,1072.21,1060.92,1123,1239.62,1869.78,1794.54
159,82,554.914,714.805,579.368,1822.75,1489.8,1495.45,1508.61,1709.89,1676.03,1787.01,1914.92
160,82,506.006,586.892,645.205,1092.9,1091.02,1284.77,1726.82,1403.27,1375.06,1299.82,1341.2
161,82,494.72,936.77,624.513,1527.42,1437.13,1886.71,2131.25,1753.15,1897.99,1540.59,1630.88
162,82,500.363,1486.04,658.373,1659.1,1211.41,1538.71,2319.35,1881.06,1879.18,1514.26,1378.82
163,82,519.174,1783.25,901.03,1470.99,761.831,855.884,1277.24,1158.74,1331.79,761.831,993.202
164,82,489.077,1429.61,1013.89,1399.51,790.047,1012.01,906.673,1089.14,985.678,695.994,944.294
165,82,462.742,1324.27,1072.21,961.224,626.395,720.448,916.079,735.496,1132.4,814.501,848.36
166,82,383.737,1378.82,782.523,1388.23,675.302,842.717,983.797,767.474,1418.32,1072.21,854.003
167,82,368.689,933.008,564.319,1866.02,605.703,1602.67,1692.96,1198.24,1751.27,1258.43,1254.67
169,82,265.23,626.395,410.072,1361.89,825.787,855.884,669.659,861.528,825.787,711.042,735.496
170,82,112.864,648.967,425.121,1085.37,703.518,718.567,825.787,761.831,963.105,966.867,921.722
171,82,99.6964,316.019,372.451,658.373,370.57,547.39,976.273,731.734,613.227,697.875,1062.8
174,82,82.7668,253.944,165.534,285.922,300.97,131.675,374.332,434.526,487.196,532.341,415.715
154,83,193.75,158.009,210.679,221.966,161.772,184.344,173.058,144.842,176.82,306.614,246.419
155,83,233.252,323.543,240.776,310.376,312.257,276.517,248.301,265.23,344.235,421.358,502.244
156,83,289.684,411.953,285.922,410.072,359.283,385.618,524.817,502.244,477.79,534.222,575.606
157,83,208.798,325.424,310.376,366.808,447.693,400.667,334.83,453.337,387.499,474.028,432.645
158,83,238.895,378.094,316.019,398.786,1079.73,504.125,579.368,496.601,709.161,1060.92,1085.37
159,83,299.089,673.421,361.164,957.462,1809.58,1245.26,1352.49,1350.6,1382.58,2035.31,2101.15
160,83,287.803,756.188,507.887,1708.01,1307.34,1446.54,1292.29,1301.7,1183.19,1331.79,1753.15
161,83,302.851,712.924,616.989,1375.06,669.659,709.161,1089.14,776.88,917.96,1179.43,1491.68
162,83,316.019,603.822,664.016,1027.06,961.224,1017.66,1612.07,1019.54,1245.26,1743.75,2148.18
163,83,321.662,692.232,603.822,1277.24,1136.16,1348.72,1467.23,1452.18,1700.48,1666.62,2050.36
164,83,233.252,788.166,496.601,1653.46,1218.93,1798.3,1803.94,1890.47,1903.64,1540.59,1664.74
165,83,188.106,592.535,347.997,1647.81,1224.57,1864.14,1847.21,2042.84,1660.98,1470.99,1546.24
166,83,208.798,554.914,445.812,1621.48,1399.51,1715.53,1365.65,1881.06,1651.57,1222.69,1760.68
167,83,206.917,543.628,457.099,1540.59,1501.09,1975.12,2238.47,2268.56,2200.85,1664.74,2518.75
168,83,169.296,534.222,349.878,1047.75,1043.99,1644.05,2170.75,2027.79,1841.56,1533.07,1903.64
169,83,156.128,556.795,443.931,889.744,1027.06,1098.54,1218.93,1089.14,1042.11,1064.68,1194.48
170,83,109.102,297.208,235.133,1124.88,1185.07,865.29,1051.52,951.819,818.263,822.025,1147.45
172,83,79.0047,182.463,268.992,378.094,364.927,460.861,673.421,829.55,699.756,511.65,477.79
173,83,82.7668,205.036,214.441,349.878,317.9,351.759,722.329,553.033,703.518,633.919,545.509
174,83,41.3834,188.106,171.177,227.609,229.49,221.966,280.279,214.441,312.257,379.975,474.028
155,84,184.344,195.631,195.631,225.728,238.895,250.182,208.798,161.772,291.565,327.305,400.667
156,84,186.225,261.468,188.106,291.565,398.786,308.495,400.667,351.759,451.456,458.98,558.676
157,84,152.366,317.9,221.966,489.077,417.596,299.089,500.363,379.975,472.147,603.822,447.693
158,84,206.917,359.283,268.992,440.169,485.315,321.662,391.261,381.856,438.288,571.844,596.298
159,84,225.728,306.614,229.49,411.953,675.302,585.011,831.431,654.611,780.642,1202,1328.03
160,84,242.657,364.927,242.657,645.205,1328.03,1461.59,1593.26,1320.51,1271.6,1452.18,1606.43
161,84,223.847,541.747,349.878,1467.23,1773.84,1715.53,1156.85,1576.33,1173.78,870.933,993.202
163,84,133.556,457.099,316.019,1521.78,1168.14,1019.54,1021.42,927.365,874.695,1017.66,1489.8
164,84,146.723,421.358,310.376,1521.78,1066.56,929.246,1245.26,769.355,1271.6,1546.24,2069.17
165,84,167.415,432.645,293.446,1420.2,931.127,1077.85,1696.72,1047.75,1574.45,2155.7,2217.78
166,84,210.679,425.121,253.944,1258.43,887.863,929.246,1630.88,1017.66,1358.13,1768.2,2084.22
167,84,199.393,370.57,248.301,1217.05,699.756,782.523,1764.44,933.008,1339.32,1768.2,2340.04
168,84,167.415,347.997,191.869,1085.37,914.197,718.567,1557.52,855.884,885.981,1818.99,2281.73
169,84,99.6964,280.279,235.133,974.392,1023.3,771.237,1053.4,784.404,701.637,940.532,1587.62
170,84,90.2911,233.252,169.296,652.729,788.166,889.744,966.867,1042.11,1027.06,897.268,885.981
171,84,71.4805,206.917,317.9,404.429,575.606,665.897,1083.49,1064.68,1107.95,1203.88,940.532
172,84,56.4319,169.296,208.798,370.57,391.261,385.618,656.492,639.562,639.562,925.484,938.651
173,84,43.2645,158.009,178.701,299.089,235.133,378.094,396.905,340.473,327.305,547.39,675.302
174,84,90.2911,159.891,212.56,174.939,285.922,193.75,372.451,282.16,233.252,310.376,427.002
175,84,60.1941,110.983,150.485,199.393,174.939,142.961,231.371,180.582,255.825,334.83,235.133
155,85,88.41,171.177,216.322,205.036,240.776,252.063,171.177,237.014,174.939,314.138,263.349
156,85,141.08,182.463,191.869,229.49,242.657,325.424,270.873,237.014,295.327,393.143,483.434
157,85,150.485,142.961,276.517,421.358,406.31,346.116,378.094,378.094,378.094,575.606,541.747
158,85,109.102,310.376,295.327,396.905,509.769,410.072,406.31,385.618,410.072,556.795,421.358
159,85,182.463,334.83,263.349,568.082,530.46,410.072,325.424,432.645,413.834,585.011,600.06
160,85,126.031,334.83,285.922,502.244,464.623,396.905,741.139,457.099,803.215,1015.77,1074.09
161,85,142.961,351.759,285.922,492.839,664.016,673.421,1581.98,1010.13,1203.88,1604.55,1495.45
162,85,88.41,300.97,221.966,458.98,985.678,1226.45,1802.06,1551.88,1657.22,1563.16,1373.18
163,85,150.485,263.349,237.014,784.404,1373.18,1356.25,1743.75,1813.35,1593.26,1217.05,908.554
164,85,124.15,280.279,227.609,934.889,1698.6,1595.14,1335.56,1828.39,1277.24,899.149,1006.37
169,85,48.9077,227.609,186.225,347.997,536.103,581.249,748.664,1034.59,970.629,848.36,771.237
170,85,118.507,216.322,201.274,408.191,460.861,363.045,840.836,774.999,718.567,1130.52,1123
171,85,56.4319,141.08,180.582,449.574,496.601,340.473,568.082,545.509,517.293,985.678,1247.15
172,85,71.4805,135.437,197.512,235.133,293.446,395.024,338.592,353.64,398.786,697.875,850.241
173,85,99.6964,156.128,171.177,197.512,159.891,212.56,438.288,451.456,274.635,387.499,483.434
174,85,97.8154,165.534,135.437,122.269,173.058,124.15,327.305,268.992,223.847,334.83,368.689
156,86,127.912,235.133,248.301,184.344,238.895,238.895,238.895,314.138,233.252,297.208,293.446
158,86,135.437,259.587,218.204,253.944,280.279,274.635,400.667,342.354,338.592,506.006,515.412
159,86,69.5994,203.155,182.463,329.186,396.905,472.147,551.152,419.477,413.834,517.293,553.033
160,86,127.912,293.446,214.441,511.65,624.513,474.028,325.424,460.861,378.094,573.725,549.271
161,86,107.221,257.706,178.701,650.848,585.011,391.261,395.024,415.715,453.337,793.809,1043.99
162,86,73.3615,300.97,229.49,506.006,583.13,372.451,601.941,410.072,690.351,1281.01,1683.55
163,86,120.388,263.349,212.56,521.055,442.05,383.737,1085.37,601.941,1043.99,1835.92,1882.95
164,86,79.0047,171.177,210.679,376.213,443.931,464.623,1215.17,899.149,1422.08,1886.71,1677.91
165,86,90.2911,221.966,137.318,314.138,502.244,513.531,1348.72,1049.63,1497.33,1907.4,1448.42
166,86,163.653,244.538,137.318,329.186,338.592,481.553,1346.84,968.748,1529.31,1642.17,1183.19
167,86,88.41,191.869,171.177,304.732,398.786,479.672,1252.79,810.739,1282.89,1585.74,1243.38
168,86,97.8154,221.966,261.468,366.808,485.315,342.354,1030.82,665.897,925.484,1307.34,1053.4
169,86,112.864,163.653,186.225,425.121,460.861,280.279,583.13,440.169,554.914,1149.33,1132.4
170,86,45.1456,174.939,208.798,270.873,417.596,319.781,338.592,346.116,276.517,769.355,1053.4
172,86,107.221,109.102,146.723,216.322,253.944,295.327,332.948,338.592,314.138,410.072,442.05
173,86,127.912,118.507,173.058,158.009,180.582,231.371,391.261,270.873,302.851,389.38,436.407
174,86,73.3615,174.939,122.269,139.199,197.512,167.415,261.468,199.393,259.587,347.997,327.305
154,87,56.4319,173.058,169.296,146.723,148.604,141.08,144.842,142.961,122.269,268.992,205.036
155,87,141.08,148.604,186.225,97.8154,161.772,156.128,154.247,176.82,223.847,274.635,120.388
159,87,84.6479,165.534,161.772,184.344,252.063,284.041,438.288,308.495,393.143,524.817,479.672
160,87,135.437,191.869,159.891,278.398,308.495,359.283,645.205,445.812,434.526,562.438,537.985
161,87,107.221,182.463,142.961,334.83,406.31,464.623,500.363,537.985,440.169,502.244,460.861
162,87,114.745,182.463,178.701,329.186,470.266,487.196,553.033,455.218,381.856,462.742,553.033
163,87,90.2911,233.252,193.75,408.191,489.077,408.191,396.905,489.077,425.121,594.416,793.809
164,87,22.5728,101.577,141.08,297.208,398.786,363.045,306.614,393.143,308.495,750.545,1209.52
165,87,73.3615,90.2911,110.983,253.944,353.64,242.657,363.045,393.143,393.143,808.858,1484.16
166,87,116.626,150.485,154.247,189.988,314.138,229.49,396.905,387.499,366.808,867.171,1529.31
167,87,75.2426,150.485,142.961,255.825,321.662,270.873,316.019,293.446,268.992,718.567,1296.05
171,87,75.2426,116.626,163.653,174.939,165.534,201.274,359.283,334.83,317.9,381.856,346.116
172,87,47.0266,99.6964,180.582,274.635,182.463,205.036,287.803,272.754,244.538,385.618,353.64
173,87,101.577,79.0047,178.701,227.609,139.199,150.485,238.895,178.701,203.155,314.138,268.992
155,88,112.864,131.675,173.058,139.199,156.128,110.983,173.058,135.437,212.56,263.349,235.133
160,88,139.199,126.031,163.653,214.441,167.415,188.106,246.419,214.441,237.014,368.689,447.693
161,88,124.15,178.701,105.34,231.371,233.252,218.204,363.045,395.024,334.83,411.953,470.266
162,88,67.7183,127.912,131.675,227.609,250.182,274.635,391.261,404.429,419.477,487.196,479.672
163,88,28.216,124.15,150.485,189.988,191.869,368.689,568.082,402.548,455.218,445.812,385.618
164,88,52.6698,171.177,214.441,186.225,191.869,346.116,442.05,349.878,428.883,483.434,458.98
165,88,75.2426,126.031,169.296,127.912,216.322,231.371,302.851,332.948,321.662,389.38,359.283
166,88,103.459,107.221,195.631,186.225,127.912,203.155,317.9,255.825,381.856,408.191,462.742
167,88,92.1722,124.15,163.653,197.512,144.842,201.274,378.094,268.992,325.424,447.693,411.953
168,88,58.313,154.247,186.225,127.912,110.983,141.08,332.948,284.041,317.9,347.997,282.16
169,88,84.6479,150.485,161.772,180.582,208.798,165.534,353.64,321.662,253.944,385.618,329.186
170,88,73.3615,141.08,112.864,141.08,133.556,173.058,310.376,261.468,268.992,300.97,310.376
171,88,77.1237,141.08,154.247,199.393,178.701,195.631,257.706,246.419,257.706,323.543,285.922
161,89,77.1237,105.34,152.366,150.485,148.604,199.393,238.895,212.56,282.16,321.662,349.878
163,89,88.41,129.793,146.723,139.199,154.247,174.939,299.089,203.155,285.922,316.019,398.786
164,89,110.983,71.4805,90.2911,165.534,110.983,186.225,295.327,214.441,278.398,359.283,413.834
166,89,79.0047,178.701,122.269,109.102,75.2426,156.128,223.847,195.631,235.133,346.116,443.931
161,90,30.097,148.604,169.296,144.842,112.864,167.415,184.344,158.009,154.247,293.446,257.706
164,90,103.459,60.1941,154.247,135.437,171.177,142.961,163.653,127.912,231.371,287.803,272.754
