173,313,315.865,236.899,315.865,157.933,315.865,315.865,315.865,157.933,236.899,315.865,157.933
173,314,236.899,315.865,157.933,552.764,157.933,157.933,315.865,236.899,315.865,157.933,236.899
174,314,394.831,394.831,315.865,394.831,315.865,394.831,394.831,236.899,315.865,157.933,236.899
175,314,236.899,315.865,315.865,473.798,315.865,473.798,236.899,157.933,236.899,78.9663,157.933
173,315,236.899,236.899,315.865,631.73,394.831,157.933,157.933,236.899,315.865,157.933,236.899
174,315,236.899,473.798,157.933,315.865,157.933,157.933,473.798,473.798,473.798,78.9663,315.865
175,315,236.899,315.865,236.899,315.865,236.899,394.831,552.764,473.798,394.831,157.933,315.865
176,315,157.933,236.899,157.933,236.899,157.933,315.865,236.899,236.899,157.933,236.899,315.865
170,316,473.798,315.865,315.865,868.629,236.899,78.9663,157.933,157.933,236.899,157.933,78.9663
172,316,236.899,710.696,236.899,394.831,236.899,552.764,473.798,236.899,157.933,394.831,78.9663
173,316,315.865,236.899,473.798,315.865,552.764,631.73,236.899,78.9663,157.933,315.865,78.9663
174,316,315.865,157.933,473.798,236.899,631.73,315.865,157.933,315.865,236.899,236.899,315.865
175,316,236.899,157.933,631.73,315.865,552.764,157.933,236.899,394.831,236.899,157.933,473.798
176,316,157.933,157.933,473.798,473.798,394.831,157.933,236.899,315.865,315.865,315.865,552.764
177,316,157.933,236.899,315.865,236.899,394.831,236.899,236.899,236.899,236.899,473.798,315.865
170,317,236.899,552.764,236.899,315.865,236.899,236.899,78.9663,157.933,315.865,157.933,157.933
171,317,236.899,236.899,473.798,789.663,473.798,157.933,236.899,394.831,473.798,157.933,236.899
174,317,315.865,315.865,394.831,710.696,394.831,710.696,552.764,315.865,236.899,394.831,157.933
175,317,315.865,473.798,631.73,631.73,552.764,631.73,315.865,157.933,157.933,236.899,157.933
176,317,394.831,236.899,710.696,868.629,710.696,394.831,236.899,236.899,394.831,236.899,315.865
177,317,315.865,236.899,394.831,789.663,394.831,315.865,394.831,552.764,631.73,315.865,394.831
178,317,315.865,315.865,315.865,315.865,394.831,631.73,631.73,473.798,394.831,394.831,315.865
179,317,315.865,236.899,394.831,473.798,394.831,710.696,315.865,157.933,157.933,236.899,157.933
180,317,157.933,157.933,236.899,552.764,157.933,236.899,157.933,236.899,315.865,78.9663,157.933
171,318,315.865,315.865,552.764,236.899,552.764,315.865,157.933,157.933,157.933,315.865,236.899
172,318,473.798,394.831,552.764,315.865,789.663,473.798,157.933,394.831,315.865,236.899,394.831
173,318,315.865,394.831,631.73,631.73,631.73,315.865,394.831,631.73,552.764,236.899,473.798
174,318,315.865,394.831,710.696,1342.43,473.798,315.865,710.696,710.696,631.73,473.798,394.831
175,318,236.899,710.696,473.798,947.595,473.798,473.798,710.696,631.73,394.831,473.798,236.899
176,318,394.831,552.764,552.764,631.73,552.764,710.696,552.764,315.865,315.865,157.933,157.933
177,318,394.831,315.865,394.831,947.595,315.865,394.831,394.831,552.764,552.764,78.9663,315.865
178,318,236.899,473.798,157.933,552.764,157.933,315.865,710.696,868.629,552.764,157.933,631.73
179,318,236.899,552.764,157.933,394.831,157.933,552.764,631.73,394.831,157.933,236.899,473.798
180,318,157.933,315.865,157.933,394.831,157.933,315.865,157.933,157.933,157.933,157.933,157.933
163,319,315.865,78.9663,236.899,236.899,157.933,157.933,78.9663,315.865,157.933,78.9663,473.798
168,319,315.865,789.663,315.865,552.764,157.933,315.865,78.9663,78.9663,157.933,78.9663,78.9663
169,319,473.798,789.663,552.764,157.933,236.899,236.899,78.9663,157.933,157.933,157.933,78.9663
170,319,789.663,473.798,789.663,473.798,473.798,236.899,157.933,236.899,315.865,236.899,78.9663
171,319,552.764,315.865,868.629,789.663,473.798,236.899,552.764,315.865,315.865,473.798,78.9663
172,319,552.764,631.73,947.595,789.663,552.764,789.663,631.73,315.865,236.899,473.798,78.9663
173,319,631.73,631.73,1184.49,552.764,552.764,789.663,315.865,157.933,157.933,236.899,157.933
174,319,868.629,315.865,1500.36,710.696,868.629,394.831,236.899,315.865,394.831,315.865,315.865
175,319,631.73,394.831,947.595,789.663,868.629,236.899,473.798,710.696,473.798,394.831,473.798
176,319,473.798,473.798,394.831,394.831,473.798,473.798,631.73,552.764,157.933,315.865,394.831
177,319,394.831,473.798,236.899,315.865,236.899,473.798,315.865,236.899,157.933,157.933,236.899
178,319,236.899,315.865,157.933,315.865,157.933,157.933,315.865,473.798,236.899,78.9663,473.798
169,320,394.831,157.933,315.865,157.933,157.933,78.9663,78.9663,78.9663,78.9663,315.865,157.933
170,320,552.764,315.865,394.831,236.899,157.933,157.933,157.933,78.9663,236.899,315.865,78.9663
171,320,710.696,631.73,868.629,552.764,236.899,157.933,394.831,394.831,473.798,394.831,157.933
172,320,868.629,631.73,1342.43,710.696,552.764,315.865,710.696,631.73,394.831,710.696,236.899
173,320,789.663,631.73,789.663,710.696,394.831,473.798,631.73,394.831,157.933,394.831,157.933
174,320,947.595,552.764,868.629,394.831,473.798,473.798,394.831,157.933,157.933,157.933,78.9663
175,320,1026.56,710.696,631.73,315.865,552.764,473.798,394.831,315.865,315.865,157.933,394.831
176,320,631.73,631.73,236.899,315.865,157.933,552.764,473.798,473.798,236.899,236.899,473.798
167,321,473.798,315.865,710.696,947.595,394.831,157.933,78.9663,78.9663,78.9663,78.9663,78.9663
168,321,789.663,552.764,473.798,394.831,473.798,394.831,157.933,78.9663,78.9663,157.933,78.9663
169,321,394.831,394.831,157.933,78.9663,157.933,315.865,78.9663,78.9663,157.933,394.831,78.9663
171,321,394.831,473.798,394.831,236.899,157.933,157.933,157.933,78.9663,157.933,236.899,157.933
172,321,868.629,552.764,947.595,236.899,315.865,157.933,315.865,236.899,236.899,315.865,315.865
173,321,710.696,394.831,473.798,473.798,394.831,236.899,315.865,315.865,157.933,394.831,315.865
174,321,394.831,631.73,157.933,473.798,157.933,236.899,315.865,236.899,157.933,157.933,157.933
175,321,473.798,1026.56,157.933,157.933,157.933,394.831,473.798,236.899,157.933,78.9663,157.933
176,321,315.865,789.663,315.865,157.933,236.899,315.865,315.865,236.899,78.9663,78.9663,315.865
162,322,394.831,236.899,236.899,157.933,78.9663,157.933,157.933,394.831,157.933,394.831,315.865
163,322,236.899,315.865,315.865,394.831,157.933,157.933,236.899,236.899,78.9663,473.798,315.865
167,322,552.764,552.764,473.798,631.73,236.899,236.899,315.865,236.899,157.933,236.899,78.9663
168,322,868.629,631.73,394.831,236.899,473.798,631.73,315.865,315.865,157.933,315.865,78.9663
169,322,394.831,236.899,315.865,157.933,473.798,394.831,78.9663,78.9663,236.899,473.798,78.9663
170,322,631.73,236.899,947.595,236.899,710.696,315.865,236.899,236.899,157.933,789.663,157.933
171,322,710.696,236.899,552.764,236.899,394.831,236.899,157.933,78.9663,78.9663,394.831,78.9663
172,322,473.798,394.831,236.899,157.933,157.933,157.933,157.933,78.9663,236.899,157.933,78.9663
173,322,552.764,236.899,236.899,236.899,236.899,236.899,236.899,157.933,236.899,157.933,236.899
176,322,394.831,157.933,315.865,789.663,315.865,157.933,157.933,157.933,236.899,236.899,157.933
178,322,315.865,157.933,552.764,631.73,394.831,394.831,157.933,78.9663,157.933,157.933,78.9663
159,323,157.933,236.899,236.899,552.764,315.865,236.899,315.865,157.933,394.831,236.899,157.933
160,323,157.933,315.865,157.933,315.865,236.899,631.73,473.798,236.899,236.899,236.899,157.933
166,323,315.865,157.933,394.831,473.798,552.764,315.865,157.933,157.933,157.933,236.899,236.899
167,323,394.831,315.865,236.899,473.798,157.933,157.933,157.933,315.865,236.899,315.865,236.899
168,323,631.73,552.764,236.899,1105.53,236.899,236.899,236.899,315.865,236.899,394.831,315.865
169,323,631.73,710.696,473.798,868.629,315.865,552.764,315.865,157.933,236.899,315.865,236.899
170,323,1342.43,710.696,1184.49,315.865,631.73,710.696,473.798,315.865,157.933,710.696,157.933
171,323,1105.53,315.865,868.629,315.865,473.798,552.764,236.899,157.933,78.9663,473.798,157.933
173,323,236.899,236.899,236.899,236.899,157.933,157.933,315.865,157.933,315.865,78.9663,236.899
176,323,473.798,394.831,552.764,868.629,473.798,236.899,315.865,315.865,394.831,315.865,157.933
179,323,473.798,315.865,552.764,394.831,473.798,315.865,157.933,157.933,157.933,236.899,157.933
160,324,236.899,157.933,394.831,157.933,315.865,236.899,394.831,552.764,315.865,236.899,473.798
164,324,236.899,394.831,394.831,789.663,157.933,157.933,315.865,157.933,473.798,394.831,78.9663
165,324,394.831,394.831,631.73,315.865,631.73,552.764,710.696,473.798,789.663,315.865,315.865
166,324,315.865,157.933,236.899,236.899,552.764,1026.56,789.663,473.798,394.831,394.831,394.831
167,324,157.933,157.933,394.831,394.831,315.865,394.831,236.899,157.933,78.9663,394.831,236.899
168,324,473.798,315.865,631.73,947.595,631.73,157.933,157.933,236.899,157.933,236.899,315.865
169,324,1026.56,947.595,631.73,789.663,473.798,157.933,315.865,236.899,236.899,236.899,315.865
170,324,1105.53,1421.39,473.798,315.865,315.865,315.865,473.798,236.899,236.899,631.73,236.899
171,324,710.696,631.73,947.595,315.865,394.831,394.831,394.831,157.933,157.933,710.696,157.933
173,324,315.865,236.899,315.865,552.764,552.764,315.865,236.899,236.899,473.798,157.933,236.899
174,324,631.73,394.831,868.629,473.798,394.831,236.899,394.831,394.831,473.798,78.9663,473.798
175,324,394.831,236.899,710.696,789.663,710.696,710.696,315.865,236.899,157.933,78.9663,236.899
176,324,789.663,552.764,1026.56,315.865,552.764,394.831,236.899,315.865,236.899,157.933,157.933
177,324,631.73,315.865,789.663,394.831,868.629,473.798,236.899,473.798,236.899,157.933,552.764
178,324,394.831,473.798,315.865,315.865,236.899,236.899,236.899,236.899,78.9663,78.9663,394.831
182,324,315.865,157.933,236.899,315.865,315.865,394.831,157.933,78.9663,78.9663,236.899,157.933
159,325,315.865,157.933,394.831,394.831,394.831,78.9663,78.9663,157.933,236.899,157.933,236.899
160,325,315.865,315.865,315.865,631.73,394.831,157.933,157.933,236.899,157.933,394.831,473.798
161,325,552.764,868.629,552.764,236.899,631.73,315.865,236.899,157.933,157.933,394.831,236.899
162,325,473.798,473.798,315.865,157.933,473.798,631.73,236.899,236.899,236.899,157.933,157.933
163,325,473.798,157.933,552.764,473.798,631.73,236.899,157.933,157.933,394.831,157.933,236.899
164,325,394.831,157.933,315.865,1184.49,473.798,157.933,315.865,394.831,789.663,157.933,236.899
165,325,236.899,315.865,473.798,631.73,236.899,315.865,868.629,1263.46,1263.46,157.933,552.764
166,325,236.899,315.865,394.831,157.933,394.831,868.629,868.629,1184.49,552.764,157.933,789.663
167,325,236.899,157.933,315.865,315.865,315.865,315.865,315.865,236.899,78.9663,236.899,394.831
168,325,631.73,315.865,394.831,473.798,473.798,394.831,157.933,78.9663,78.9663,236.899,157.933
169,325,868.629,789.663,868.629,868.629,315.865,473.798,78.9663,157.933,157.933,78.9663,236.899
170,325,631.73,789.663,789.663,315.865,947.595,394.831,157.933,157.933,315.865,394.831,157.933
171,325,473.798,394.831,789.663,315.865,789.663,394.831,473.798,236.899,394.831,710.696,236.899
172,325,710.696,710.696,947.595,236.899,710.696,868.629,789.663,236.899,315.865,710.696,157.933
173,325,394.831,315.865,473.798,710.696,631.73,947.595,394.831,236.899,315.865,473.798,157.933
174,325,789.663,868.629,710.696,552.764,394.831,315.865,394.831,473.798,710.696,236.899,394.831
175,325,868.629,552.764,1263.46,868.629,552.764,631.73,710.696,631.73,552.764,157.933,552.764
176,325,631.73,789.663,631.73,710.696,394.831,631.73,473.798,473.798,315.865,157.933,315.865
177,325,710.696,710.696,789.663,236.899,394.831,631.73,473.798,394.831,157.933,78.9663,315.865
178,325,315.865,236.899,315.865,552.764,315.865,473.798,157.933,157.933,78.9663,157.933,315.865
182,325,315.865,157.933,236.899,236.899,236.899,473.798,315.865,157.933,157.933,236.899,157.933
159,326,394.831,473.798,473.798,315.865,315.865,236.899,157.933,78.9663,78.9663,394.831,157.933
160,326,473.798,394.831,552.764,552.764,315.865,315.865,157.933,78.9663,157.933,315.865,236.899
161,326,236.899,552.764,315.865,473.798,236.899,394.831,552.764,315.865,315.865,394.831,78.9663
162,326,552.764,552.764,552.764,789.663,710.696,789.663,552.764,315.865,236.899,236.899,236.899
163,326,631.73,710.696,631.73,552.764,1105.53,631.73,394.831,236.899,552.764,315.865,315.865
164,326,394.831,631.73,315.865,236.899,947.595,1184.49,394.831,315.865,315.865,631.73,473.798
165,326,394.831,236.899,947.595,236.899,394.831,473.798,236.899,552.764,473.798,789.663,631.73
166,326,710.696,157.933,1342.43,394.831,1026.56,236.899,315.865,710.696,236.899,315.865,1026.56
167,326,473.798,315.865,315.865,1105.53,710.696,236.899,236.899,157.933,157.933,236.899,631.73
168,326,394.831,552.764,473.798,552.764,473.798,473.798,394.831,157.933,78.9663,236.899,157.933
169,326,789.663,631.73,710.696,2368.99,631.73,394.831,157.933,78.9663,157.933,78.9663,78.9663
170,326,1026.56,1579.33,552.764,1342.43,947.595,473.798,315.865,394.831,473.798,157.933,157.933
171,326,552.764,789.663,394.831,236.899,473.798,1263.46,710.696,473.798,473.798,315.865,236.899
172,326,394.831,394.831,552.764,157.933,710.696,868.629,947.595,394.831,394.831,552.764,236.899
173,326,552.764,236.899,710.696,315.865,473.798,473.798,710.696,315.865,236.899,552.764,236.899
174,326,631.73,473.798,1105.53,473.798,789.663,473.798,394.831,315.865,394.831,394.831,236.899
175,326,947.595,710.696,868.629,236.899,394.831,394.831,552.764,552.764,631.73,236.899,631.73
176,326,710.696,315.865,631.73,473.798,473.798,473.798,552.764,710.696,552.764,78.9663,789.663
177,326,552.764,710.696,789.663,236.899,236.899,315.865,473.798,631.73,157.933,157.933,473.798
159,327,315.865,473.798,394.831,157.933,157.933,236.899,157.933,78.9663,78.9663,394.831,78.9663
160,327,710.696,394.831,947.595,473.798,236.899,236.899,236.899,78.9663,157.933,236.899,78.9663
161,327,473.798,236.899,473.798,868.629,315.865,157.933,315.865,236.899,315.865,236.899,157.933
162,327,394.831,552.764,631.73,1421.39,789.663,473.798,789.663,315.865,710.696,236.899,236.899
163,327,315.865,789.663,236.899,1816.22,631.73,1026.56,1500.36,1105.53,1342.43,315.865,157.933
164,327,394.831,868.629,394.831,710.696,236.899,1895.19,1658.29,1421.39,710.696,868.629,552.764
165,327,631.73,315.865,868.629,315.865,236.899,1184.49,552.764,394.831,315.865,1184.49,394.831
166,327,1184.49,947.595,947.595,473.798,868.629,631.73,552.764,236.899,236.899,473.798,394.831
167,327,631.73,789.663,473.798,1105.53,710.696,868.629,473.798,236.899,236.899,236.899,394.831
168,327,394.831,631.73,473.798,868.629,473.798,631.73,473.798,473.798,236.899,157.933,157.933
169,327,1105.53,868.629,1105.53,1658.29,631.73,631.73,236.899,236.899,315.865,157.933,78.9663
170,327,1105.53,1737.26,1026.56,868.629,1342.43,868.629,631.73,868.629,947.595,157.933,236.899
171,327,789.663,868.629,1263.46,947.595,1263.46,947.595,789.663,1184.49,631.73,315.865,710.696
172,327,1342.43,789.663,2132.09,315.865,2053.12,473.798,394.831,473.798,157.933,394.831,552.764
173,327,1105.53,315.865,1026.56,236.899,1105.53,868.629,315.865,236.899,157.933,236.899,157.933
174,327,1974.16,473.798,2211.06,315.865,1105.53,394.831,552.764,157.933,157.933,394.831,78.9663
175,327,710.696,552.764,710.696,552.764,710.696,631.73,315.865,236.899,315.865,236.899,315.865
176,327,710.696,631.73,789.663,236.899,473.798,315.865,473.798,394.831,315.865,78.9663,631.73
177,327,631.73,315.865,1105.53,157.933,315.865,315.865,157.933,315.865,78.9663,236.899,552.764
178,327,710.696,236.899,947.595,552.764,710.696,315.865,236.899,157.933,157.933,315.865,157.933
179,327,552.764,473.798,710.696,394.831,394.831,315.865,157.933,157.933,78.9663,236.899,78.9663
159,328,394.831,236.899,315.865,157.933,78.9663,315.865,157.933,78.9663,78.9663,315.865,78.9663
160,328,710.696,315.865,947.595,236.899,236.899,78.9663,78.9663,78.9663,78.9663,157.933,78.9663
161,328,789.663,315.865,947.595,473.798,394.831,157.933,157.933,78.9663,315.865,157.933,78.9663
162,328,789.663,552.764,868.629,552.764,1184.49,315.865,710.696,394.831,710.696,236.899,157.933
163,328,631.73,631.73,473.798,1342.43,789.663,789.663,1184.49,1263.46,1184.49,394.831,394.831
164,328,789.663,315.865,868.629,947.595,157.933,631.73,1184.49,2053.12,1026.56,631.73,1105.53
165,328,710.696,236.899,789.663,236.899,315.865,473.798,631.73,1105.53,473.798,947.595,868.629
166,328,473.798,1184.49,394.831,315.865,315.865,394.831,789.663,394.831,315.865,315.865,236.899
167,328,394.831,1026.56,473.798,236.899,394.831,789.663,631.73,315.865,473.798,315.865,157.933
168,328,789.663,315.865,789.663,631.73,315.865,552.764,631.73,789.663,631.73,315.865,157.933
169,328,710.696,552.764,631.73,868.629,394.831,631.73,631.73,631.73,394.831,157.933,236.899
170,328,947.595,1184.49,631.73,1579.33,631.73,1026.56,789.663,868.629,552.764,236.899,236.899
171,328,1105.53,947.595,868.629,868.629,1184.49,1342.43,394.831,631.73,315.865,394.831,947.595
172,328,2211.06,1421.39,1816.22,631.73,868.629,1184.49,868.629,631.73,394.831,710.696,868.629
173,328,1184.49,947.595,789.663,1105.53,552.764,1658.29,789.663,552.764,157.933,236.899,315.865
174,328,1579.33,1737.26,1026.56,473.798,631.73,394.831,473.798,157.933,78.9663,236.899,157.933
175,328,710.696,552.764,947.595,315.865,473.798,789.663,473.798,236.899,78.9663,157.933,78.9663
177,328,789.663,315.865,868.629,157.933,236.899,236.899,157.933,78.9663,157.933,157.933,236.899
179,328,552.764,631.73,552.764,710.696,315.865,315.865,236.899,157.933,157.933,236.899,157.933
180,328,473.798,394.831,552.764,552.764,394.831,315.865,394.831,315.865,315.865,315.865,78.9663
161,329,710.696,552.764,868.629,868.629,394.831,157.933,78.9663,157.933,236.899,394.831,78.9663
162,329,1026.56,1263.46,1342.43,947.595,1105.53,315.865,552.764,315.865,315.865,710.696,236.899
163,329,789.663,1263.46,710.696,473.798,868.629,1026.56,473.798,394.831,315.865,789.663,315.865
164,329,552.764,394.831,631.73,394.831,236.899,394.831,315.865,868.629,552.764,394.831,868.629
165,329,552.764,236.899,789.663,631.73,473.798,157.933,236.899,868.629,157.933,552.764,947.595
166,329,710.696,315.865,789.663,236.899,315.865,157.933,315.865,157.933,78.9663,315.865,315.865
167,329,947.595,473.798,1026.56,236.899,1026.56,315.865,315.865,157.933,315.865,236.899,157.933
168,329,710.696,315.865,1026.56,1500.36,631.73,552.764,552.764,473.798,631.73,394.831,236.899
169,329,789.663,710.696,1579.33,868.629,789.663,394.831,552.764,631.73,631.73,315.865,473.798
170,329,552.764,631.73,473.798,1737.26,868.629,315.865,789.663,947.595,552.764,394.831,315.865
171,329,552.764,1026.56,315.865,710.696,315.865,789.663,1184.49,789.663,236.899,236.899,473.798
172,329,947.595,789.663,631.73,552.764,394.831,1026.56,1026.56,552.764,315.865,631.73,236.899
173,329,552.764,552.764,315.865,789.663,236.899,394.831,710.696,473.798,157.933,236.899,315.865
174,329,394.831,947.595,315.865,552.764,394.831,236.899,315.865,157.933,78.9663,157.933,236.899
177,329,473.798,236.899,394.831,315.865,157.933,473.798,236.899,157.933,315.865,157.933,157.933
179,329,315.865,394.831,473.798,868.629,236.899,236.899,157.933,157.933,157.933,315.865,157.933
180,329,394.831,631.73,473.798,789.663,473.798,157.933,315.865,315.865,236.899,315.865,157.933
181,329,394.831,394.831,552.764,394.831,710.696,315.865,236.899,236.899,157.933,157.933,315.865
182,329,236.899,236.899,236.899,236.899,157.933,157.933,78.9663,78.9663,157.933,157.933,157.933
159,330,394.831,315.865,236.899,473.798,315.865,236.899,157.933,236.899,157.933,78.9663,236.899
160,330,710.696,394.831,789.663,157.933,394.831,236.899,236.899,236.899,236.899,78.9663,157.933
161,330,789.663,315.865,552.764,473.798,552.764,394.831,157.933,157.933,157.933,315.865,236.899
162,330,394.831,710.696,710.696,473.798,315.865,236.899,631.73,315.865,631.73,631.73,157.933
163,330,394.831,710.696,473.798,394.831,394.831,947.595,789.663,631.73,315.865,473.798,236.899
164,330,631.73,552.764,1184.49,236.899,552.764,394.831,236.899,315.865,315.865,157.933,236.899
165,330,868.629,315.865,2368.99,1026.56,1500.36,315.865,157.933,394.831,157.933,552.764,473.798
166,330,631.73,710.696,868.629,1184.49,789.663,236.899,157.933,157.933,236.899,473.798,157.933
167,330,1105.53,1342.43,947.595,552.764,947.595,552.764,552.764,552.764,552.764,157.933,157.933
168,330,552.764,789.663,473.798,710.696,947.595,1658.29,789.663,473.798,394.831,473.798,236.899
169,330,1105.53,394.831,868.629,947.595,394.831,552.764,315.865,157.933,157.933,1026.56,394.831
170,330,868.629,394.831,552.764,789.663,552.764,710.696,394.831,236.899,236.899,631.73,473.798
171,330,552.764,710.696,552.764,552.764,236.899,473.798,552.764,552.764,315.865,236.899,315.865
172,330,710.696,473.798,1342.43,631.73,552.764,394.831,473.798,473.798,157.933,473.798,157.933
173,330,473.798,315.865,1026.56,394.831,552.764,315.865,157.933,157.933,78.9663,236.899,236.899
176,330,315.865,394.831,315.865,473.798,473.798,789.663,631.73,394.831,315.865,157.933,236.899
177,330,236.899,315.865,315.865,552.764,78.9663,473.798,315.865,236.899,315.865,236.899,315.865
178,330,315.865,315.865,552.764,394.831,315.865,236.899,236.899,394.831,315.865,315.865,315.865
179,330,394.831,236.899,631.73,473.798,552.764,157.933,78.9663,236.899,157.933,315.865,236.899
182,330,236.899,315.865,315.865,394.831,552.764,394.831,157.933,78.9663,236.899,315.865,78.9663
159,331,552.764,236.899,315.865,552.764,315.865,315.865,236.899,236.899,236.899,78.9663,236.899
160,331,473.798,315.865,473.798,236.899,157.933,236.899,394.831,394.831,394.831,78.9663,236.899
161,331,631.73,394.831,710.696,236.899,473.798,631.73,394.831,473.798,157.933,78.9663,394.831
162,331,315.865,236.899,394.831,236.899,473.798,394.831,315.865,157.933,552.764,236.899,157.933
163,331,394.831,315.865,315.865,394.831,236.899,315.865,473.798,631.73,236.899,157.933,473.798
164,331,631.73,552.764,868.629,473.798,473.798,157.933,236.899,236.899,236.899,473.798,315.865
165,331,1026.56,868.629,1658.29,473.798,1737.26,947.595,789.663,315.865,315.865,947.595,236.899
166,331,631.73,552.764,1184.49,1500.36,1263.46,1342.43,473.798,236.899,315.865,394.831,157.933
167,331,394.831,789.663,789.663,1026.56,473.798,631.73,1105.53,1105.53,1184.49,157.933,394.831
168,331,631.73,552.764,473.798,1026.56,473.798,1421.39,1500.36,1421.39,552.764,394.831,947.595
169,331,947.595,473.798,315.865,1105.53,315.865,789.663,315.865,315.865,315.865,1342.43,631.73
170,331,710.696,315.865,473.798,236.899,157.933,315.865,789.663,631.73,473.798,868.629,236.899
171,331,1026.56,315.865,1184.49,552.764,394.831,473.798,394.831,315.865,236.899,552.764,157.933
172,331,1342.43,473.798,2684.85,1658.29,1105.53,473.798,473.798,236.899,315.865,868.629,157.933
173,331,1421.39,789.663,2684.85,947.595,1658.29,552.764,394.831,157.933,315.865,552.764,157.933
174,331,1105.53,1026.56,1579.33,631.73,1816.22,473.798,394.831,236.899,473.798,315.865,78.9663
175,331,710.696,552.764,710.696,710.696,789.663,947.595,789.663,552.764,552.764,315.865,157.933
176,331,473.798,394.831,710.696,1342.43,473.798,947.595,710.696,552.764,315.865,315.865,394.831
177,331,394.831,315.865,710.696,473.798,473.798,315.865,236.899,315.865,315.865,394.831,394.831
178,331,552.764,315.865,789.663,236.899,789.663,315.865,236.899,473.798,394.831,473.798,394.831
179,331,473.798,236.899,631.73,473.798,868.629,394.831,236.899,236.899,394.831,394.831,473.798
180,331,394.831,394.831,315.865,947.595,473.798,473.798,473.798,236.899,394.831,315.865,236.899
181,331,552.764,552.764,631.73,710.696,868.629,710.696,710.696,394.831,631.73,315.865,157.933
182,331,394.831,315.865,552.764,394.831,710.696,947.595,473.798,473.798,394.831,394.831,157.933
183,331,157.933,236.899,157.933,631.73,236.899,552.764,236.899,315.865,157.933,236.899,236.899
185,331,315.865,236.899,394.831,78.9663,315.865,315.865,315.865,394.831,394.831,236.899,315.865
186,331,236.899,157.933,315.865,78.9663,315.865,394.831,236.899,236.899,236.899,236.899,315.865
159,332,236.899,236.899,315.865,394.831,157.933,315.865,315.865,236.899,157.933,78.9663,315.865
160,332,315.865,236.899,315.865,315.865,394.831,157.933,236.899,315.865,394.831,236.899,236.899
162,332,236.899,394.831,236.899,394.831,236.899,473.798,315.865,315.865,315.865,157.933,315.865
163,332,315.865,315.865,315.865,1263.46,236.899,315.865,157.933,236.899,78.9663,236.899,315.865
164,332,394.831,631.73,236.899,1342.43,157.933,157.933,236.899,157.933,473.798,315.865,315.865
165,332,552.764,1421.39,315.865,631.73,315.865,789.663,1421.39,789.663,868.629,868.629,157.933
166,332,473.798,552.764,394.831,473.798,315.865,1421.39,1263.46,473.798,394.831,394.831,315.865
167,332,315.865,236.899,552.764,473.798,315.865,631.73,710.696,710.696,1026.56,236.899,236.899
168,332,473.798,394.831,473.798,1105.53,631.73,394.831,1105.53,1500.36,710.696,315.865,1105.53
169,332,473.798,552.764,315.865,1184.49,394.831,394.831,315.865,394.831,236.899,473.798,710.696
170,332,868.629,315.865,631.73,394.831,473.798,157.933,236.899,631.73,552.764,552.764,315.865
171,332,1342.43,315.865,1342.43,789.663,789.663,236.899,394.831,552.764,315.865,947.595,631.73
172,332,1579.33,947.595,2053.12,947.595,1026.56,552.764,710.696,394.831,473.798,1105.53,236.899
173,332,1816.22,1737.26,1974.16,552.764,1263.46,868.629,789.663,394.831,473.798,631.73,236.899
174,332,947.595,1342.43,789.663,789.663,1184.49,1184.49,868.629,631.73,789.663,473.798,236.899
175,332,789.663,789.663,473.798,1184.49,552.764,1026.56,947.595,789.663,631.73,631.73,473.798
176,332,710.696,631.73,947.595,1500.36,789.663,552.764,473.798,394.831,315.865,552.764,552.764
177,332,789.663,473.798,1421.39,473.798,868.629,552.764,315.865,394.831,315.865,473.798,236.899
178,332,710.696,710.696,947.595,236.899,868.629,552.764,473.798,394.831,315.865,631.73,394.831
179,332,552.764,473.798,710.696,1026.56,947.595,631.73,552.764,236.899,315.865,552.764,552.764
180,332,394.831,789.663,394.831,1737.26,473.798,552.764,552.764,315.865,552.764,315.865,394.831
181,332,473.798,1105.53,394.831,710.696,315.865,631.73,868.629,789.663,1026.56,236.899,315.865
182,332,394.831,394.831,394.831,552.764,315.865,1026.56,947.595,1105.53,710.696,315.865,552.764
183,332,157.933,236.899,157.933,552.764,236.899,473.798,315.865,315.865,157.933,236.899,394.831
186,332,157.933,157.933,236.899,78.9663,236.899,315.865,315.865,315.865,236.899,157.933,394.831
159,333,315.865,236.899,315.865,394.831,78.9663,157.933,236.899,236.899,157.933,78.9663,315.865
160,333,473.798,315.865,473.798,394.831,315.865,236.899,157.933,78.9663,157.933,236.899,157.933
161,333,236.899,394.831,236.899,394.831,473.798,394.831,236.899,236.899,236.899,236.899,315.865
162,333,236.899,236.899,157.933,236.899,78.9663,157.933,315.865,315.865,236.899,78.9663,394.831
163,333,236.899,236.899,394.831,710.696,157.933,236.899,236.899,236.899,78.9663,473.798,236.899
164,333,394.831,315.865,631.73,631.73,473.798,157.933,157.933,236.899,315.865,315.865,157.933
166,333,394.831,315.865,236.899,631.73,236.899,236.899,631.73,710.696,236.899,315.865,631.73
167,333,631.73,394.831,1105.53,1184.49,552.764,157.933,236.899,157.933,315.865,236.899,315.865
168,333,947.595,631.73,789.663,1579.33,868.629,473.798,394.831,473.798,394.831,394.831,473.798
169,333,789.663,868.629,315.865,1026.56,631.73,710.696,236.899,236.899,236.899,473.798,394.831
170,333,789.663,552.764,631.73,473.798,552.764,552.764,157.933,552.764,315.865,631.73,315.865
171,333,473.798,552.764,552.764,473.798,473.798,552.764,394.831,394.831,315.865,631.73,710.696
172,333,552.764,868.629,552.764,473.798,473.798,631.73,710.696,315.865,236.899,394.831,315.865
173,333,631.73,1105.53,473.798,710.696,789.663,552.764,868.629,394.831,394.831,236.899,157.933
174,333,473.798,789.663,394.831,1184.49,631.73,789.663,947.595,552.764,552.764,315.865,315.865
175,333,789.663,1184.49,789.663,1184.49,394.831,473.798,552.764,473.798,315.865,789.663,710.696
176,333,868.629,947.595,1105.53,710.696,394.831,631.73,552.764,473.798,315.865,631.73,473.798
177,333,947.595,473.798,1184.49,394.831,552.764,789.663,710.696,710.696,394.831,394.831,236.899
178,333,631.73,552.764,710.696,394.831,394.831,473.798,631.73,473.798,394.831,631.73,394.831
179,333,552.764,473.798,710.696,710.696,868.629,473.798,631.73,315.865,315.865,473.798,394.831
180,333,394.831,552.764,710.696,1342.43,710.696,710.696,552.764,315.865,473.798,236.899,236.899
181,333,236.899,552.764,236.899,868.629,157.933,394.831,631.73,868.629,868.629,236.899,552.764
182,333,236.899,236.899,236.899,473.798,157.933,394.831,631.73,1105.53,552.764,236.899,1026.56
183,333,236.899,236.899,236.899,236.899,394.831,236.899,236.899,315.865,157.933,157.933,710.696
185,333,157.933,236.899,157.933,315.865,157.933,236.899,315.865,394.831,236.899,78.9663,473.798
186,333,236.899,236.899,157.933,157.933,157.933,157.933,236.899,236.899,157.933,78.9663,473.798
159,334,236.899,157.933,157.933,394.831,78.9663,78.9663,78.9663,236.899,315.865,78.9663,236.899
164,334,394.831,157.933,315.865,315.865,236.899,236.899,236.899,157.933,157.933,552.764,78.9663
165,334,236.899,315.865,157.933,947.595,236.899,473.798,157.933,236.899,157.933,236.899,236.899
166,334,473.798,789.663,473.798,1026.56,157.933,394.831,157.933,236.899,236.899,78.9663,473.798
167,334,552.764,631.73,394.831,868.629,236.899,315.865,394.831,236.899,473.798,157.933,236.899
168,334,552.764,868.629,394.831,1026.56,315.865,552.764,868.629,631.73,631.73,236.899,157.933
169,334,394.831,947.595,394.831,631.73,315.865,710.696,868.629,947.595,552.764,315.865,157.933
170,334,394.831,552.764,394.831,394.831,394.831,710.696,631.73,789.663,394.831,394.831,394.831
171,334,868.629,315.865,1263.46,315.865,710.696,473.798,552.764,315.865,236.899,236.899,394.831
172,334,1105.53,552.764,2132.09,868.629,1263.46,315.865,236.899,157.933,157.933,236.899,157.933
173,334,710.696,552.764,868.629,1026.56,1421.39,789.663,473.798,236.899,394.831,236.899,78.9663
174,334,394.831,473.798,473.798,631.73,473.798,947.595,473.798,315.865,315.865,236.899,236.899
175,334,868.629,552.764,1658.29,552.764,394.831,394.831,394.831,394.831,236.899,552.764,394.831
176,334,1184.49,473.798,1342.43,315.865,473.798,315.865,552.764,631.73,315.865,473.798,236.899
177,334,631.73,315.865,710.696,710.696,315.865,315.865,552.764,552.764,315.865,394.831,315.865
178,334,473.798,394.831,394.831,789.663,315.865,236.899,315.865,236.899,236.899,394.831,394.831
180,334,394.831,315.865,473.798,710.696,473.798,789.663,710.696,394.831,315.865,236.899,157.933
181,334,157.933,236.899,236.899,868.629,157.933,394.831,315.865,394.831,315.865,236.899,394.831
182,334,157.933,236.899,236.899,394.831,157.933,157.933,236.899,552.764,394.831,157.933,789.663
183,334,236.899,315.865,236.899,157.933,236.899,236.899,236.899,394.831,315.865,78.9663,552.764
185,334,157.933,236.899,78.9663,157.933,78.9663,315.865,157.933,157.933,78.9663,157.933,315.865
186,334,157.933,236.899,157.933,157.933,78.9663,157.933,157.933,78.9663,78.9663,78.9663,315.865
160,335,315.865,315.865,236.899,157.933,236.899,157.933,236.899,315.865,552.764,78.9663,394.831
161,335,157.933,157.933,157.933,236.899,236.899,236.899,473.798,631.73,394.831,157.933,552.764
166,335,789.663,473.798,315.865,789.663,236.899,315.865,315.865,315.865,236.899,236.899,78.9663
167,335,789.663,710.696,552.764,473.798,394.831,157.933,315.865,315.865,394.831,157.933,236.899
168,335,947.595,473.798,1342.43,394.831,710.696,236.899,394.831,473.798,473.798,78.9663,394.831
169,335,1263.46,394.831,1342.43,710.696,1184.49,315.865,394.831,631.73,394.831,157.933,552.764
170,335,868.629,631.73,710.696,631.73,1026.56,473.798,315.865,394.831,157.933,236.899,473.798
171,335,1026.56,473.798,1105.53,394.831,631.73,552.764,236.899,236.899,236.899,315.865,236.899
172,335,947.595,552.764,1026.56,710.696,473.798,868.629,789.663,315.865,552.764,394.831,78.9663
173,335,947.595,710.696,1263.46,552.764,710.696,1342.43,1421.39,789.663,789.663,236.899,236.899
174,335,394.831,236.899,552.764,789.663,710.696,947.595,710.696,710.696,394.831,157.933,394.831
175,335,868.629,315.865,710.696,473.798,394.831,236.899,157.933,394.831,157.933,236.899,394.831
176,335,631.73,236.899,789.663,157.933,394.831,236.899,157.933,236.899,157.933,394.831,315.865
177,335,631.73,236.899,1026.56,473.798,710.696,236.899,236.899,157.933,78.9663,473.798,236.899
178,335,394.831,473.798,315.865,868.629,552.764,236.899,236.899,157.933,236.899,157.933,157.933
179,335,315.865,710.696,236.899,552.764,236.899,394.831,552.764,394.831,394.831,157.933,157.933
181,335,157.933,157.933,236.899,552.764,236.899,315.865,157.933,236.899,157.933,157.933,236.899
182,335,157.933,236.899,236.899,315.865,78.9663,157.933,157.933,315.865,315.865,78.9663,394.831
183,335,157.933,394.831,78.9663,157.933,78.9663,157.933,315.865,473.798,315.865,78.9663,473.798
161,336,236.899,315.865,157.933,315.865,157.933,315.865,236.899,236.899,157.933,78.9663,394.831
162,336,315.865,315.865,394.831,473.798,157.933,157.933,78.9663,78.9663,78.9663,157.933,236.899
165,336,315.865,394.831,315.865,1184.49,157.933,157.933,157.933,394.831,236.899,157.933,236.899
166,336,473.798,947.595,552.764,1658.29,236.899,157.933,78.9663,236.899,157.933,236.899,157.933
167,336,552.764,868.629,473.798,1026.56,394.831,236.899,236.899,157.933,236.899,157.933,236.899
168,336,631.73,710.696,552.764,631.73,552.764,473.798,473.798,315.865,394.831,78.9663,236.899
169,336,552.764,868.629,473.798,473.798,473.798,789.663,947.595,473.798,631.73,157.933,236.899
170,336,315.865,710.696,315.865,236.899,315.865,1184.49,1105.53,631.73,631.73,157.933,236.899
171,336,315.865,315.865,473.798,710.696,236.899,868.629,789.663,710.696,552.764,157.933,157.933
172,336,710.696,552.764,1026.56,631.73,631.73,394.831,789.663,631.73,473.798,157.933,315.865
173,336,868.629,1026.56,1105.53,394.831,868.629,315.865,710.696,631.73,315.865,157.933,473.798
174,336,394.831,394.831,394.831,868.629,473.798,552.764,394.831,394.831,236.899,157.933,552.764
175,336,315.865,552.764,473.798,315.865,157.933,394.831,236.899,236.899,157.933,157.933,394.831
176,336,552.764,315.865,1026.56,394.831,394.831,236.899,236.899,236.899,157.933,394.831,157.933
178,336,236.899,394.831,236.899,315.865,315.865,631.73,394.831,236.899,315.865,157.933,157.933
165,337,394.831,315.865,315.865,236.899,157.933,78.9663,157.933,78.9663,78.9663,236.899,236.899
166,337,1184.49,394.831,868.629,473.798,394.831,157.933,157.933,157.933,157.933,78.9663,157.933
167,337,1184.49,631.73,1026.56,552.764,789.663,236.899,236.899,394.831,315.865,236.899,78.9663
168,337,1105.53,394.831,1184.49,236.899,789.663,315.865,394.831,631.73,552.764,236.899,315.865
169,337,868.629,315.865,947.595,236.899,710.696,394.831,789.663,868.629,789.663,157.933,473.798
170,337,631.73,315.865,710.696,394.831,631.73,315.865,789.663,1026.56,710.696,78.9663,631.73
171,337,473.798,315.865,631.73,552.764,315.865,236.899,315.865,552.764,236.899,157.933,710.696
172,337,552.764,552.764,631.73,473.798,315.865,315.865,236.899,236.899,157.933,315.865,473.798
173,337,394.831,552.764,631.73,710.696,315.865,631.73,552.764,315.865,394.831,236.899,236.899
174,337,236.899,473.798,473.798,789.663,236.899,631.73,631.73,473.798,552.764,157.933,157.933
175,337,236.899,394.831,473.798,473.798,236.899,236.899,236.899,473.798,315.865,315.865,315.865
176,337,394.831,315.865,631.73,315.865,552.764,78.9663,157.933,236.899,157.933,473.798,236.899
179,337,236.899,473.798,315.865,868.629,473.798,236.899,157.933,157.933,157.933,157.933,236.899
180,337,236.899,394.831,315.865,394.831,236.899,473.798,394.831,315.865,315.865,78.9663,236.899
167,338,394.831,789.663,315.865,473.798,315.865,236.899,315.865,236.899,157.933,394.831,157.933
168,338,473.798,315.865,473.798,394.831,236.899,631.73,552.764,315.865,236.899,315.865,315.865
169,338,473.798,473.798,473.798,394.831,315.865,631.73,394.831,236.899,157.933,157.933,394.831
170,338,315.865,394.831,394.831,315.865,315.865,552.764,394.831,236.899,236.899,157.933,473.798
171,338,473.798,315.865,473.798,631.73,157.933,552.764,394.831,315.865,315.865,236.899,394.831
172,338,631.73,631.73,947.595,631.73,394.831,315.865,473.798,473.798,473.798,236.899,157.933
173,338,473.798,473.798,947.595,552.764,631.73,236.899,394.831,473.798,473.798,157.933,315.865
174,338,394.831,236.899,631.73,315.865,473.798,157.933,236.899,394.831,315.865,236.899,552.764
175,338,394.831,157.933,473.798,236.899,552.764,157.933,157.933,315.865,157.933,473.798,552.764
176,338,394.831,394.831,473.798,473.798,552.764,236.899,236.899,157.933,157.933,394.831,315.865
177,338,473.798,710.696,552.764,473.798,710.696,394.831,394.831,157.933,157.933,236.899,157.933
179,338,315.865,473.798,315.865,552.764,236.899,631.73,394.831,236.899,394.831,157.933,78.9663
184,338,78.9663,157.933,78.9663,157.933,78.9663,157.933,157.933,236.899,236.899,157.933,394.831
172,339,789.663,394.831,789.663,394.831,236.899,157.933,236.899,315.865,236.899,315.865,394.831
173,339,789.663,631.73,868.629,631.73,552.764,394.831,315.865,315.865,157.933,394.831,473.798
174,339,552.764,631.73,552.764,473.798,789.663,394.831,157.933,157.933,157.933,394.831,394.831
175,339,236.899,394.831,236.899,473.798,473.798,394.831,236.899,157.933,157.933,315.865,236.899
178,339,315.865,473.798,236.899,710.696,157.933,789.663,789.663,473.798,473.798,236.899,157.933
181,339,157.933,157.933,157.933,157.933,78.9663,78.9663,78.9663,157.933,157.933,157.933,473.798
184,339,78.9663,78.9663,78.9663,78.9663,78.9663,157.933,157.933,78.9663,78.9663,157.933,394.831
168,340,315.865,236.899,315.865,157.933,157.933,236.899,157.933,157.933,157.933,315.865,315.865
169,340,394.831,236.899,394.831,157.933,236.899,236.899,236.899,157.933,236.899,394.831,473.798
170,340,236.899,236.899,394.831,315.865,157.933,236.899,236.899,157.933,236.899,315.865,394.831
171,340,236.899,315.865,236.899,552.764,78.9663,236.899,157.933,157.933,157.933,236.899,315.865
172,340,394.831,631.73,236.899,789.663,157.933,157.933,236.899,157.933,236.899,315.865,157.933
173,340,315.865,947.595,315.865,947.595,236.899,236.899,315.865,236.899,236.899,236.899,157.933
174,340,236.899,868.629,236.899,394.831,315.865,473.798,394.831,236.899,236.899,157.933,157.933
177,340,236.899,473.798,157.933,1026.56,315.865,473.798,552.764,394.831,552.764,236.899,157.933
178,340,236.899,552.764,236.899,552.764,78.9663,552.764,552.764,631.73,394.831,236.899,394.831
179,340,236.899,236.899,315.865,315.865,157.933,236.899,236.899,315.865,157.933,157.933,394.831
178,341,157.933,236.899,157.933,473.798,78.9663,236.899,315.865,631.73,315.865,78.9663,473.798
171,342,157.933,157.933,157.933,236.899,157.933,157.933,157.933,78.9663,157.933,394.831,157.933
172,342,236.899,236.899,315.865,473.798,78.9663,157.933,157.933,78.9663,78.9663,394.831,157.933
173,342,315.865,473.798,315.865,631.73,157.933,157.933,157.933,78.9663,157.933,236.899,157.933
174,342,236.899,473.798,236.899,315.865,157.933,394.831,236.899,157.933,157.933,157.933,157.933
178,342,157.933,157.933,157.933,236.899,78.9663,78.9663,78.9663,236.899,157.933,78.9663,473.798
181,342,78.9663,157.933,157.933,157.933,78.9663,78.9663,78.9663,78.9663,78.9663,157.933,315.865