100,4,394.831,236.899,157.933,315.865,236.899,236.899,236.899,236.899,394.831,236.899,78.9663
100,5,315.865,394.831,315.865,236.899,157.933,236.899,236.899,157.933,394.831,157.933,157.933
100,6,315.865,236.899,315.865,157.933,157.933,236.899,236.899,236.899,394.831,157.933,157.933
101,3,710.696,236.899,157.933,394.831,315.865,315.865,315.865,315.865,394.831,78.9663,236.899
101,4,552.764,78.9663,236.899,394.831,315.865,315.865,315.865,315.865,394.831,78.9663,236.899
101,5,236.899,315.865,710.696,315.865,157.933,315.865,315.865,315.865,394.831,78.9663,315.865
101,6,315.865,315.865,710.696,236.899,236.899,236.899,236.899,315.865,315.865,78.9663,315.865
101,12,157.933,78.9663,78.9663,236.899,78.9663,157.933,78.9663,78.9663,236.899,157.933,157.933
102,3,473.798,315.865,236.899,315.865,236.899,236.899,236.899,315.865,236.899,157.933,315.865
102,4,789.663,157.933,157.933,315.865,236.899,236.899,236.899,315.865,236.899,78.9663,394.831
102,5,236.899,315.865,631.73,394.831,157.933,236.899,157.933,315.865,315.865,78.9663,394.831
102,6,236.899,552.764,947.595,315.865,157.933,236.899,157.933,236.899,236.899,78.9663,394.831
103,2,315.865,157.933,236.899,157.933,78.9663,157.933,78.9663,236.899,157.933,236.899,236.899
103,3,394.831,315.865,315.865,157.933,157.933,157.933,78.9663,157.933,78.9663,236.899,315.865
103,4,552.764,394.831,236.899,236.899,236.899,157.933,78.9663,236.899,157.933,157.933,394.831
103,5,315.865,394.831,394.831,236.899,394.831,157.933,78.9663,236.899,157.933,78.9663,394.831
103,6,157.933,631.73,1026.56,236.899,315.865,315.865,157.933,157.933,157.933,157.933,473.798
104,0,157.933,236.899,473.798,157.933,78.9663,78.9663,78.9663,315.865,236.899,157.933,315.865
104,2,473.798,78.9663,157.933,157.933,157.933,78.9663,78.9663,157.933,78.9663,315.865,236.899
104,3,473.798,157.933,236.899,157.933,78.9663,78.9663,78.9663,157.933,78.9663,394.831,236.899
104,4,394.831,473.798,236.899,236.899,236.899,157.933,78.9663,157.933,78.9663,315.865,315.865
104,5,157.933,394.831,236.899,315.865,315.865,157.933,78.9663,157.933,78.9663,157.933,394.831
104,6,157.933,236.899,473.798,394.831,315.865,157.933,78.9663,78.9663,78.9663,78.9663,473.798
104,7,157.933,157.933,315.865,394.831,315.865,315.865,157.933,78.9663,78.9663,157.933,394.831
104,31,157.933,157.933,78.9663,78.9663,78.9663,78.9663,78.9663,78.9663,236.899,157.933,236.899
105,0,157.933,236.899,394.831,157.933,157.933,157.933,78.9663,236.899,236.899,236.899,394.831
105,1,315.865,157.933,236.899,157.933,157.933,157.933,78.9663,157.933,157.933,236.899,315.865
105,2,631.73,78.9663,78.9663,157.933,157.933,78.9663,78.9663,157.933,78.9663,315.865,315.865
105,3,710.696,157.933,394.831,78.9663,78.9663,78.9663,78.9663,157.933,78.9663,473.798,236.899
105,4,552.764,473.798,552.764,157.933,78.9663,78.9663,78.9663,78.9663,157.933,552.764,157.933
105,5,236.899,710.696,394.831,236.899,157.933,78.9663,78.9663,78.9663,157.933,394.831,157.933
105,7,157.933,236.899,78.9663,710.696,394.831,236.899,78.9663,78.9663,78.9663,236.899,157.933
105,8,157.933,157.933,78.9663,552.764,157.933,394.831,236.899,78.9663,78.9663,394.831,157.933
105,12,157.933,315.865,157.933,157.933,78.9663,78.9663,78.9663,157.933,157.933,236.899,236.899
105,14,315.865,157.933,157.933,315.865,157.933,78.9663,78.9663,78.9663,157.933,236.899,157.933
105,21,236.899,394.831,315.865,315.865,157.933,157.933,78.9663,78.9663,157.933,157.933,157.933
105,28,157.933,78.9663,78.9663,157.933,157.933,315.865,315.865,236.899,236.899,236.899,315.865
105,32,157.933,157.933,78.9663,236.899,78.9663,78.9663,78.9663,157.933,236.899,157.933,315.865
106,0,315.865,473.798,473.798,236.899,315.865,78.9663,157.933,157.933,236.899,394.831,473.798
106,1,473.798,157.933,236.899,236.899,394.831,78.9663,157.933,78.9663,236.899,315.865,473.798
106,2,394.831,78.9663,157.933,236.899,236.899,157.933,78.9663,78.9663,236.899,394.831,315.865
106,3,631.73,157.933,394.831,157.933,78.9663,157.933,157.933,78.9663,157.933,473.798,157.933
106,4,631.73,315.865,868.629,157.933,78.9663,78.9663,236.899,157.933,157.933,552.764,78.9663
106,5,236.899,552.764,1263.46,157.933,315.865,78.9663,157.933,157.933,157.933,473.798,157.933
106,8,315.865,394.831,78.9663,315.865,315.865,473.798,315.865,78.9663,78.9663,394.831,78.9663
106,12,315.865,315.865,157.933,236.899,78.9663,78.9663,78.9663,157.933,78.9663,473.798,315.865
106,13,236.899,157.933,78.9663,157.933,78.9663,78.9663,157.933,157.933,157.933,473.798,157.933
106,15,315.865,394.831,236.899,315.865,78.9663,157.933,78.9663,78.9663,157.933,157.933,157.933
106,18,236.899,157.933,236.899,315.865,236.899,78.9663,157.933,394.831,631.73,157.933,315.865
106,19,157.933,552.764,236.899,236.899,157.933,78.9663,78.9663,157.933,394.831,78.9663,394.831
106,22,157.933,394.831,315.865,789.663,236.899,157.933,78.9663,78.9663,157.933,78.9663,236.899
106,25,157.933,157.933,78.9663,710.696,315.865,315.865,78.9663,157.933,157.933,157.933,157.933
106,29,157.933,157.933,78.9663,157.933,78.9663,157.933,157.933,236.899,236.899,236.899,315.865
106,33,157.933,157.933,157.933,236.899,78.9663,78.9663,78.9663,78.9663,78.9663,157.933,315.865
107,0,394.831,473.798,789.663,157.933,394.831,236.899,315.865,157.933,157.933,473.798,552.764
107,1,947.595,157.933,315.865,315.865,710.696,157.933,315.865,157.933,236.899,394.831,473.798
107,2,552.764,157.933,315.865,394.831,473.798,236.899,157.933,236.899,394.831,394.831,315.865
107,3,394.831,394.831,473.798,236.899,157.933,315.865,236.899,157.933,315.865,473.798,157.933
107,4,868.629,394.831,473.798,157.933,157.933,236.899,394.831,157.933,236.899,473.798,78.9663
107,5,473.798,315.865,789.663,157.933,394.831,78.9663,157.933,157.933,236.899,315.865,157.933
107,6,631.73,315.865,789.663,315.865,631.73,157.933,157.933,157.933,157.933,315.865,157.933
107,7,631.73,315.865,315.865,236.899,710.696,236.899,157.933,78.9663,157.933,473.798,78.9663
107,8,394.831,631.73,394.831,157.933,315.865,473.798,315.865,78.9663,236.899,552.764,78.9663
107,9,236.899,236.899,315.865,236.899,236.899,394.831,394.831,78.9663,315.865,552.764,78.9663
107,19,236.899,236.899,236.899,236.899,236.899,157.933,78.9663,315.865,236.899,78.9663,631.73
107,20,157.933,394.831,236.899,394.831,157.933,236.899,157.933,157.933,157.933,78.9663,631.73
107,21,157.933,473.798,157.933,394.831,157.933,157.933,157.933,78.9663,78.9663,78.9663,236.899
107,26,157.933,78.9663,78.9663,552.764,78.9663,236.899,157.933,236.899,315.865,157.933,236.899
108,0,236.899,710.696,868.629,157.933,315.865,315.865,315.865,157.933,157.933,394.831,394.831
108,1,1026.56,394.831,473.798,552.764,631.73,157.933,394.831,236.899,236.899,315.865,394.831
108,2,1026.56,157.933,315.865,789.663,473.798,236.899,236.899,394.831,394.831,236.899,315.865
108,3,473.798,1026.56,868.629,631.73,157.933,394.831,315.865,236.899,394.831,473.798,315.865
108,4,1421.39,1421.39,631.73,236.899,315.865,315.865,552.764,157.933,473.798,710.696,236.899
108,5,789.663,315.865,236.899,552.764,631.73,157.933,315.865,236.899,631.73,473.798,236.899
108,6,394.831,236.899,710.696,1105.53,473.798,315.865,236.899,157.933,552.764,236.899,236.899
108,7,394.831,157.933,394.831,710.696,315.865,473.798,631.73,157.933,157.933,631.73,157.933
108,8,236.899,394.831,868.629,236.899,236.899,394.831,789.663,394.831,552.764,1026.56,157.933
108,9,157.933,236.899,947.595,157.933,315.865,236.899,394.831,473.798,1184.49,789.663,157.933
108,10,473.798,157.933,394.831,157.933,552.764,157.933,157.933,236.899,710.696,473.798,236.899
108,12,157.933,236.899,236.899,157.933,78.9663,394.831,394.831,78.9663,394.831,157.933,78.9663
108,16,473.798,473.798,157.933,473.798,236.899,78.9663,78.9663,157.933,157.933,236.899,78.9663
108,17,473.798,473.798,236.899,315.865,157.933,157.933,78.9663,78.9663,157.933,236.899,157.933
108,18,236.899,552.764,315.865,394.831,236.899,157.933,78.9663,157.933,157.933,157.933,157.933
108,19,394.831,631.73,236.899,631.73,157.933,78.9663,78.9663,78.9663,78.9663,78.9663,236.899
108,20,315.865,394.831,315.865,710.696,157.933,157.933,157.933,78.9663,78.9663,78.9663,394.831
108,21,236.899,394.831,315.865,1342.43,157.933,78.9663,157.933,78.9663,157.933,78.9663,236.899
108,24,236.899,157.933,157.933,789.663,157.933,236.899,157.933,78.9663,394.831,157.933,78.9663
108,26,157.933,78.9663,157.933,315.865,78.9663,157.933,236.899,236.899,315.865,157.933,236.899
108,27,236.899,157.933,157.933,315.865,78.9663,157.933,157.933,236.899,473.798,78.9663,394.831
108,30,236.899,157.933,157.933,157.933,78.9663,78.9663,78.9663,236.899,315.865,78.9663,236.899
109,0,631.73,1026.56,868.629,236.899,315.865,315.865,394.831,157.933,157.933,394.831,236.899
109,1,473.798,1105.53,868.629,315.865,789.663,157.933,394.831,236.899,394.831,315.865,236.899
109,2,1026.56,394.831,315.865,789.663,868.629,394.831,236.899,394.831,631.73,157.933,315.865
109,3,1263.46,552.764,868.629,1184.49,315.865,947.595,473.798,236.899,394.831,315.865,473.798
109,4,1737.26,1026.56,1342.43,710.696,473.798,868.629,1263.46,315.865,315.865,868.629,552.764
109,5,947.595,394.831,631.73,394.831,1421.39,236.899,1184.49,789.663,868.629,710.696,552.764
109,6,315.865,552.764,1579.33,1105.53,1026.56,710.696,315.865,710.696,1263.46,236.899,631.73
109,7,315.865,473.798,1342.43,868.629,315.865,1579.33,947.595,236.899,631.73,315.865,394.831
109,9,315.865,315.865,394.831,552.764,236.899,236.899,1026.56,1737.26,1342.43,947.595,394.831
109,10,236.899,236.899,157.933,315.865,473.798,236.899,236.899,947.595,1500.36,473.798,789.663
109,11,236.899,236.899,157.933,236.899,236.899,315.865,394.831,236.899,315.865,157.933,552.764
109,12,236.899,552.764,394.831,236.899,157.933,394.831,394.831,473.798,631.73,236.899,157.933
109,13,315.865,394.831,394.831,236.899,157.933,236.899,473.798,394.831,1263.46,552.764,394.831
109,14,631.73,157.933,157.933,394.831,236.899,78.9663,236.899,236.899,868.629,473.798,473.798
109,15,631.73,157.933,157.933,394.831,157.933,157.933,78.9663,157.933,315.865,236.899,236.899
109,16,552.764,315.865,236.899,236.899,78.9663,157.933,78.9663,157.933,157.933,236.899,157.933
109,17,789.663,394.831,315.865,236.899,157.933,78.9663,157.933,157.933,78.9663,157.933,157.933
109,18,394.831,710.696,631.73,315.865,236.899,157.933,78.9663,236.899,236.899,78.9663,236.899
109,19,236.899,710.696,710.696,552.764,552.764,157.933,78.9663,157.933,236.899,78.9663,157.933
109,21,236.899,473.798,394.831,710.696,315.865,394.831,157.933,236.899,157.933,157.933,78.9663
109,22,236.899,552.764,315.865,868.629,315.865,552.764,552.764,236.899,236.899,236.899,78.9663
109,24,157.933,236.899,157.933,710.696,236.899,394.831,315.865,710.696,552.764,157.933,236.899
109,25,157.933,236.899,157.933,631.73,157.933,394.831,394.831,236.899,552.764,236.899,315.865
109,27,157.933,236.899,157.933,315.865,157.933,157.933,236.899,394.831,473.798,157.933,315.865
109,28,157.933,157.933,157.933,315.865,78.9663,236.899,157.933,236.899,552.764,78.9663,552.764
109,31,236.899,236.899,236.899,236.899,157.933,78.9663,78.9663,157.933,315.865,78.9663,315.865
110,0,1105.53,394.831,394.831,710.696,236.899,631.73,710.696,236.899,236.899,394.831,157.933
110,1,1105.53,1026.56,789.663,315.865,631.73,236.899,868.629,552.764,552.764,394.831,236.899
110,2,631.73,1421.39,789.663,315.865,1579.33,236.899,473.798,710.696,789.663,236.899,394.831
110,3,1500.36,789.663,552.764,1184.49,1342.43,1184.49,236.899,394.831,631.73,315.865,552.764
110,4,1579.33,394.831,868.629,1500.36,394.831,1816.22,1105.53,236.899,236.899,552.764,552.764
110,5,631.73,789.663,1263.46,552.764,789.663,947.595,1974.16,947.595,315.865,868.629,552.764
110,6,315.865,631.73,1737.26,394.831,1184.49,473.798,1105.53,1737.26,1342.43,631.73,710.696
110,7,315.865,394.831,1184.49,631.73,789.663,1816.22,473.798,868.629,1737.26,236.899,947.595
110,8,236.899,394.831,394.831,552.764,710.696,1579.33,1579.33,552.764,631.73,315.865,552.764
110,10,236.899,315.865,236.899,631.73,552.764,552.764,473.798,1579.33,1263.46,552.764,947.595
110,11,394.831,236.899,236.899,473.798,315.865,631.73,473.798,394.831,789.663,236.899,1184.49
110,13,315.865,315.865,157.933,552.764,157.933,315.865,631.73,1421.39,868.629,868.629,631.73
110,14,315.865,315.865,236.899,473.798,157.933,157.933,315.865,868.629,947.595,710.696,1342.43
110,15,552.764,315.865,315.865,394.831,157.933,78.9663,157.933,315.865,473.798,315.865,1026.56
110,16,473.798,789.663,710.696,236.899,157.933,157.933,157.933,78.9663,236.899,236.899,394.831
110,17,394.831,868.629,868.629,315.865,394.831,157.933,236.899,157.933,236.899,315.865,157.933
110,19,394.831,552.764,868.629,552.764,394.831,157.933,157.933,315.865,394.831,157.933,236.899
110,22,236.899,473.798,315.865,473.798,315.865,1026.56,315.865,236.899,236.899,315.865,157.933
110,25,157.933,236.899,157.933,710.696,236.899,631.73,236.899,631.73,394.831,157.933,473.798
110,26,157.933,236.899,236.899,473.798,157.933,473.798,552.764,236.899,315.865,394.831,473.798
110,28,157.933,157.933,157.933,315.865,78.9663,236.899,157.933,552.764,394.831,236.899,394.831
110,29,157.933,157.933,78.9663,236.899,78.9663,236.899,157.933,157.933,394.831,157.933,552.764
110,32,157.933,157.933,157.933,236.899,157.933,78.9663,78.9663,78.9663,315.865,78.9663,394.831
111,1,1895.19,394.831,473.798,789.663,473.798,947.595,1184.49,710.696,315.865,236.899,157.933
111,2,1421.39,1658.29,1500.36,236.899,868.629,394.831,1105.53,1026.56,710.696,315.865,394.831
111,3,1184.49,2368.99,1974.16,631.73,2132.09,394.831,552.764,789.663,1026.56,394.831,552.764
111,4,1500.36,710.696,631.73,1342.43,1816.22,1500.36,315.865,394.831,710.696,315.865,710.696
111,5,789.663,1105.53,1105.53,1026.56,552.764,2053.12,1263.46,315.865,236.899,710.696,394.831
111,6,473.798,1421.39,1658.29,473.798,631.73,789.663,1974.16,1421.39,710.696,1105.53,552.764
111,7,552.764,552.764,868.629,710.696,1342.43,473.798,868.629,1816.22,1737.26,868.629,1421.39
111,8,473.798,236.899,552.764,1342.43,947.595,1342.43,394.831,631.73,1342.43,315.865,1737.26
111,9,315.865,157.933,552.764,1026.56,394.831,868.629,1184.49,631.73,315.865,157.933,789.663
111,11,394.831,236.899,236.899,394.831,315.865,552.764,631.73,947.595,868.629,236.899,947.595
111,12,394.831,236.899,236.899,394.831,236.899,710.696,710.696,473.798,552.764,394.831,631.73
111,13,552.764,394.831,236.899,473.798,236.899,473.798,710.696,868.629,394.831,789.663,473.798
111,14,710.696,315.865,473.798,473.798,236.899,315.865,473.798,947.595,552.764,710.696,1105.53
111,15,1026.56,315.865,394.831,552.764,315.865,236.899,315.865,631.73,552.764,315.865,1184.49
111,16,789.663,315.865,315.865,552.764,236.899,315.865,315.865,473.798,315.865,157.933,631.73
111,17,868.629,394.831,631.73,315.865,315.865,394.831,394.831,394.831,315.865,315.865,236.899
111,18,710.696,473.798,552.764,315.865,710.696,315.865,315.865,473.798,394.831,315.865,157.933
111,19,789.663,315.865,552.764,473.798,710.696,394.831,236.899,394.831,315.865,236.899,315.865
111,20,552.764,473.798,552.764,552.764,315.865,710.696,315.865,157.933,157.933,157.933,315.865
111,23,157.933,473.798,394.831,631.73,394.831,710.696,315.865,315.865,157.933,394.831,157.933
111,24,157.933,394.831,315.865,394.831,394.831,394.831,473.798,236.899,157.933,710.696,157.933
111,26,157.933,157.933,157.933,473.798,157.933,552.764,315.865,315.865,236.899,236.899,394.831
111,27,157.933,78.9663,157.933,315.865,157.933,394.831,394.831,236.899,236.899,473.798,315.865
111,29,236.899,78.9663,78.9663,315.865,78.9663,236.899,157.933,394.831,236.899,157.933,473.798
111,30,236.899,157.933,78.9663,157.933,78.9663,157.933,157.933,157.933,315.865,78.9663,394.831
111,33,236.899,157.933,157.933,157.933,78.9663,78.9663,78.9663,78.9663,236.899,78.9663,394.831
112,1,1263.46,473.798,473.798,710.696,1263.46,1184.49,552.764,394.831,78.9663,157.933,78.9663
112,2,1895.19,631.73,1342.43,394.831,315.865,1342.43,1026.56,789.663,394.831,157.933,236.899
112,3,1184.49,1816.22,3237.62,473.798,947.595,552.764,1105.53,1184.49,868.629,236.899,473.798
112,4,947.595,1500.36,2053.12,789.663,2211.06,473.798,473.798,1026.56,789.663,236.899,868.629
112,5,947.595,552.764,868.629,710.696,1895.19,1737.26,394.831,315.865,315.865,394.831,710.696
112,6,710.696,552.764,947.595,789.663,552.764,1974.16,1421.39,552.764,157.933,710.696,394.831
112,7,394.831,394.831,631.73,631.73,1026.56,710.696,1658.29,1500.36,631.73,1105.53,1105.53
112,8,236.899,315.865,473.798,868.629,1579.33,473.798,631.73,1263.46,1026.56,789.663,2290.02
112,9,315.865,236.899,631.73,947.595,1105.53,1579.33,394.831,315.865,631.73,315.865,1816.22
112,10,315.865,236.899,710.696,552.764,710.696,1658.29,1184.49,552.764,157.933,315.865,394.831
112,12,394.831,473.798,631.73,236.899,315.865,789.663,1105.53,947.595,473.798,236.899,789.663
112,13,631.73,236.899,552.764,236.899,394.831,552.764,1026.56,552.764,315.865,236.899,473.798
112,14,552.764,236.899,552.764,236.899,394.831,473.798,710.696,552.764,473.798,473.798,315.865
112,15,868.629,473.798,631.73,236.899,315.865,394.831,473.798,631.73,789.663,394.831,473.798
112,16,868.629,631.73,552.764,236.899,315.865,394.831,315.865,631.73,552.764,157.933,473.798
112,17,631.73,631.73,1105.53,315.865,236.899,315.865,315.865,394.831,157.933,157.933,315.865
112,18,789.663,473.798,868.629,552.764,315.865,236.899,315.865,315.865,157.933,157.933,157.933
112,19,710.696,473.798,710.696,473.798,473.798,157.933,236.899,236.899,157.933,236.899,236.899
112,20,552.764,394.831,868.629,236.899,315.865,236.899,157.933,157.933,157.933,236.899,315.865
112,21,315.865,552.764,789.663,394.831,394.831,315.865,236.899,78.9663,236.899,473.798,157.933
112,22,315.865,473.798,710.696,315.865,552.764,236.899,236.899,157.933,157.933,552.764,157.933
112,24,157.933,394.831,552.764,473.798,473.798,473.798,394.831,157.933,236.899,473.798,157.933
112,25,157.933,236.899,315.865,315.865,394.831,552.764,473.798,157.933,394.831,868.629,157.933
112,28,236.899,157.933,157.933,236.899,157.933,315.865,394.831,157.933,394.831,236.899,157.933
112,30,236.899,157.933,157.933,157.933,78.9663,236.899,157.933,315.865,315.865,78.9663,315.865
112,31,236.899,236.899,157.933,157.933,78.9663,157.933,236.899,157.933,236.899,78.9663,315.865
113,0,552.764,236.899,473.798,394.831,789.663,157.933,157.933,157.933,394.831,394.831,78.9663
113,1,552.764,394.831,473.798,710.696,631.73,631.73,157.933,157.933,157.933,236.899,78.9663
113,2,1342.43,868.629,394.831,552.764,236.899,1026.56,473.798,473.798,236.899,236.899,78.9663
113,3,1105.53,868.629,1816.22,394.831,236.899,710.696,631.73,947.595,394.831,236.899,473.798
113,4,710.696,1421.39,2763.82,1105.53,947.595,157.933,394.831,868.629,394.831,236.899,1026.56
113,5,1026.56,1421.39,1895.19,868.629,2211.06,552.764,157.933,394.831,315.865,236.899,947.595
113,6,1026.56,1184.49,1263.46,710.696,1737.26,1342.43,394.831,157.933,157.933,236.899,394.831
113,7,552.764,1184.49,1342.43,789.663,868.629,1342.43,947.595,473.798,78.9663,315.865,315.865
113,8,315.865,789.663,1342.43,552.764,710.696,552.764,1026.56,789.663,315.865,552.764,1105.53
113,9,315.865,236.899,631.73,473.798,552.764,631.73,552.764,552.764,473.798,552.764,1421.39
113,10,473.798,236.899,552.764,552.764,394.831,947.595,631.73,157.933,315.865,473.798,710.696
113,11,473.798,315.865,631.73,315.865,473.798,710.696,710.696,394.831,236.899,552.764,157.933
113,12,552.764,473.798,473.798,315.865,789.663,631.73,394.831,552.764,552.764,473.798,473.798
113,13,868.629,473.798,315.865,315.865,710.696,710.696,552.764,315.865,631.73,236.899,552.764
113,14,1105.53,236.899,315.865,394.831,473.798,631.73,789.663,552.764,710.696,315.865,394.831
113,15,631.73,394.831,631.73,552.764,315.865,473.798,710.696,789.663,947.595,315.865,473.798
113,16,1105.53,394.831,552.764,552.764,315.865,315.865,394.831,394.831,552.764,236.899,552.764
113,17,1263.46,315.865,868.629,394.831,315.865,236.899,157.933,157.933,157.933,157.933,315.865
113,18,552.764,315.865,1105.53,315.865,394.831,236.899,157.933,157.933,315.865,236.899,78.9663
113,19,789.663,315.865,631.73,315.865,631.73,157.933,157.933,157.933,315.865,394.831,157.933
113,20,552.764,236.899,1184.49,315.865,473.798,236.899,236.899,236.899,394.831,236.899,236.899
113,21,394.831,394.831,1026.56,315.865,552.764,394.831,315.865,236.899,552.764,315.865,236.899
113,22,236.899,394.831,789.663,236.899,710.696,315.865,473.798,157.933,315.865,710.696,315.865
113,23,236.899,236.899,631.73,315.865,552.764,473.798,315.865,236.899,315.865,631.73,236.899
113,25,157.933,236.899,315.865,315.865,315.865,552.764,552.764,236.899,473.798,473.798,315.865
113,26,236.899,236.899,157.933,394.831,473.798,552.764,394.831,236.899,552.764,473.798,236.899
113,28,236.899,157.933,236.899,315.865,157.933,552.764,236.899,315.865,394.831,157.933,157.933
113,29,157.933,157.933,157.933,473.798,157.933,236.899,473.798,236.899,394.831,157.933,315.865
113,31,157.933,157.933,236.899,157.933,78.9663,236.899,236.899,236.899,315.865,78.9663,315.865
113,34,157.933,157.933,236.899,157.933,157.933,157.933,78.9663,78.9663,236.899,78.9663,236.899
114,0,394.831,473.798,236.899,315.865,236.899,157.933,315.865,473.798,473.798,315.865,157.933
114,1,473.798,236.899,552.764,394.831,157.933,236.899,157.933,157.933,394.831,315.865,157.933
114,2,1026.56,789.663,473.798,552.764,157.933,315.865,157.933,236.899,394.831,473.798,78.9663
114,3,868.629,1105.53,473.798,315.865,394.831,236.899,157.933,315.865,315.865,315.865,315.865
114,4,710.696,947.595,1500.36,473.798,315.865,157.933,157.933,315.865,157.933,157.933,710.696
114,5,631.73,947.595,1974.16,710.696,947.595,236.899,157.933,315.865,157.933,236.899,710.696
114,6,631.73,868.629,1500.36,789.663,1895.19,394.831,236.899,236.899,315.865,315.865,552.764
114,7,394.831,789.663,1500.36,947.595,1816.22,789.663,394.831,236.899,394.831,157.933,236.899
114,8,394.831,631.73,1579.33,1105.53,1816.22,1184.49,631.73,473.798,394.831,157.933,236.899
114,9,315.865,315.865,868.629,868.629,1816.22,1026.56,789.663,473.798,315.865,236.899,552.764
114,10,394.831,236.899,315.865,552.764,1105.53,1105.53,868.629,315.865,236.899,236.899,631.73
114,11,552.764,315.865,394.831,394.831,315.865,789.663,1105.53,236.899,157.933,236.899,394.831
114,13,710.696,789.663,394.831,552.764,394.831,394.831,473.798,552.764,236.899,473.798,552.764
114,14,947.595,473.798,394.831,1026.56,236.899,552.764,394.831,789.663,394.831,631.73,947.595
114,15,710.696,315.865,552.764,1816.22,315.865,394.831,473.798,789.663,473.798,631.73,1026.56
114,16,947.595,552.764,1026.56,1105.53,157.933,157.933,236.899,315.865,394.831,315.865,868.629
114,17,1184.49,473.798,631.73,394.831,473.798,157.933,236.899,236.899,315.865,236.899,394.831
114,18,631.73,394.831,868.629,473.798,473.798,236.899,315.865,473.798,789.663,315.865,157.933
114,19,394.831,473.798,1184.49,947.595,473.798,394.831,315.865,473.798,868.629,473.798,315.865
114,20,552.764,236.899,631.73,789.663,552.764,394.831,473.798,394.831,473.798,473.798,473.798
114,21,315.865,315.865,868.629,710.696,315.865,473.798,552.764,631.73,631.73,236.899,631.73
114,22,236.899,315.865,631.73,631.73,552.764,394.831,552.764,394.831,947.595,394.831,789.663
114,23,315.865,315.865,394.831,394.831,473.798,473.798,394.831,315.865,710.696,631.73,394.831
114,24,157.933,315.865,236.899,710.696,473.798,631.73,394.831,394.831,315.865,473.798,236.899
114,25,157.933,394.831,394.831,473.798,394.831,315.865,552.764,473.798,236.899,394.831,473.798
114,26,157.933,157.933,236.899,315.865,394.831,473.798,315.865,315.865,473.798,236.899,473.798
114,27,157.933,236.899,236.899,710.696,473.798,236.899,315.865,315.865,473.798,315.865,394.831
114,28,157.933,157.933,236.899,394.831,157.933,473.798,236.899,473.798,315.865,315.865,236.899
114,29,78.9663,157.933,236.899,315.865,236.899,473.798,394.831,236.899,315.865,157.933,394.831
114,30,78.9663,157.933,157.933,315.865,157.933,157.933,394.831,473.798,394.831,157.933,473.798
114,31,78.9663,157.933,236.899,157.933,78.9663,394.831,157.933,394.831,315.865,157.933,315.865
114,32,157.933,157.933,157.933,157.933,157.933,236.899,315.865,157.933,157.933,78.9663,394.831
115,0,315.865,789.663,394.831,631.73,78.9663,236.899,315.865,552.764,236.899,236.899,236.899
115,1,315.865,710.696,394.831,315.865,157.933,236.899,394.831,473.798,473.798,394.831,315.865
115,2,947.595,315.865,394.831,315.865,157.933,157.933,315.865,473.798,789.663,552.764,236.899
115,3,947.595,552.764,631.73,473.798,394.831,157.933,157.933,236.899,631.73,473.798,394.831
115,4,1026.56,789.663,789.663,473.798,631.73,236.899,157.933,78.9663,236.899,236.899,394.831
115,5,1105.53,1342.43,710.696,552.764,631.73,394.831,315.865,236.899,157.933,157.933,315.865
115,6,631.73,2132.09,552.764,789.663,710.696,552.764,473.798,394.831,394.831,236.899,473.798
115,7,394.831,1263.46,631.73,1500.36,631.73,473.798,631.73,473.798,552.764,236.899,552.764
115,8,473.798,789.663,473.798,2132.09,789.663,552.764,394.831,631.73,394.831,315.865,394.831
115,9,552.764,631.73,552.764,2132.09,1105.53,552.764,394.831,473.798,236.899,315.865,473.798
115,10,473.798,394.831,394.831,1737.26,1026.56,789.663,631.73,236.899,315.865,315.865,473.798
115,11,473.798,552.764,236.899,1184.49,394.831,789.663,868.629,473.798,868.629,157.933,315.865
115,12,552.764,473.798,315.865,789.663,236.899,473.798,789.663,473.798,1105.53,236.899,236.899
115,13,1026.56,394.831,552.764,1105.53,236.899,157.933,394.831,315.865,789.663,552.764,236.899
115,14,1342.43,710.696,868.629,789.663,473.798,236.899,236.899,236.899,315.865,1026.56,473.798
115,15,631.73,789.663,868.629,789.663,789.663,236.899,315.865,315.865,236.899,947.595,631.73
115,16,1026.56,552.764,710.696,789.663,473.798,789.663,473.798,315.865,315.865,394.831,631.73
115,17,868.629,631.73,710.696,552.764,236.899,947.595,1026.56,552.764,473.798,473.798,394.831
115,18,631.73,1263.46,947.595,394.831,552.764,394.831,1184.49,1184.49,1105.53,868.629,315.865
115,19,315.865,710.696,1342.43,789.663,947.595,473.798,394.831,1184.49,1579.33,868.629,710.696
115,20,473.798,394.831,789.663,1342.43,631.73,868.629,394.831,473.798,868.629,710.696,868.629
115,21,552.764,315.865,394.831,789.663,315.865,789.663,710.696,710.696,315.865,394.831,552.764
115,22,236.899,552.764,631.73,631.73,236.899,394.831,947.595,1184.49,710.696,394.831,947.595
115,23,315.865,552.764,552.764,394.831,315.865,315.865,552.764,789.663,1026.56,473.798,1105.53
115,24,236.899,315.865,236.899,789.663,315.865,394.831,236.899,236.899,789.663,552.764,552.764
115,25,157.933,552.764,473.798,868.629,315.865,236.899,394.831,394.831,473.798,473.798,236.899
115,27,157.933,236.899,236.899,631.73,552.764,236.899,394.831,394.831,631.73,236.899,473.798
115,28,78.9663,157.933,236.899,473.798,236.899,315.865,236.899,473.798,868.629,315.865,315.865
115,29,78.9663,157.933,236.899,236.899,157.933,473.798,315.865,315.865,394.831,157.933,315.865
115,31,78.9663,157.933,157.933,157.933,157.933,236.899,157.933,473.798,394.831,157.933,394.831
115,32,78.9663,78.9663,78.9663,157.933,78.9663,315.865,157.933,157.933,157.933,78.9663,394.831
116,0,394.831,394.831,789.663,394.831,236.899,473.798,236.899,157.933,157.933,157.933,157.933
116,1,315.865,552.764,789.663,236.899,236.899,552.764,552.764,394.831,157.933,315.865,236.899
116,2,473.798,236.899,236.899,236.899,552.764,236.899,631.73,710.696,552.764,473.798,473.798
116,3,947.595,315.865,315.865,315.865,473.798,236.899,157.933,473.798,473.798,473.798,868.629
116,4,868.629,315.865,789.663,631.73,394.831,473.798,236.899,157.933,236.899,236.899,710.696
116,5,1421.39,710.696,868.629,789.663,552.764,473.798,394.831,236.899,157.933,236.899,157.933
116,6,1026.56,1263.46,1105.53,631.73,631.73,552.764,394.831,552.764,236.899,236.899,236.899
116,7,394.831,1421.39,1105.53,789.663,1026.56,473.798,394.831,473.798,236.899,157.933,552.764
116,8,473.798,710.696,552.764,1263.46,1500.36,394.831,315.865,394.831,157.933,236.899,552.764
116,9,789.663,552.764,473.798,1816.22,1184.49,1105.53,552.764,236.899,157.933,473.798,473.798
116,10,868.629,552.764,789.663,1263.46,947.595,2053.12,1342.43,631.73,473.798,473.798,157.933
116,11,710.696,631.73,631.73,1026.56,868.629,1737.26,1737.26,1579.33,1026.56,315.865,315.865
116,12,552.764,552.764,552.764,947.595,552.764,1105.53,1342.43,1895.19,1184.49,236.899,710.696
116,13,789.663,394.831,552.764,1421.39,473.798,631.73,947.595,1342.43,710.696,236.899,868.629
116,14,1816.22,631.73,1026.56,1421.39,631.73,394.831,710.696,710.696,315.865,710.696,552.764
116,15,1263.46,947.595,2053.12,631.73,1026.56,631.73,631.73,315.865,394.831,1263.46,236.899
116,16,552.764,1026.56,1816.22,710.696,1579.33,1184.49,868.629,473.798,552.764,1026.56,157.933
116,17,631.73,552.764,631.73,710.696,1342.43,1500.36,1263.46,710.696,631.73,631.73,236.899
116,18,710.696,1184.49,868.629,631.73,473.798,1026.56,1500.36,1342.43,710.696,947.595,394.831
116,19,552.764,1342.43,1263.46,473.798,789.663,394.831,1184.49,1658.29,1105.53,1184.49,947.595
116,20,394.831,710.696,789.663,710.696,1342.43,394.831,473.798,631.73,1105.53,1184.49,1184.49
116,21,710.696,394.831,394.831,868.629,868.629,1026.56,394.831,236.899,631.73,947.595,631.73
116,22,394.831,631.73,631.73,868.629,315.865,1105.53,947.595,631.73,315.865,710.696,394.831
116,23,236.899,710.696,868.629,552.764,394.831,473.798,1342.43,1105.53,394.831,552.764,1026.56
116,24,236.899,315.865,473.798,631.73,631.73,315.865,789.663,868.629,710.696,710.696,1105.53
116,25,157.933,473.798,236.899,947.595,552.764,473.798,315.865,394.831,947.595,552.764,552.764
116,26,157.933,157.933,315.865,552.764,236.899,631.73,710.696,394.831,552.764,315.865,236.899
116,28,78.9663,78.9663,157.933,710.696,315.865,236.899,394.831,868.629,1026.56,315.865,473.798
116,29,78.9663,157.933,236.899,315.865,157.933,394.831,236.899,394.831,631.73,157.933,631.73
116,32,78.9663,78.9663,78.9663,157.933,78.9663,236.899,78.9663,157.933,236.899,78.9663,473.798
117,0,315.865,473.798,394.831,157.933,394.831,315.865,78.9663,78.9663,157.933,78.9663,157.933
117,1,394.831,552.764,315.865,157.933,236.899,552.764,315.865,157.933,78.9663,236.899,78.9663
117,3,473.798,315.865,157.933,394.831,315.865,157.933,157.933,315.865,236.899,315.865,710.696
117,4,552.764,394.831,394.831,473.798,157.933,394.831,157.933,157.933,157.933,236.899,710.696
117,5,1026.56,552.764,789.663,552.764,236.899,315.865,157.933,157.933,157.933,236.899,236.899
117,6,947.595,1263.46,868.629,473.798,394.831,157.933,157.933,236.899,157.933,315.865,157.933
117,7,552.764,3000.72,1105.53,710.696,710.696,236.899,157.933,157.933,157.933,157.933,315.865
117,8,315.865,1974.16,1421.39,1816.22,710.696,394.831,236.899,157.933,315.865,157.933,315.865
117,9,552.764,552.764,789.663,2921.75,631.73,868.629,473.798,236.899,394.831,236.899,157.933
117,10,710.696,552.764,947.595,2368.99,552.764,1026.56,631.73,473.798,315.865,315.865,157.933
117,11,710.696,868.629,1421.39,1342.43,552.764,789.663,631.73,868.629,394.831,552.764,552.764
117,12,789.663,947.595,1421.39,1026.56,1184.49,552.764,631.73,789.663,631.73,710.696,1263.46
117,13,552.764,631.73,1105.53,1342.43,1263.46,710.696,394.831,552.764,789.663,394.831,1342.43
117,14,710.696,789.663,631.73,1342.43,710.696,1026.56,552.764,315.865,789.663,394.831,868.629
117,15,1026.56,789.663,1026.56,710.696,394.831,1026.56,1184.49,473.798,552.764,1184.49,315.865
117,16,631.73,868.629,2211.06,1105.53,868.629,710.696,1026.56,789.663,552.764,1816.22,236.899
117,17,473.798,868.629,1816.22,1500.36,1579.33,789.663,631.73,710.696,631.73,1342.43,315.865
117,18,868.629,631.73,710.696,868.629,1421.39,1105.53,631.73,552.764,473.798,631.73,315.865
117,19,1105.53,1026.56,789.663,552.764,552.764,947.595,947.595,710.696,236.899,473.798,473.798
117,20,552.764,710.696,1026.56,789.663,947.595,552.764,1026.56,789.663,631.73,631.73,789.663
117,21,552.764,394.831,710.696,1579.33,1500.36,552.764,710.696,394.831,1105.53,868.629,710.696
117,22,315.865,394.831,473.798,1579.33,868.629,1421.39,473.798,236.899,789.663,710.696,394.831
117,23,236.899,631.73,789.663,789.663,473.798,1421.39,1184.49,394.831,236.899,552.764,315.865
117,25,236.899,315.865,236.899,947.595,868.629,631.73,710.696,1026.56,947.595,789.663,868.629
117,26,236.899,157.933,236.899,631.73,315.865,1105.53,631.73,394.831,868.629,394.831,710.696
117,29,157.933,157.933,236.899,315.865,78.9663,394.831,236.899,473.798,473.798,78.9663,947.595
117,30,78.9663,157.933,157.933,236.899,157.933,236.899,315.865,315.865,236.899,78.9663,552.764
117,32,78.9663,78.9663,157.933,78.9663,157.933,157.933,78.9663,236.899,236.899,78.9663,394.831
118,3,315.865,394.831,236.899,552.764,394.831,157.933,157.933,236.899,315.865,394.831,315.865
118,4,394.831,552.764,473.798,473.798,157.933,236.899,315.865,157.933,473.798,394.831,394.831
118,5,947.595,631.73,473.798,473.798,473.798,157.933,315.865,157.933,315.865,394.831,315.865
118,6,1342.43,631.73,552.764,473.798,552.764,236.899,157.933,157.933,157.933,157.933,236.899
118,7,1026.56,1263.46,1026.56,394.831,473.798,394.831,315.865,236.899,157.933,157.933,157.933
118,8,710.696,1342.43,1421.39,631.73,789.663,394.831,631.73,631.73,473.798,236.899,157.933
118,9,552.764,868.629,710.696,1105.53,1658.29,394.831,394.831,631.73,789.663,157.933,236.899
118,10,552.764,552.764,394.831,1421.39,1342.43,868.629,394.831,315.865,473.798,236.899,236.899
118,11,473.798,868.629,868.629,1421.39,394.831,1658.29,1026.56,473.798,552.764,394.831,315.865
118,12,631.73,1105.53,1105.53,1263.46,1105.53,1105.53,1658.29,1026.56,868.629,473.798,552.764
118,13,631.73,789.663,947.595,1500.36,1816.22,394.831,868.629,1421.39,947.595,315.865,710.696
118,14,473.798,315.865,789.663,1816.22,1184.49,1263.46,394.831,1026.56,789.663,157.933,631.73
118,15,552.764,631.73,473.798,1263.46,552.764,1500.36,1263.46,394.831,473.798,552.764,552.764
118,16,552.764,947.595,789.663,710.696,473.798,552.764,1184.49,552.764,315.865,1184.49,552.764
118,17,473.798,868.629,1263.46,1421.39,710.696,236.899,473.798,552.764,315.865,1184.49,552.764
118,18,631.73,473.798,868.629,2132.09,1184.49,710.696,236.899,315.865,236.899,710.696,394.831
118,19,868.629,552.764,552.764,1263.46,868.629,1026.56,710.696,315.865,157.933,236.899,236.899
118,21,473.798,552.764,1342.43,1342.43,947.595,394.831,868.629,1105.53,1026.56,473.798,473.798
118,22,315.865,394.831,789.663,1342.43,1263.46,473.798,394.831,552.764,868.629,552.764,789.663
118,23,236.899,552.764,710.696,631.73,710.696,1421.39,473.798,236.899,473.798,394.831,552.764
118,25,236.899,394.831,157.933,473.798,631.73,552.764,1026.56,1342.43,710.696,868.629,710.696
118,26,236.899,236.899,157.933,473.798,315.865,868.629,473.798,789.663,710.696,473.798,1105.53
118,27,236.899,157.933,236.899,394.831,315.865,710.696,631.73,315.865,394.831,315.865,631.73
118,29,157.933,157.933,315.865,315.865,78.9663,394.831,315.865,394.831,236.899,78.9663,631.73
118,30,157.933,157.933,236.899,236.899,157.933,236.899,394.831,236.899,236.899,78.9663,552.764
118,32,78.9663,78.9663,157.933,78.9663,157.933,236.899,78.9663,236.899,157.933,78.9663,394.831
119,0,394.831,631.73,631.73,157.933,157.933,236.899,157.933,78.9663,157.933,78.9663,157.933
119,2,315.865,315.865,710.696,868.629,789.663,157.933,157.933,394.831,394.831,394.831,157.933
119,3,789.663,315.865,236.899,868.629,710.696,315.865,236.899,473.798,473.798,552.764,315.865
119,4,789.663,236.899,315.865,552.764,236.899,473.798,473.798,473.798,868.629,789.663,473.798
119,5,868.629,394.831,315.865,473.798,552.764,315.865,631.73,315.865,868.629,631.73,710.696
119,6,1579.33,552.764,394.831,552.764,631.73,394.831,315.865,236.899,473.798,236.899,552.764
119,7,1737.26,1421.39,1184.49,631.73,394.831,710.696,473.798,236.899,315.865,315.865,157.933
119,8,1500.36,1816.22,1737.26,789.663,789.663,552.764,710.696,789.663,394.831,315.865,236.899
119,9,1184.49,1658.29,1105.53,1737.26,1342.43,394.831,473.798,947.595,552.764,236.899,473.798
119,10,1105.53,1579.33,473.798,1737.26,947.595,947.595,552.764,631.73,710.696,552.764,552.764
119,11,789.663,1026.56,473.798,1026.56,394.831,1342.43,868.629,710.696,868.629,710.696,394.831
119,12,789.663,947.595,552.764,1105.53,394.831,789.663,868.629,947.595,710.696,710.696,631.73
119,13,789.663,868.629,473.798,1500.36,710.696,315.865,552.764,947.595,868.629,394.831,1026.56
119,14,789.663,552.764,473.798,1658.29,789.663,710.696,394.831,710.696,1026.56,315.865,1105.53
119,15,789.663,315.865,473.798,1895.19,473.798,947.595,473.798,473.798,868.629,315.865,868.629
119,16,552.764,710.696,315.865,1579.33,315.865,631.73,631.73,394.831,552.764,315.865,552.764
119,17,552.764,1026.56,394.831,710.696,473.798,315.865,552.764,315.865,394.831,394.831,315.865
119,18,710.696,552.764,473.798,1342.43,631.73,552.764,315.865,394.831,315.865,315.865,236.899
119,19,710.696,394.831,473.798,1974.16,710.696,1105.53,394.831,236.899,315.865,315.865,157.933
119,22,315.865,473.798,947.595,947.595,947.595,315.865,473.798,868.629,552.764,552.764,868.629
119,23,236.899,552.764,631.73,868.629,789.663,710.696,394.831,552.764,552.764,315.865,789.663
119,24,157.933,394.831,473.798,473.798,473.798,947.595,552.764,710.696,710.696,552.764,315.865
119,25,236.899,315.865,236.899,315.865,552.764,473.798,631.73,947.595,552.764,710.696,394.831
119,26,236.899,157.933,157.933,315.865,394.831,394.831,394.831,552.764,394.831,394.831,789.663
119,27,236.899,157.933,157.933,394.831,315.865,473.798,315.865,236.899,315.865,315.865,789.663
119,28,157.933,157.933,157.933,394.831,236.899,315.865,315.865,315.865,473.798,236.899,394.831
119,29,236.899,157.933,236.899,236.899,78.9663,394.831,236.899,236.899,315.865,78.9663,315.865
119,30,157.933,157.933,236.899,157.933,78.9663,236.899,315.865,236.899,236.899,157.933,315.865
119,32,157.933,78.9663,157.933,157.933,157.933,157.933,78.9663,157.933,157.933,157.933,394.831
120,0,473.798,552.764,394.831,157.933,157.933,236.899,315.865,236.899,394.831,157.933,157.933
120,1,631.73,552.764,552.764,157.933,315.865,157.933,315.865,315.865,473.798,236.899,78.9663
120,2,473.798,631.73,552.764,315.865,552.764,236.899,236.899,315.865,394.831,315.865,236.899
120,3,789.663,552.764,394.831,552.764,473.798,394.831,394.831,394.831,394.831,710.696,236.899
120,4,947.595,552.764,394.831,789.663,473.798,631.73,631.73,789.663,947.595,1026.56,473.798
120,5,631.73,1105.53,710.696,552.764,394.831,552.764,789.663,710.696,1105.53,868.629,1105.53
120,6,868.629,789.663,710.696,631.73,236.899,710.696,868.629,631.73,710.696,473.798,947.595
120,7,1421.39,552.764,1026.56,1500.36,315.865,710.696,1026.56,710.696,789.663,631.73,394.831
120,8,2053.12,1026.56,2053.12,868.629,631.73,394.831,552.764,868.629,947.595,631.73,236.899
120,9,1974.16,1974.16,1895.19,710.696,1737.26,473.798,394.831,631.73,473.798,236.899,315.865
120,10,2526.92,2132.09,1421.39,868.629,1737.26,868.629,552.764,789.663,394.831,394.831,473.798
120,11,2447.95,1737.26,1105.53,868.629,1105.53,1500.36,947.595,710.696,868.629,947.595,631.73
120,12,1974.16,1500.36,1026.56,1026.56,947.595,1184.49,1579.33,789.663,631.73,1184.49,1026.56
120,13,1342.43,947.595,1026.56,1816.22,710.696,710.696,1263.46,1816.22,1579.33,868.629,789.663
120,14,1421.39,947.595,1105.53,2368.99,868.629,631.73,1105.53,1816.22,2211.06,1105.53,789.663
120,15,1500.36,947.595,789.663,1658.29,868.629,631.73,868.629,1184.49,1658.29,1184.49,1342.43
120,16,1026.56,947.595,710.696,1658.29,552.764,789.663,710.696,631.73,1184.49,631.73,1184.49
120,17,631.73,631.73,789.663,1342.43,315.865,710.696,710.696,552.764,789.663,394.831,710.696
120,18,631.73,473.798,552.764,947.595,473.798,315.865,710.696,710.696,473.798,394.831,394.831
120,19,789.663,473.798,473.798,789.663,552.764,394.831,315.865,552.764,394.831,394.831,236.899
120,20,789.663,552.764,552.764,868.629,552.764,710.696,315.865,236.899,315.865,315.865,157.933
120,21,394.831,473.798,789.663,552.764,315.865,789.663,552.764,394.831,157.933,473.798,236.899
120,22,315.865,473.798,789.663,868.629,315.865,552.764,552.764,710.696,315.865,631.73,473.798
120,23,236.899,473.798,473.798,1026.56,394.831,394.831,552.764,710.696,236.899,394.831,631.73
120,24,236.899,394.831,394.831,868.629,473.798,315.865,394.831,552.764,315.865,473.798,552.764
120,25,236.899,236.899,236.899,710.696,473.798,315.865,315.865,394.831,394.831,473.798,552.764
120,26,157.933,157.933,157.933,710.696,394.831,315.865,394.831,394.831,315.865,315.865,473.798
120,27,157.933,157.933,236.899,552.764,236.899,315.865,394.831,473.798,552.764,394.831,394.831
120,28,157.933,157.933,315.865,552.764,157.933,236.899,236.899,473.798,710.696,315.865,394.831
120,29,157.933,236.899,236.899,236.899,157.933,236.899,236.899,315.865,394.831,157.933,473.798
120,31,157.933,157.933,157.933,157.933,78.9663,78.9663,157.933,315.865,394.831,157.933,315.865
120,32,78.9663,157.933,157.933,236.899,78.9663,78.9663,78.9663,157.933,157.933,157.933,473.798
121,1,631.73,394.831,710.696,552.764,473.798,236.899,394.831,710.696,710.696,157.933,236.899
121,2,789.663,710.696,789.663,473.798,631.73,315.865,315.865,473.798,473.798,157.933,394.831
121,3,631.73,710.696,1105.53,394.831,710.696,631.73,473.798,315.865,236.899,394.831,315.865
121,4,710.696,394.831,710.696,473.798,1105.53,789.663,631.73,710.696,631.73,868.629,315.865
121,5,868.629,552.764,710.696,473.798,789.663,947.595,631.73,631.73,710.696,789.663,947.595
121,6,631.73,631.73,1026.56,394.831,394.831,1342.43,1026.56,631.73,315.865,394.831,1026.56
121,7,1026.56,552.764,631.73,868.629,710.696,631.73,1263.46,947.595,473.798,552.764,631.73
121,8,2447.95,552.764,1026.56,710.696,473.798,473.798,473.798,1026.56,710.696,631.73,631.73
121,9,2290.02,1105.53,1737.26,394.831,868.629,631.73,473.798,394.831,394.831,315.865,631.73
121,10,3474.52,1895.19,2526.92,473.798,1658.29,552.764,710.696,789.663,394.831,236.899,315.865
121,11,3790.38,1895.19,2132.09,552.764,1974.16,1500.36,552.764,947.595,947.595,394.831,473.798
121,12,3395.55,2526.92,2605.89,789.663,1816.22,1737.26,1263.46,552.764,473.798,631.73,947.595
121,13,2605.89,2053.12,2368.99,1105.53,1184.49,1816.22,1658.29,1816.22,710.696,1105.53,710.696
121,14,1500.36,1895.19,2053.12,1658.29,1026.56,1579.33,1974.16,2053.12,1500.36,2290.02,1816.22
121,15,1263.46,1263.46,1816.22,1500.36,947.595,868.629,1500.36,1816.22,1895.19,2290.02,3237.62
121,16,1184.49,1342.43,1737.26,1658.29,1184.49,631.73,868.629,1342.43,1500.36,1263.46,2526.92
121,17,1026.56,947.595,2368.99,1263.46,947.595,710.696,631.73,789.663,947.595,868.629,1342.43
121,18,868.629,710.696,1263.46,1421.39,1263.46,868.629,631.73,473.798,789.663,631.73,710.696
121,19,868.629,631.73,552.764,947.595,789.663,473.798,710.696,394.831,236.899,631.73,315.865
121,20,789.663,552.764,552.764,552.764,315.865,631.73,552.764,394.831,236.899,473.798,236.899
121,21,552.764,789.663,710.696,473.798,315.865,473.798,868.629,236.899,236.899,631.73,315.865
121,22,394.831,710.696,947.595,552.764,394.831,473.798,473.798,394.831,315.865,789.663,236.899
121,23,394.831,710.696,710.696,710.696,552.764,315.865,315.865,236.899,315.865,631.73,236.899
121,24,315.865,473.798,315.865,868.629,710.696,394.831,394.831,315.865,236.899,473.798,236.899
121,25,315.865,236.899,315.865,947.595,394.831,552.764,473.798,315.865,315.865,394.831,394.831
121,26,236.899,157.933,394.831,1184.49,315.865,631.73,789.663,473.798,473.798,315.865,394.831
121,27,157.933,157.933,315.865,631.73,236.899,394.831,789.663,789.663,710.696,473.798,315.865
121,28,157.933,157.933,394.831,473.798,157.933,315.865,394.831,710.696,789.663,394.831,631.73
121,29,157.933,157.933,236.899,315.865,236.899,236.899,315.865,394.831,473.798,157.933,868.629
121,31,157.933,157.933,157.933,157.933,157.933,157.933,157.933,394.831,394.831,157.933,315.865
121,32,157.933,78.9663,157.933,157.933,157.933,157.933,236.899,236.899,236.899,157.933,473.798
122,0,473.798,315.865,236.899,394.831,552.764,236.899,315.865,394.831,236.899,710.696,236.899
122,1,631.73,315.865,552.764,710.696,315.865,236.899,236.899,631.73,473.798,552.764,315.865
122,2,710.696,868.629,473.798,473.798,315.865,394.831,394.831,394.831,473.798,315.865,552.764
122,3,710.696,789.663,710.696,473.798,315.865,315.865,552.764,236.899,236.899,157.933,394.831
122,5,631.73,394.831,631.73,631.73,868.629,394.831,236.899,315.865,315.865,473.798,631.73
122,6,1816.22,710.696,1026.56,394.831,473.798,710.696,315.865,236.899,157.933,236.899,710.696
122,7,1500.36,631.73,1105.53,315.865,868.629,473.798,552.764,394.831,315.865,236.899,394.831
122,8,1342.43,1105.53,710.696,394.831,1026.56,473.798,315.865,473.798,473.798,394.831,710.696
122,9,1184.49,710.696,1263.46,473.798,552.764,1026.56,552.764,236.899,236.899,236.899,789.663
122,10,1579.33,1263.46,3395.55,631.73,947.595,631.73,1105.53,947.595,394.831,236.899,315.865
122,11,2290.02,1263.46,3158.65,631.73,2053.12,631.73,710.696,1342.43,947.595,236.899,473.798
122,12,3000.72,2053.12,3790.38,710.696,2526.92,1421.39,552.764,552.764,631.73,552.764,868.629
122,13,2605.89,1895.19,4422.11,947.595,2053.12,2132.09,1579.33,710.696,394.831,1184.49,473.798
122,14,2132.09,2211.06,3158.65,947.595,2605.89,1737.26,2132.09,1342.43,1026.56,2132.09,947.595
122,15,1421.39,1895.19,2684.85,1105.53,1658.29,1421.39,1579.33,1737.26,1500.36,2211.06,1895.19
122,16,1263.46,1500.36,1421.39,1263.46,1737.26,1500.36,1816.22,1342.43,1263.46,1658.29,1737.26
122,17,1658.29,947.595,1500.36,1263.46,1105.53,789.663,1658.29,1658.29,1579.33,1421.39,1184.49
122,18,1500.36,710.696,1105.53,1263.46,1342.43,947.595,789.663,1421.39,1974.16,868.629,789.663
122,19,1184.49,789.663,947.595,1184.49,1184.49,710.696,789.663,394.831,868.629,789.663,552.764
122,20,1026.56,1105.53,1026.56,1026.56,631.73,1263.46,552.764,394.831,394.831,631.73,236.899
122,21,789.663,1105.53,1105.53,710.696,631.73,710.696,1026.56,315.865,394.831,631.73,236.899
122,22,631.73,1421.39,1026.56,710.696,789.663,315.865,552.764,552.764,315.865,710.696,157.933
122,23,552.764,868.629,868.629,631.73,1026.56,473.798,394.831,315.865,315.865,552.764,236.899
122,24,473.798,552.764,552.764,789.663,1026.56,631.73,552.764,315.865,631.73,552.764,394.831
122,25,315.865,236.899,473.798,868.629,631.73,947.595,710.696,473.798,552.764,552.764,394.831
122,26,315.865,236.899,473.798,868.629,394.831,947.595,947.595,552.764,552.764,394.831,394.831
122,27,236.899,236.899,394.831,631.73,315.865,552.764,947.595,789.663,789.663,552.764,473.798
122,28,157.933,157.933,473.798,394.831,236.899,394.831,552.764,789.663,710.696,315.865,789.663
122,29,157.933,157.933,236.899,315.865,236.899,394.831,315.865,394.831,473.798,236.899,947.595
122,30,157.933,78.9663,236.899,157.933,315.865,236.899,394.831,473.798,315.865,236.899,552.764
122,32,157.933,78.9663,157.933,236.899,157.933,315.865,315.865,236.899,236.899,157.933,394.831
123,1,710.696,315.865,394.831,315.865,631.73,473.798,394.831,236.899,236.899,789.663,236.899
123,2,473.798,394.831,394.831,315.865,315.865,789.663,552.764,315.865,473.798,473.798,473.798
123,3,710.696,631.73,631.73,552.764,473.798,394.831,631.73,315.865,394.831,157.933,394.831
123,5,631.73,473.798,947.595,473.798,789.663,473.798,394.831,236.899,157.933,236.899,315.865
123,6,1579.33,394.831,789.663,473.798,473.798,552.764,552.764,394.831,157.933,236.899,315.865
123,7,1974.16,631.73,789.663,631.73,631.73,394.831,552.764,868.629,394.831,157.933,157.933
123,8,1263.46,2132.09,1579.33,394.831,947.595,394.831,394.831,552.764,552.764,157.933,631.73
123,9,710.696,1658.29,1895.19,473.798,710.696,947.595,394.831,236.899,236.899,236.899,710.696
123,10,947.595,789.663,1342.43,1026.56,1026.56,1026.56,947.595,552.764,157.933,315.865,236.899
123,11,1500.36,552.764,1658.29,1263.46,1263.46,631.73,947.595,1026.56,552.764,552.764,315.865
123,12,2211.06,631.73,1737.26,631.73,1816.22,947.595,631.73,710.696,868.629,631.73,868.629
123,13,1658.29,1263.46,2526.92,631.73,1816.22,1579.33,1105.53,473.798,710.696,552.764,631.73
123,14,1579.33,1737.26,3158.65,631.73,2368.99,1895.19,1342.43,789.663,868.629,710.696,394.831
123,15,1895.19,1579.33,2921.75,789.663,1895.19,2132.09,1421.39,1026.56,868.629,1263.46,947.595
123,16,1658.29,1658.29,1974.16,947.595,1895.19,2447.95,1895.19,1500.36,868.629,1421.39,1342.43
123,17,1737.26,1421.39,1105.53,1184.49,1421.39,1342.43,2053.12,2526.92,1342.43,1105.53,1263.46
123,18,1421.39,947.595,868.629,1579.33,947.595,1105.53,1263.46,1974.16,1579.33,1184.49,1421.39
123,19,1421.39,947.595,1500.36,2290.02,631.73,710.696,947.595,789.663,1026.56,1105.53,1816.22
123,20,1105.53,1105.53,1579.33,1737.26,710.696,710.696,789.663,789.663,631.73,710.696,947.595
123,21,1026.56,1263.46,1500.36,1342.43,868.629,552.764,631.73,552.764,710.696,552.764,315.865
123,22,868.629,1500.36,1105.53,947.595,947.595,710.696,631.73,394.831,552.764,552.764,394.831
123,23,710.696,947.595,1105.53,947.595,1105.53,710.696,868.629,552.764,552.764,552.764,236.899
123,24,552.764,710.696,789.663,1184.49,1105.53,710.696,710.696,789.663,1026.56,710.696,236.899
123,25,394.831,315.865,631.73,1026.56,947.595,868.629,631.73,552.764,710.696,552.764,473.798
123,26,315.865,157.933,552.764,789.663,552.764,868.629,710.696,552.764,473.798,394.831,552.764
123,27,236.899,236.899,394.831,710.696,394.831,710.696,789.663,552.764,631.73,473.798,473.798
123,28,236.899,157.933,394.831,315.865,236.899,394.831,710.696,631.73,552.764,236.899,710.696
123,29,157.933,157.933,236.899,236.899,236.899,473.798,394.831,473.798,631.73,236.899,631.73
123,30,157.933,157.933,157.933,157.933,315.865,236.899,394.831,473.798,552.764,315.865,473.798
123,31,157.933,78.9663,157.933,157.933,157.933,236.899,236.899,473.798,315.865,315.865,315.865
123,32,157.933,157.933,157.933,236.899,157.933,315.865,236.899,236.899,236.899,236.899,473.798
124,0,473.798,236.899,473.798,631.73,315.865,473.798,394.831,315.865,315.865,236.899,157.933
124,1,631.73,315.865,552.764,315.865,394.831,394.831,710.696,236.899,236.899,394.831,236.899
124,2,473.798,236.899,394.831,315.865,315.865,394.831,394.831,473.798,473.798,315.865,315.865
124,3,631.73,473.798,868.629,631.73,315.865,315.865,315.865,473.798,394.831,236.899,315.865
124,4,1184.49,710.696,552.764,473.798,710.696,315.865,315.865,236.899,157.933,157.933,236.899
124,5,1342.43,789.663,552.764,315.865,789.663,631.73,236.899,157.933,157.933,157.933,157.933
124,6,1105.53,789.663,789.663,789.663,315.865,868.629,552.764,236.899,157.933,236.899,157.933
124,7,1026.56,1105.53,868.629,1263.46,315.865,473.798,631.73,552.764,157.933,157.933,157.933
124,8,789.663,1342.43,1658.29,789.663,552.764,236.899,236.899,552.764,236.899,157.933,552.764
124,9,710.696,1026.56,2842.79,552.764,868.629,394.831,236.899,236.899,315.865,157.933,631.73
124,10,947.595,631.73,1579.33,947.595,2290.02,631.73,473.798,236.899,315.865,473.798,236.899
124,11,789.663,473.798,789.663,1184.49,2211.06,868.629,631.73,473.798,315.865,1026.56,157.933
124,12,789.663,394.831,1105.53,710.696,868.629,1579.33,1184.49,552.764,789.663,1342.43,473.798
124,13,789.663,631.73,1658.29,473.798,710.696,1184.49,1974.16,947.595,1105.53,1105.53,710.696
124,14,947.595,1342.43,2526.92,394.831,1026.56,868.629,1342.43,1342.43,1500.36,552.764,631.73
124,15,1342.43,1342.43,2211.06,552.764,1579.33,1184.49,710.696,947.595,1263.46,868.629,710.696
124,16,1421.39,868.629,1895.19,789.663,1658.29,1658.29,868.629,868.629,552.764,1342.43,789.663
124,17,1184.49,1184.49,1421.39,947.595,1658.29,1579.33,1342.43,1184.49,394.831,1026.56,947.595
124,18,947.595,868.629,1342.43,868.629,1342.43,1263.46,1342.43,1105.53,631.73,1184.49,1579.33
124,19,947.595,868.629,1737.26,1105.53,631.73,1184.49,1184.49,947.595,710.696,947.595,1895.19
124,20,710.696,1026.56,1658.29,1105.53,552.764,947.595,1105.53,868.629,552.764,552.764,1026.56
124,21,631.73,1026.56,1579.33,1184.49,631.73,710.696,789.663,947.595,631.73,473.798,552.764
124,22,631.73,1105.53,1263.46,947.595,789.663,868.629,631.73,710.696,394.831,552.764,552.764
124,23,710.696,947.595,1105.53,710.696,868.629,710.696,710.696,868.629,394.831,631.73,394.831
124,24,473.798,789.663,1026.56,868.629,947.595,631.73,552.764,947.595,552.764,710.696,473.798
124,25,315.865,473.798,789.663,789.663,1105.53,710.696,552.764,631.73,394.831,473.798,789.663
124,26,236.899,236.899,631.73,1026.56,710.696,789.663,631.73,631.73,552.764,315.865,710.696
124,27,157.933,236.899,473.798,868.629,473.798,947.595,789.663,552.764,789.663,473.798,473.798
124,28,236.899,157.933,394.831,315.865,236.899,552.764,947.595,789.663,552.764,236.899,710.696
124,29,157.933,157.933,236.899,236.899,236.899,394.831,552.764,710.696,789.663,236.899,631.73
124,30,157.933,157.933,157.933,157.933,236.899,236.899,315.865,473.798,631.73,394.831,631.73
124,31,157.933,157.933,157.933,157.933,157.933,157.933,157.933,394.831,315.865,315.865,552.764
124,32,157.933,236.899,157.933,157.933,157.933,236.899,157.933,157.933,157.933,236.899,394.831
124,33,157.933,236.899,157.933,157.933,78.9663,236.899,157.933,236.899,78.9663,236.899,315.865
125,0,473.798,236.899,236.899,236.899,315.865,710.696,315.865,315.865,315.865,157.933,315.865
125,1,789.663,157.933,315.865,236.899,236.899,552.764,710.696,315.865,315.865,157.933,315.865
125,3,631.73,552.764,868.629,236.899,157.933,236.899,157.933,552.764,394.831,157.933,315.865
125,4,1737.26,947.595,552.764,236.899,315.865,236.899,315.865,157.933,157.933,157.933,315.865
125,5,1500.36,868.629,552.764,315.865,473.798,157.933,236.899,315.865,236.899,157.933,157.933
125,6,1342.43,1658.29,1105.53,868.629,631.73,394.831,157.933,236.899,236.899,315.865,78.9663
125,7,1105.53,1579.33,1816.22,1263.46,868.629,315.865,236.899,157.933,78.9663,315.865,157.933
125,8,552.764,1184.49,1184.49,1105.53,947.595,552.764,315.865,157.933,157.933,394.831,236.899
125,9,947.595,710.696,1026.56,1421.39,947.595,631.73,789.663,394.831,473.798,394.831,236.899
125,10,1026.56,394.831,1184.49,1579.33,1421.39,552.764,868.629,868.629,868.629,394.831,315.865
125,11,947.595,552.764,1184.49,1816.22,1579.33,1105.53,789.663,789.663,947.595,631.73,315.865
125,12,1105.53,868.629,1026.56,631.73,789.663,2211.06,1026.56,552.764,1026.56,789.663,315.865
125,13,710.696,1026.56,868.629,394.831,710.696,1816.22,1658.29,1026.56,789.663,868.629,789.663
125,14,710.696,947.595,868.629,552.764,710.696,789.663,1263.46,1737.26,710.696,868.629,1263.46
125,15,868.629,473.798,1105.53,1026.56,868.629,552.764,789.663,1184.49,789.663,1342.43,1500.36
125,16,1184.49,552.764,1105.53,1342.43,1026.56,710.696,631.73,473.798,473.798,1816.22,1184.49
125,17,1026.56,552.764,1184.49,789.663,1579.33,947.595,631.73,394.831,473.798,1105.53,631.73
125,18,552.764,789.663,1342.43,631.73,1263.46,1026.56,789.663,552.764,473.798,552.764,552.764
125,19,473.798,710.696,1184.49,710.696,631.73,1263.46,868.629,552.764,552.764,473.798,631.73
125,20,394.831,868.629,947.595,710.696,552.764,947.595,1026.56,552.764,631.73,473.798,631.73
125,21,394.831,710.696,1184.49,789.663,552.764,473.798,789.663,631.73,394.831,473.798,552.764
125,22,394.831,631.73,947.595,710.696,631.73,473.798,473.798,631.73,394.831,552.764,394.831
125,23,552.764,631.73,710.696,789.663,868.629,473.798,394.831,552.764,552.764,631.73,315.865
125,24,473.798,552.764,631.73,631.73,868.629,631.73,394.831,552.764,315.865,552.764,394.831
125,25,315.865,473.798,710.696,631.73,868.629,789.663,631.73,552.764,236.899,236.899,631.73
125,26,236.899,315.865,710.696,947.595,631.73,789.663,789.663,789.663,631.73,394.831,473.798
125,27,157.933,236.899,394.831,552.764,394.831,947.595,631.73,710.696,947.595,552.764,552.764
125,28,157.933,157.933,394.831,473.798,236.899,631.73,710.696,710.696,552.764,236.899,868.629
125,29,157.933,78.9663,236.899,394.831,157.933,315.865,473.798,789.663,473.798,236.899,631.73
125,30,157.933,78.9663,157.933,236.899,236.899,157.933,315.865,473.798,473.798,394.831,710.696
125,31,157.933,157.933,236.899,236.899,157.933,157.933,157.933,315.865,236.899,315.865,789.663
125,32,157.933,157.933,157.933,157.933,157.933,236.899,78.9663,157.933,157.933,157.933,394.831
126,0,552.764,315.865,394.831,236.899,315.865,394.831,315.865,394.831,394.831,157.933,394.831
126,1,1026.56,315.865,236.899,236.899,236.899,473.798,315.865,394.831,315.865,157.933,315.865
126,2,947.595,394.831,552.764,473.798,157.933,236.899,315.865,473.798,236.899,157.933,236.899
126,3,631.73,710.696,1026.56,236.899,236.899,157.933,157.933,315.865,157.933,78.9663,315.865
126,4,1421.39,1263.46,710.696,236.899,473.798,236.899,157.933,157.933,78.9663,78.9663,315.865
126,5,1184.49,631.73,631.73,394.831,552.764,236.899,236.899,315.865,157.933,236.899,157.933
126,6,789.663,1421.39,1895.19,1500.36,868.629,236.899,236.899,315.865,157.933,552.764,157.933
126,7,552.764,1342.43,2447.95,1658.29,1342.43,473.798,236.899,78.9663,157.933,710.696,236.899
126,8,631.73,473.798,1500.36,868.629,1895.19,1263.46,552.764,157.933,157.933,789.663,157.933
126,9,868.629,631.73,947.595,1421.39,1421.39,1658.29,1342.43,631.73,394.831,868.629,157.933
126,10,1105.53,552.764,631.73,947.595,868.629,1579.33,1737.26,1500.36,868.629,710.696,552.764
126,11,868.629,710.696,1421.39,1105.53,552.764,1026.56,1895.19,1658.29,1105.53,631.73,947.595
126,12,1026.56,631.73,1184.49,631.73,631.73,868.629,1105.53,1500.36,1500.36,315.865,710.696
126,13,710.696,947.595,1105.53,473.798,947.595,631.73,631.73,868.629,1105.53,315.865,789.663
126,14,710.696,1421.39,1184.49,394.831,868.629,710.696,473.798,631.73,394.831,789.663,868.629
126,15,789.663,710.696,710.696,947.595,1184.49,789.663,710.696,473.798,315.865,1263.46,868.629
126,16,868.629,394.831,868.629,1974.16,789.663,710.696,710.696,473.798,315.865,1105.53,789.663
126,17,789.663,315.865,1026.56,1421.39,552.764,789.663,868.629,552.764,394.831,552.764,394.831
126,18,552.764,631.73,1421.39,631.73,789.663,552.764,1342.43,710.696,710.696,552.764,394.831
126,19,315.865,631.73,1421.39,631.73,710.696,710.696,868.629,1026.56,1342.43,631.73,473.798
126,20,315.865,473.798,789.663,394.831,789.663,868.629,631.73,631.73,1184.49,552.764,473.798
126,21,236.899,394.831,710.696,631.73,789.663,552.764,789.663,473.798,473.798,552.764,394.831
126,22,236.899,315.865,473.798,631.73,789.663,473.798,631.73,947.595,710.696,473.798,315.865
126,23,394.831,315.865,315.865,789.663,1026.56,394.831,552.764,631.73,868.629,631.73,315.865
126,24,394.831,315.865,394.831,789.663,631.73,631.73,473.798,315.865,473.798,631.73,631.73
126,25,315.865,315.865,552.764,631.73,394.831,868.629,631.73,394.831,236.899,236.899,473.798
126,26,157.933,394.831,552.764,552.764,473.798,631.73,868.629,710.696,552.764,473.798,236.899
126,27,157.933,315.865,394.831,315.865,473.798,473.798,473.798,710.696,789.663,631.73,631.73
126,28,78.9663,157.933,236.899,394.831,315.865,473.798,394.831,394.831,394.831,236.899,947.595
126,29,78.9663,78.9663,236.899,473.798,236.899,315.865,473.798,473.798,236.899,236.899,552.764
126,30,157.933,78.9663,157.933,315.865,236.899,157.933,236.899,473.798,394.831,315.865,473.798
126,31,157.933,78.9663,157.933,236.899,78.9663,157.933,157.933,315.865,236.899,236.899,631.73
126,32,157.933,78.9663,157.933,236.899,78.9663,236.899,157.933,157.933,157.933,157.933,315.865
127,0,473.798,157.933,315.865,236.899,157.933,236.899,236.899,394.831,473.798,78.9663,631.73
127,1,1263.46,394.831,236.899,157.933,236.899,157.933,157.933,236.899,236.899,78.9663,394.831
127,2,1737.26,315.865,473.798,157.933,157.933,157.933,157.933,236.899,78.9663,157.933,236.899
127,3,1342.43,631.73,947.595,236.899,315.865,157.933,78.9663,78.9663,78.9663,157.933,236.899
127,4,552.764,1658.29,947.595,236.899,552.764,157.933,157.933,157.933,78.9663,78.9663,236.899
127,5,947.595,1184.49,789.663,473.798,631.73,394.831,236.899,157.933,78.9663,236.899,157.933
127,6,552.764,947.595,1342.43,1895.19,710.696,394.831,315.865,157.933,157.933,473.798,236.899
127,7,473.798,1421.39,1816.22,2605.89,789.663,394.831,236.899,157.933,157.933,552.764,236.899
127,8,947.595,473.798,710.696,1105.53,1421.39,789.663,552.764,157.933,236.899,552.764,78.9663
127,9,789.663,473.798,789.663,1184.49,1105.53,1105.53,789.663,552.764,552.764,473.798,78.9663
127,10,710.696,394.831,710.696,710.696,710.696,1895.19,947.595,868.629,789.663,394.831,394.831
127,11,473.798,473.798,1184.49,473.798,1026.56,1184.49,1421.39,868.629,394.831,394.831,868.629
127,12,394.831,473.798,1421.39,473.798,710.696,552.764,789.663,1263.46,552.764,315.865,1026.56
127,13,394.831,394.831,1184.49,473.798,868.629,552.764,473.798,868.629,552.764,236.899,1342.43
127,14,552.764,315.865,1105.53,473.798,1105.53,473.798,710.696,394.831,236.899,473.798,1105.53
127,15,552.764,315.865,631.73,394.831,1895.19,631.73,552.764,394.831,473.798,631.73,473.798
127,16,710.696,315.865,789.663,552.764,1342.43,1263.46,552.764,236.899,394.831,631.73,315.865
127,17,710.696,236.899,868.629,552.764,710.696,2053.12,1421.39,394.831,315.865,552.764,315.865
127,18,473.798,789.663,1184.49,473.798,552.764,1263.46,2053.12,1105.53,631.73,710.696,473.798
127,19,315.865,710.696,1263.46,394.831,552.764,631.73,1105.53,1816.22,1184.49,552.764,631.73
127,20,236.899,631.73,631.73,394.831,1026.56,710.696,710.696,1184.49,868.629,552.764,789.663
127,21,236.899,394.831,315.865,552.764,868.629,631.73,789.663,710.696,473.798,631.73,868.629
127,22,236.899,236.899,315.865,710.696,473.798,710.696,710.696,868.629,631.73,552.764,473.798
127,23,315.865,315.865,236.899,1263.46,552.764,552.764,789.663,473.798,631.73,1105.53,552.764
127,24,394.831,236.899,315.865,947.595,315.865,473.798,473.798,315.865,552.764,868.629,868.629
127,25,315.865,236.899,394.831,710.696,236.899,710.696,473.798,236.899,315.865,394.831,473.798
127,26,236.899,315.865,473.798,552.764,394.831,315.865,631.73,473.798,473.798,394.831,236.899
127,27,157.933,236.899,473.798,394.831,394.831,394.831,236.899,473.798,473.798,394.831,552.764
127,28,157.933,157.933,394.831,236.899,394.831,552.764,394.831,157.933,236.899,157.933,710.696
127,31,78.9663,78.9663,157.933,315.865,157.933,315.865,236.899,236.899,236.899,157.933,394.831
128,0,315.865,157.933,236.899,157.933,157.933,157.933,157.933,552.764,473.798,157.933,631.73
128,1,710.696,236.899,315.865,236.899,157.933,157.933,157.933,157.933,236.899,78.9663,552.764
128,2,1500.36,236.899,394.831,157.933,236.899,78.9663,157.933,78.9663,157.933,157.933,236.899
128,3,1658.29,552.764,947.595,315.865,315.865,157.933,78.9663,78.9663,157.933,157.933,78.9663
128,4,394.831,1421.39,1895.19,315.865,394.831,157.933,78.9663,78.9663,157.933,78.9663,78.9663
128,5,710.696,1737.26,2211.06,789.663,868.629,236.899,157.933,78.9663,78.9663,157.933,78.9663
128,7,473.798,631.73,1263.46,1895.19,1263.46,868.629,394.831,157.933,157.933,394.831,157.933
128,8,1026.56,394.831,947.595,947.595,789.663,1342.43,1263.46,394.831,394.831,710.696,78.9663
128,9,1342.43,552.764,710.696,710.696,868.629,631.73,1737.26,1184.49,1342.43,789.663,315.865
128,10,789.663,789.663,1105.53,631.73,631.73,631.73,710.696,1342.43,1737.26,394.831,552.764
128,11,394.831,947.595,868.629,710.696,1263.46,552.764,394.831,473.798,789.663,236.899,552.764
128,12,315.865,868.629,631.73,868.629,1026.56,631.73,394.831,394.831,157.933,315.865,394.831
128,13,473.798,552.764,473.798,631.73,552.764,1500.36,631.73,315.865,157.933,473.798,631.73
128,14,631.73,394.831,315.865,631.73,394.831,868.629,1421.39,473.798,157.933,631.73,789.663
128,15,631.73,394.831,315.865,710.696,473.798,394.831,789.663,868.629,394.831,631.73,315.865
128,16,631.73,394.831,473.798,868.629,315.865,631.73,315.865,394.831,473.798,631.73,236.899
128,17,710.696,394.831,552.764,710.696,315.865,1026.56,473.798,157.933,236.899,552.764,236.899
128,18,394.831,789.663,868.629,473.798,315.865,631.73,631.73,394.831,236.899,394.831,236.899
128,19,236.899,868.629,947.595,315.865,394.831,473.798,315.865,710.696,236.899,394.831,552.764
128,20,236.899,552.764,394.831,394.831,710.696,394.831,315.865,473.798,157.933,631.73,947.595
128,21,236.899,394.831,236.899,789.663,552.764,473.798,315.865,394.831,157.933,789.663,868.629
128,22,236.899,236.899,236.899,710.696,394.831,631.73,473.798,394.831,157.933,947.595,473.798
128,23,315.865,236.899,236.899,1026.56,394.831,394.831,631.73,394.831,315.865,1184.49,631.73
128,24,315.865,236.899,236.899,789.663,236.899,394.831,473.798,394.831,394.831,710.696,868.629
128,25,394.831,236.899,315.865,868.629,157.933,473.798,552.764,315.865,394.831,315.865,473.798
128,26,236.899,236.899,394.831,631.73,236.899,236.899,394.831,473.798,552.764,236.899,236.899
128,27,236.899,236.899,552.764,315.865,315.865,315.865,236.899,473.798,631.73,157.933,315.865
128,28,157.933,157.933,473.798,236.899,394.831,473.798,315.865,236.899,394.831,78.9663,473.798
128,30,78.9663,78.9663,236.899,236.899,394.831,394.831,236.899,473.798,394.831,236.899,315.865
128,31,78.9663,78.9663,157.933,236.899,236.899,473.798,394.831,236.899,157.933,157.933,552.764
128,34,78.9663,78.9663,157.933,157.933,78.9663,315.865,236.899,236.899,394.831,157.933,236.899
129,1,315.865,236.899,315.865,315.865,236.899,157.933,157.933,236.899,157.933,78.9663,473.798
129,2,710.696,394.831,236.899,236.899,236.899,157.933,236.899,157.933,157.933,157.933,315.865
129,3,868.629,631.73,552.764,315.865,394.831,157.933,236.899,236.899,236.899,157.933,157.933
129,4,394.831,1184.49,1579.33,394.831,315.865,236.899,157.933,157.933,236.899,78.9663,157.933
129,5,394.831,1421.39,2211.06,1342.43,789.663,236.899,157.933,78.9663,78.9663,157.933,157.933
129,7,315.865,236.899,710.696,1579.33,1816.22,1342.43,552.764,157.933,157.933,552.764,78.9663
129,8,552.764,236.899,868.629,789.663,552.764,2447.95,1658.29,631.73,315.865,868.629,157.933
129,9,947.595,473.798,552.764,315.865,789.663,1342.43,2290.02,1737.26,1184.49,789.663,552.764
129,10,868.629,631.73,1342.43,315.865,552.764,394.831,1026.56,1974.16,1500.36,394.831,1342.43
129,11,710.696,552.764,1974.16,710.696,631.73,631.73,315.865,789.663,631.73,157.933,1342.43
129,12,552.764,473.798,1342.43,947.595,1026.56,473.798,552.764,315.865,236.899,157.933,552.764
129,13,552.764,315.865,947.595,631.73,868.629,868.629,394.831,552.764,473.798,315.865,157.933
129,14,631.73,236.899,552.764,473.798,947.595,710.696,631.73,315.865,473.798,552.764,315.865
129,16,394.831,473.798,631.73,394.831,394.831,394.831,473.798,394.831,473.798,315.865,236.899
129,17,473.798,315.865,631.73,394.831,394.831,315.865,552.764,315.865,394.831,236.899,315.865
129,18,394.831,552.764,710.696,552.764,394.831,236.899,315.865,315.865,552.764,473.798,157.933
129,19,236.899,631.73,947.595,394.831,473.798,236.899,236.899,236.899,473.798,552.764,236.899
129,20,157.933,394.831,552.764,394.831,710.696,236.899,315.865,236.899,315.865,710.696,315.865
129,21,157.933,236.899,236.899,710.696,789.663,394.831,394.831,157.933,157.933,947.595,315.865
129,22,236.899,157.933,157.933,631.73,552.764,631.73,473.798,157.933,157.933,868.629,236.899
129,23,236.899,315.865,157.933,631.73,315.865,552.764,710.696,236.899,157.933,631.73,315.865
129,24,315.865,236.899,157.933,394.831,157.933,552.764,710.696,394.831,394.831,394.831,315.865
129,25,394.831,236.899,236.899,394.831,78.9663,394.831,631.73,552.764,552.764,315.865,315.865
129,26,315.865,236.899,315.865,315.865,157.933,236.899,394.831,710.696,710.696,157.933,236.899
129,27,157.933,236.899,394.831,315.865,236.899,236.899,236.899,710.696,631.73,78.9663,315.865
129,28,157.933,157.933,315.865,236.899,315.865,236.899,157.933,394.831,394.831,157.933,552.764
129,30,78.9663,78.9663,236.899,236.899,315.865,473.798,157.933,315.865,157.933,236.899,473.798
129,31,78.9663,78.9663,157.933,157.933,236.899,552.764,394.831,236.899,78.9663,78.9663,552.764
130,2,473.798,315.865,473.798,236.899,236.899,394.831,394.831,236.899,157.933,157.933,236.899
130,4,236.899,1105.53,868.629,236.899,394.831,157.933,236.899,315.865,315.865,78.9663,236.899
130,5,473.798,868.629,1263.46,868.629,710.696,236.899,157.933,157.933,157.933,78.9663,236.899
130,6,473.798,315.865,473.798,1895.19,1342.43,394.831,157.933,157.933,157.933,157.933,157.933
130,7,394.831,394.831,394.831,1737.26,1184.49,947.595,394.831,157.933,157.933,236.899,78.9663
130,8,552.764,236.899,473.798,868.629,394.831,1658.29,947.595,473.798,157.933,315.865,78.9663
130,10,552.764,710.696,868.629,394.831,473.798,315.865,631.73,1184.49,631.73,157.933,1184.49
130,11,473.798,631.73,1263.46,236.899,552.764,552.764,394.831,473.798,315.865,157.933,1421.39
130,12,552.764,394.831,1263.46,473.798,947.595,552.764,552.764,315.865,236.899,157.933,631.73
130,14,631.73,236.899,552.764,868.629,789.663,789.663,868.629,710.696,631.73,394.831,473.798
130,15,394.831,315.865,473.798,552.764,631.73,631.73,789.663,789.663,789.663,473.798,473.798
130,16,236.899,394.831,631.73,236.899,473.798,710.696,473.798,631.73,631.73,394.831,315.865
130,17,236.899,315.865,710.696,394.831,315.865,631.73,552.764,552.764,315.865,394.831,236.899
130,18,236.899,473.798,473.798,473.798,552.764,473.798,473.798,552.764,315.865,473.798,236.899
130,19,236.899,473.798,631.73,315.865,394.831,394.831,315.865,473.798,315.865,394.831,394.831
130,20,157.933,236.899,552.764,552.764,631.73,473.798,315.865,315.865,157.933,394.831,473.798
130,21,157.933,157.933,236.899,868.629,631.73,394.831,394.831,236.899,157.933,631.73,394.831
130,22,157.933,157.933,157.933,710.696,473.798,710.696,473.798,236.899,157.933,552.764,236.899
130,23,157.933,157.933,157.933,473.798,236.899,789.663,710.696,157.933,157.933,394.831,157.933
130,24,236.899,157.933,236.899,315.865,78.9663,631.73,789.663,473.798,394.831,473.798,157.933
130,27,236.899,236.899,315.865,315.865,157.933,157.933,157.933,473.798,394.831,157.933,473.798
130,28,157.933,157.933,315.865,394.831,157.933,157.933,157.933,236.899,157.933,157.933,631.73
130,29,78.9663,157.933,236.899,315.865,236.899,157.933,157.933,236.899,78.9663,157.933,473.798
130,31,78.9663,78.9663,78.9663,236.899,157.933,236.899,157.933,78.9663,78.9663,78.9663,394.831
131,7,315.865,473.798,473.798,1026.56,868.629,789.663,315.865,157.933,236.899,157.933,157.933
131,8,552.764,315.865,473.798,394.831,315.865,1105.53,789.663,315.865,315.865,157.933,236.899
131,10,473.798,789.663,868.629,631.73,236.899,315.865,394.831,789.663,631.73,157.933,394.831
131,11,552.764,552.764,552.764,315.865,552.764,315.865,236.899,473.798,315.865,157.933,631.73
131,12,552.764,315.865,473.798,394.831,552.764,394.831,157.933,236.899,157.933,236.899,394.831
131,13,473.798,157.933,394.831,710.696,394.831,710.696,315.865,315.865,157.933,315.865,315.865
131,14,631.73,236.899,315.865,868.629,236.899,631.73,552.764,473.798,157.933,473.798,552.764
131,15,315.865,315.865,394.831,552.764,157.933,315.865,394.831,552.764,236.899,473.798,631.73
131,16,236.899,552.764,631.73,236.899,157.933,236.899,236.899,315.865,236.899,394.831,631.73
131,17,236.899,473.798,552.764,236.899,236.899,236.899,157.933,236.899,236.899,315.865,473.798
131,18,236.899,394.831,315.865,315.865,473.798,236.899,157.933,236.899,236.899,236.899,315.865
131,19,236.899,473.798,315.865,394.831,315.865,236.899,157.933,157.933,157.933,236.899,394.831
131,20,157.933,315.865,157.933,394.831,394.831,394.831,236.899,157.933,78.9663,315.865,394.831
131,21,157.933,157.933,157.933,552.764,473.798,315.865,315.865,157.933,236.899,473.798,236.899
131,22,157.933,78.9663,236.899,868.629,315.865,552.764,394.831,157.933,236.899,394.831,78.9663
131,23,157.933,157.933,236.899,710.696,157.933,710.696,631.73,236.899,236.899,394.831,157.933
131,24,157.933,157.933,236.899,315.865,78.9663,473.798,552.764,473.798,473.798,394.831,157.933
131,26,236.899,157.933,236.899,236.899,157.933,78.9663,157.933,473.798,394.831,157.933,315.865
131,27,236.899,157.933,315.865,236.899,157.933,157.933,78.9663,236.899,315.865,157.933,473.798
131,28,157.933,236.899,394.831,315.865,157.933,157.933,78.9663,157.933,157.933,157.933,552.764
132,6,236.899,315.865,157.933,1105.53,473.798,236.899,157.933,236.899,236.899,157.933,157.933
132,7,236.899,394.831,473.798,631.73,394.831,552.764,315.865,236.899,236.899,236.899,236.899
132,8,236.899,157.933,552.764,315.865,315.865,710.696,631.73,473.798,315.865,315.865,315.865
132,9,394.831,315.865,473.798,473.798,552.764,315.865,473.798,789.663,552.764,236.899,394.831
132,10,552.764,473.798,868.629,473.798,315.865,236.899,157.933,552.764,473.798,157.933,552.764
132,11,552.764,315.865,868.629,315.865,315.865,236.899,315.865,236.899,236.899,157.933,631.73
132,12,394.831,315.865,789.663,631.73,710.696,236.899,394.831,236.899,394.831,157.933,473.798
132,13,394.831,315.865,552.764,631.73,710.696,315.865,236.899,394.831,552.764,157.933,236.899
132,14,394.831,236.899,552.764,631.73,394.831,473.798,394.831,315.865,473.798,236.899,236.899
132,15,315.865,315.865,473.798,552.764,236.899,473.798,631.73,315.865,473.798,236.899,236.899
132,16,236.899,552.764,710.696,236.899,157.933,315.865,631.73,473.798,631.73,157.933,236.899
132,19,236.899,315.865,236.899,315.865,473.798,315.865,157.933,78.9663,236.899,236.899,315.865
132,21,157.933,157.933,157.933,473.798,315.865,394.831,315.865,236.899,236.899,473.798,157.933
132,22,157.933,78.9663,157.933,710.696,236.899,473.798,473.798,236.899,315.865,315.865,157.933
132,23,157.933,157.933,157.933,473.798,157.933,394.831,394.831,394.831,473.798,236.899,157.933
132,26,157.933,157.933,157.933,236.899,78.9663,78.9663,157.933,473.798,552.764,78.9663,315.865
132,27,236.899,157.933,236.899,236.899,78.9663,78.9663,78.9663,315.865,315.865,157.933,394.831
132,28,157.933,157.933,236.899,157.933,157.933,78.9663,78.9663,157.933,157.933,78.9663,473.798
133,3,236.899,236.899,157.933,157.933,315.865,236.899,78.9663,78.9663,157.933,78.9663,236.899
133,6,236.899,236.899,157.933,710.696,315.865,394.831,236.899,157.933,157.933,157.933,157.933
133,7,236.899,394.831,315.865,394.831,157.933,552.764,315.865,157.933,78.9663,157.933,236.899
133,10,394.831,236.899,394.831,552.764,315.865,394.831,157.933,394.831,157.933,78.9663,631.73
133,11,552.764,236.899,473.798,236.899,473.798,473.798,394.831,236.899,157.933,157.933,552.764
133,13,315.865,552.764,552.764,552.764,473.798,473.798,315.865,552.764,394.831,157.933,394.831
133,14,315.865,394.831,473.798,868.629,315.865,868.629,552.764,473.798,394.831,236.899,710.696
133,15,236.899,473.798,473.798,552.764,236.899,789.663,789.663,631.73,473.798,394.831,710.696
133,16,236.899,473.798,631.73,236.899,236.899,394.831,552.764,710.696,552.764,394.831,473.798
133,17,236.899,473.798,473.798,236.899,315.865,236.899,315.865,394.831,315.865,394.831,473.798
133,18,236.899,236.899,236.899,394.831,552.764,157.933,236.899,315.865,236.899,394.831,631.73
133,19,236.899,236.899,157.933,473.798,552.764,315.865,157.933,157.933,236.899,315.865,473.798
133,23,157.933,78.9663,157.933,236.899,236.899,394.831,236.899,394.831,473.798,157.933,236.899
133,24,157.933,78.9663,236.899,157.933,78.9663,473.798,394.831,315.865,315.865,78.9663,473.798
133,27,236.899,157.933,157.933,157.933,157.933,78.9663,78.9663,236.899,236.899,157.933,552.764
133,28,157.933,157.933,236.899,236.899,78.9663,157.933,78.9663,78.9663,78.9663,78.9663,552.764
134,4,157.933,157.933,157.933,236.899,157.933,157.933,78.9663,157.933,236.899,78.9663,236.899
134,7,315.865,315.865,394.831,236.899,236.899,394.831,157.933,157.933,236.899,78.9663,157.933
134,12,394.831,236.899,394.831,394.831,236.899,236.899,157.933,157.933,157.933,157.933,236.899
134,13,315.865,315.865,710.696,473.798,157.933,394.831,157.933,157.933,157.933,157.933,394.831
134,14,315.865,394.831,552.764,710.696,236.899,473.798,315.865,157.933,78.9663,394.831,789.663
134,15,236.899,552.764,394.831,394.831,394.831,315.865,315.865,315.865,157.933,631.73,710.696
134,16,157.933,473.798,473.798,236.899,315.865,315.865,236.899,315.865,236.899,552.764,631.73
134,17,157.933,394.831,315.865,394.831,315.865,315.865,315.865,315.865,236.899,315.865,552.764
134,18,236.899,236.899,236.899,473.798,473.798,236.899,315.865,473.798,394.831,315.865,394.831
134,19,236.899,236.899,157.933,631.73,394.831,315.865,236.899,236.899,394.831,236.899,315.865
134,20,157.933,236.899,157.933,552.764,315.865,394.831,315.865,157.933,157.933,157.933,315.865
134,22,157.933,157.933,315.865,552.764,236.899,315.865,394.831,394.831,394.831,315.865,236.899
134,23,78.9663,78.9663,157.933,315.865,157.933,394.831,315.865,394.831,394.831,157.933,315.865
134,24,78.9663,78.9663,157.933,157.933,78.9663,315.865,315.865,315.865,394.831,78.9663,552.764
134,25,157.933,157.933,157.933,78.9663,78.9663,157.933,236.899,473.798,315.865,78.9663,473.798
134,26,157.933,157.933,78.9663,78.9663,157.933,78.9663,157.933,394.831,315.865,157.933,394.831
134,27,236.899,157.933,78.9663,157.933,78.9663,78.9663,78.9663,157.933,157.933,157.933,631.73
134,28,236.899,236.899,157.933,236.899,78.9663,236.899,78.9663,78.9663,78.9663,78.9663,394.831
135,5,157.933,157.933,315.865,315.865,78.9663,157.933,157.933,157.933,157.933,78.9663,315.865
135,8,236.899,157.933,394.831,157.933,236.899,236.899,157.933,394.831,315.865,157.933,315.865
135,14,236.899,394.831,473.798,236.899,236.899,157.933,78.9663,157.933,157.933,315.865,157.933
135,15,236.899,394.831,394.831,236.899,473.798,236.899,157.933,78.9663,78.9663,473.798,157.933
135,16,236.899,394.831,394.831,315.865,394.831,394.831,315.865,157.933,157.933,315.865,157.933
135,19,236.899,157.933,236.899,868.629,394.831,315.865,236.899,315.865,394.831,236.899,394.831
135,20,157.933,236.899,236.899,710.696,315.865,394.831,394.831,236.899,157.933,157.933,473.798
135,21,157.933,315.865,157.933,394.831,157.933,394.831,473.798,394.831,315.865,315.865,236.899
135,24,157.933,78.9663,78.9663,157.933,78.9663,157.933,236.899,394.831,394.831,78.9663,552.764
135,25,157.933,78.9663,78.9663,157.933,78.9663,78.9663,157.933,236.899,315.865,157.933,473.798
135,26,157.933,78.9663,157.933,157.933,78.9663,78.9663,78.9663,236.899,236.899,157.933,473.798
135,27,236.899,157.933,157.933,157.933,78.9663,78.9663,78.9663,78.9663,157.933,78.9663,552.764
135,28,315.865,236.899,157.933,157.933,78.9663,78.9663,78.9663,78.9663,78.9663,78.9663,315.865
136,5,157.933,78.9663,157.933,78.9663,157.933,157.933,157.933,157.933,157.933,236.899,315.865
136,13,236.899,394.831,473.798,236.899,157.933,78.9663,157.933,315.865,236.899,157.933,315.865
136,14,236.899,394.831,394.831,236.899,236.899,78.9663,78.9663,157.933,157.933,157.933,315.865
136,15,236.899,473.798,394.831,315.865,394.831,157.933,78.9663,78.9663,157.933,157.933,157.933
136,18,157.933,236.899,157.933,473.798,394.831,236.899,315.865,315.865,236.899,394.831,315.865
136,19,236.899,157.933,157.933,710.696,315.865,473.798,315.865,236.899,236.899,236.899,631.73
136,20,236.899,78.9663,236.899,552.764,236.899,394.831,552.764,315.865,157.933,157.933,552.764
136,21,157.933,236.899,394.831,473.798,157.933,473.798,394.831,473.798,394.831,315.865,236.899
136,22,157.933,315.865,157.933,394.831,236.899,315.865,394.831,394.831,394.831,157.933,315.865
136,24,157.933,157.933,78.9663,157.933,157.933,236.899,157.933,394.831,394.831,157.933,394.831
136,25,157.933,157.933,157.933,315.865,78.9663,157.933,157.933,236.899,236.899,157.933,473.798
136,26,78.9663,78.9663,157.933,236.899,78.9663,78.9663,157.933,236.899,157.933,78.9663,473.798
136,27,157.933,78.9663,157.933,157.933,78.9663,78.9663,78.9663,78.9663,157.933,78.9663,394.831
137,13,236.899,236.899,394.831,157.933,157.933,157.933,157.933,78.9663,78.9663,236.899,315.865
137,14,236.899,315.865,394.831,157.933,157.933,78.9663,157.933,157.933,157.933,236.899,236.899
137,16,236.899,394.831,236.899,236.899,315.865,157.933,78.9663,78.9663,157.933,236.899,157.933
137,17,157.933,315.865,157.933,394.831,315.865,315.865,157.933,78.9663,78.9663,315.865,157.933
137,18,157.933,236.899,157.933,394.831,236.899,394.831,315.865,157.933,78.9663,315.865,236.899
137,19,157.933,157.933,157.933,473.798,315.865,473.798,315.865,236.899,157.933,157.933,315.865
137,20,157.933,157.933,157.933,473.798,236.899,315.865,315.865,315.865,236.899,157.933,315.865
137,21,236.899,157.933,236.899,473.798,78.9663,394.831,236.899,394.831,315.865,236.899,157.933
137,22,157.933,315.865,157.933,315.865,157.933,315.865,394.831,236.899,157.933,157.933,315.865
137,24,236.899,236.899,78.9663,236.899,157.933,157.933,157.933,315.865,315.865,157.933,315.865
137,25,236.899,236.899,157.933,394.831,78.9663,157.933,157.933,236.899,157.933,78.9663,394.831
137,26,157.933,236.899,157.933,315.865,78.9663,78.9663,157.933,236.899,157.933,78.9663,394.831
137,27,157.933,157.933,78.9663,315.865,78.9663,157.933,78.9663,78.9663,157.933,157.933,236.899
138,16,315.865,315.865,236.899,157.933,157.933,157.933,78.9663,78.9663,157.933,236.899,236.899
138,17,157.933,394.831,236.899,236.899,157.933,236.899,157.933,78.9663,157.933,157.933,157.933
138,24,236.899,236.899,157.933,236.899,78.9663,157.933,157.933,157.933,236.899,157.933,236.899
138,25,236.899,236.899,78.9663,236.899,157.933,78.9663,157.933,236.899,157.933,78.9663,394.831
138,27,157.933,236.899,157.933,394.831,78.9663,78.9663,78.9663,78.9663,157.933,157.933,236.899
139,16,315.865,236.899,236.899,157.933,78.9663,78.9663,78.9663,78.9663,78.9663,315.865,157.933
140,16,315.865,315.865,315.865,157.933,78.9663,78.9663,78.9663,78.9663,78.9663,236.899,157.933