0,462,157.933,236.899,157.933,394.831,394.831,394.831,236.899,236.899,236.899,157.933,315.865
1,462,157.933,157.933,236.899,157.933,157.933,236.899,157.933,236.899,236.899,78.9663,315.865
0,463,157.933,236.899,315.865,473.798,394.831,473.798,473.798,394.831,315.865,236.899,552.764
1,463,236.899,236.899,236.899,473.798,394.831,394.831,315.865,236.899,236.899,157.933,394.831
2,463,157.933,157.933,236.899,236.899,236.899,236.899,157.933,157.933,157.933,78.9663,394.831
3,463,157.933,157.933,315.865,157.933,157.933,157.933,157.933,157.933,157.933,157.933,315.865
0,464,236.899,157.933,315.865,236.899,315.865,394.831,315.865,473.798,315.865,394.831,789.663
1,464,157.933,236.899,394.831,394.831,315.865,315.865,315.865,394.831,236.899,315.865,473.798
2,464,236.899,236.899,315.865,394.831,473.798,394.831,315.865,315.865,236.899,157.933,394.831
3,464,157.933,157.933,157.933,157.933,315.865,394.831,315.865,236.899,236.899,78.9663,394.831
0,465,236.899,236.899,236.899,394.831,710.696,1026.56,631.73,868.629,789.663,315.865,1263.46
1,465,236.899,157.933,315.865,236.899,315.865,394.831,236.899,473.798,394.831,315.865,789.663
2,465,157.933,236.899,394.831,315.865,236.899,236.899,236.899,394.831,236.899,236.899,473.798
0,466,236.899,315.865,473.798,868.629,710.696,1263.46,1184.49,1658.29,1184.49,394.831,1579.33
1,466,157.933,236.899,236.899,394.831,394.831,868.629,631.73,868.629,710.696,236.899,1342.43
2,466,157.933,157.933,236.899,157.933,236.899,315.865,236.899,473.798,394.831,236.899,789.663
3,466,157.933,157.933,236.899,236.899,236.899,236.899,236.899,315.865,236.899,236.899,473.798
4,466,157.933,157.933,236.899,157.933,157.933,236.899,157.933,157.933,157.933,157.933,315.865
0,467,236.899,236.899,394.831,710.696,631.73,1026.56,947.595,1500.36,1026.56,552.764,1658.29
1,467,236.899,157.933,315.865,473.798,315.865,868.629,789.663,1184.49,789.663,315.865,1500.36
2,467,157.933,157.933,236.899,157.933,236.899,473.798,394.831,631.73,552.764,157.933,1184.49
3,467,157.933,157.933,236.899,157.933,236.899,315.865,157.933,394.831,315.865,236.899,789.663
4,467,157.933,157.933,236.899,236.899,157.933,236.899,157.933,236.899,157.933,236.899,394.831
0,468,236.899,236.899,473.798,868.629,1184.49,1895.19,1263.46,1579.33,1263.46,631.73,2211.06
1,468,236.899,236.899,315.865,473.798,552.764,1026.56,710.696,1184.49,868.629,394.831,1737.26
2,468,236.899,157.933,157.933,236.899,236.899,552.764,473.798,868.629,710.696,157.933,1342.43
3,468,236.899,157.933,157.933,157.933,236.899,315.865,236.899,552.764,473.798,157.933,1105.53
4,468,236.899,157.933,236.899,236.899,157.933,157.933,157.933,315.865,157.933,236.899,631.73
0,469,236.899,315.865,631.73,1342.43,1184.49,2132.09,1816.22,2921.75,2053.12,631.73,2842.79
1,469,236.899,236.899,552.764,631.73,868.629,1421.39,1026.56,1579.33,1105.53,473.798,2526.92
2,469,236.899,236.899,315.865,473.798,473.798,868.629,710.696,1105.53,789.663,236.899,1737.26
3,469,236.899,157.933,157.933,236.899,315.865,552.764,394.831,710.696,552.764,157.933,1263.46
4,469,157.933,157.933,157.933,157.933,236.899,236.899,157.933,315.865,315.865,157.933,868.629
5,469,157.933,236.899,236.899,315.865,236.899,157.933,157.933,236.899,157.933,236.899,394.831
0,470,315.865,394.831,394.831,1658.29,1184.49,1974.16,1658.29,3316.58,2368.99,631.73,2053.12
1,470,236.899,236.899,394.831,710.696,868.629,1342.43,1184.49,2211.06,1421.39,631.73,2605.89
2,470,157.933,315.865,394.831,631.73,631.73,947.595,868.629,1263.46,789.663,473.798,2368.99
3,470,157.933,236.899,157.933,394.831,315.865,789.663,631.73,868.629,631.73,236.899,1421.39
4,470,157.933,157.933,157.933,157.933,236.899,394.831,236.899,473.798,473.798,78.9663,1026.56
5,470,157.933,157.933,157.933,315.865,315.865,236.899,157.933,315.865,236.899,157.933,631.73
6,470,157.933,157.933,157.933,236.899,157.933,236.899,157.933,157.933,157.933,157.933,315.865
0,471,315.865,552.764,552.764,2211.06,2132.09,2684.85,2132.09,2842.79,2368.99,868.629,1500.36
1,471,157.933,315.865,394.831,1026.56,1342.43,1816.22,1342.43,2447.95,1895.19,631.73,1974.16
2,471,157.933,236.899,394.831,789.663,710.696,1026.56,789.663,1421.39,947.595,631.73,2605.89
3,471,157.933,236.899,236.899,631.73,394.831,710.696,710.696,1026.56,631.73,315.865,1737.26
4,471,78.9663,157.933,236.899,236.899,315.865,552.764,473.798,710.696,552.764,157.933,1026.56
5,471,157.933,78.9663,236.899,236.899,394.831,315.865,236.899,473.798,394.831,157.933,789.663
6,471,157.933,78.9663,157.933,236.899,157.933,315.865,236.899,236.899,157.933,157.933,473.798
0,472,394.831,710.696,1105.53,2526.92,2526.92,2605.89,2526.92,2842.79,2211.06,1263.46,1500.36
1,472,236.899,315.865,631.73,1500.36,1895.19,2447.95,2053.12,3000.72,2290.02,789.663,1737.26
2,472,157.933,315.865,631.73,1105.53,1026.56,1737.26,1184.49,1816.22,1500.36,631.73,2447.95
3,472,157.933,236.899,315.865,710.696,631.73,789.663,631.73,1026.56,710.696,473.798,2053.12
4,472,157.933,157.933,315.865,315.865,394.831,552.764,552.764,789.663,473.798,236.899,1184.49
5,472,157.933,78.9663,236.899,236.899,394.831,473.798,394.831,631.73,473.798,157.933,789.663
6,472,157.933,78.9663,157.933,236.899,236.899,315.865,315.865,394.831,315.865,157.933,710.696
7,472,78.9663,78.9663,236.899,157.933,157.933,157.933,157.933,157.933,78.9663,157.933,473.798
0,473,473.798,947.595,1579.33,2842.79,2842.79,2605.89,2368.99,2211.06,1816.22,1737.26,1342.43
1,473,394.831,552.764,789.663,2211.06,1974.16,2368.99,2368.99,2684.85,2053.12,1105.53,1658.29
2,473,236.899,394.831,710.696,1342.43,1263.46,2368.99,2053.12,2605.89,1974.16,631.73,1974.16
3,473,236.899,315.865,473.798,710.696,1105.53,1421.39,1026.56,1421.39,1184.49,552.764,2132.09
4,473,157.933,157.933,473.798,394.831,552.764,789.663,552.764,868.629,631.73,394.831,1579.33
5,473,157.933,157.933,315.865,315.865,394.831,394.831,394.831,631.73,473.798,236.899,868.629
6,473,157.933,157.933,157.933,315.865,394.831,473.798,394.831,552.764,473.798,157.933,789.663
7,473,157.933,157.933,157.933,157.933,157.933,394.831,236.899,315.865,236.899,157.933,631.73
0,474,552.764,1342.43,2132.09,3948.31,3790.38,3474.52,3237.62,1658.29,1816.22,1974.16,868.629
1,474,394.831,868.629,1184.49,3790.38,2605.89,2842.79,2447.95,1895.19,1737.26,1342.43,1263.46
2,474,315.865,552.764,947.595,1816.22,1421.39,2368.99,2290.02,2526.92,2053.12,631.73,1263.46
3,474,236.899,315.865,631.73,868.629,1500.36,1895.19,1579.33,2290.02,1816.22,631.73,1658.29
4,474,157.933,236.899,394.831,552.764,789.663,1263.46,868.629,1500.36,1026.56,552.764,2053.12
5,474,157.933,157.933,394.831,394.831,315.865,394.831,315.865,631.73,473.798,315.865,1421.39
6,474,157.933,157.933,236.899,315.865,552.764,473.798,473.798,552.764,473.798,236.899,868.629
7,474,157.933,157.933,157.933,236.899,236.899,631.73,473.798,473.798,394.831,157.933,710.696
8,474,157.933,157.933,236.899,157.933,157.933,157.933,157.933,157.933,157.933,157.933,315.865
0,475,789.663,1658.29,2290.02,3790.38,3711.41,2684.85,3474.52,1342.43,1500.36,2053.12,473.798
1,475,631.73,1026.56,1579.33,4974.87,3237.62,3395.55,3158.65,1737.26,1658.29,1342.43,710.696
2,475,315.865,552.764,1342.43,2368.99,1658.29,2684.85,2368.99,2211.06,2053.12,710.696,868.629
3,475,236.899,394.831,868.629,1184.49,1579.33,1895.19,1737.26,2684.85,2053.12,631.73,1263.46
4,475,236.899,236.899,394.831,789.663,947.595,1658.29,1342.43,2211.06,1421.39,552.764,1974.16
5,475,236.899,157.933,394.831,394.831,394.831,789.663,552.764,868.629,631.73,394.831,1895.19
6,475,157.933,157.933,315.865,236.899,473.798,394.831,394.831,473.798,394.831,315.865,1184.49
7,475,157.933,157.933,236.899,236.899,315.865,710.696,552.764,631.73,394.831,236.899,710.696
8,475,157.933,157.933,157.933,157.933,157.933,236.899,236.899,315.865,236.899,78.9663,394.831
0,476,947.595,2211.06,2211.06,3474.52,3158.65,1737.26,2447.95,868.629,1026.56,2053.12,552.764
1,476,710.696,1263.46,1658.29,4895.91,3395.55,2605.89,3000.72,1500.36,1421.39,1500.36,552.764
2,476,394.831,631.73,1184.49,2842.79,1974.16,3158.65,2684.85,2132.09,1974.16,868.629,710.696
3,476,315.865,473.798,868.629,1421.39,1184.49,1895.19,1737.26,2526.92,1895.19,789.663,1105.53
4,476,315.865,236.899,394.831,947.595,1105.53,1579.33,1421.39,2368.99,1500.36,631.73,1816.22
5,476,236.899,236.899,394.831,473.798,473.798,1105.53,868.629,1263.46,868.629,315.865,1974.16
6,476,157.933,157.933,394.831,236.899,394.831,473.798,394.831,473.798,315.865,394.831,1500.36
7,476,157.933,157.933,157.933,236.899,236.899,473.798,473.798,552.764,315.865,315.865,789.663
0,477,1026.56,2526.92,3000.72,3395.55,2684.85,1737.26,1895.19,631.73,710.696,1895.19,868.629
1,477,631.73,1342.43,2290.02,4580.04,3474.52,1658.29,2211.06,868.629,1026.56,1658.29,631.73
2,477,394.831,710.696,1105.53,3237.62,2763.82,3395.55,3237.62,1974.16,1895.19,1105.53,552.764
3,477,315.865,473.798,789.663,1500.36,1026.56,2211.06,1737.26,2290.02,1816.22,1026.56,1105.53
4,477,315.865,236.899,394.831,868.629,1184.49,1184.49,1184.49,1974.16,1342.43,710.696,1737.26
5,477,236.899,157.933,394.831,552.764,552.764,1184.49,1105.53,1816.22,1184.49,236.899,1658.29
6,477,157.933,157.933,394.831,236.899,315.865,552.764,473.798,710.696,473.798,315.865,1579.33
7,477,157.933,157.933,157.933,157.933,236.899,394.831,315.865,394.831,236.899,315.865,947.595
8,477,157.933,157.933,157.933,157.933,78.9663,236.899,157.933,315.865,236.899,157.933,315.865
0,478,1184.49,2447.95,3395.55,2763.82,1816.22,1342.43,1658.29,710.696,631.73,1816.22,947.595
1,478,552.764,1342.43,2842.79,2921.75,3237.62,1184.49,1658.29,552.764,789.663,1816.22,710.696
2,478,394.831,789.663,1184.49,3158.65,2921.75,3079.68,3316.58,1816.22,1895.19,1263.46,473.798
3,478,315.865,473.798,868.629,1816.22,1105.53,2447.95,1974.16,2290.02,1816.22,1026.56,947.595
4,478,315.865,315.865,473.798,1026.56,1342.43,1184.49,1026.56,1342.43,947.595,710.696,1658.29
5,478,236.899,157.933,236.899,473.798,552.764,1342.43,1184.49,1974.16,1342.43,157.933,1184.49
6,478,157.933,157.933,315.865,315.865,315.865,473.798,473.798,868.629,552.764,315.865,1421.39
7,478,157.933,157.933,236.899,236.899,315.865,315.865,315.865,394.831,236.899,315.865,1026.56
8,478,157.933,78.9663,157.933,157.933,78.9663,236.899,236.899,315.865,315.865,157.933,315.865
0,479,1184.49,2684.85,3474.52,2368.99,1263.46,868.629,1105.53,789.663,631.73,1816.22,789.663
1,479,631.73,1579.33,2763.82,1895.19,2684.85,868.629,1263.46,473.798,631.73,1816.22,710.696
2,479,473.798,1026.56,947.595,2763.82,2526.92,2447.95,3000.72,1658.29,1737.26,1184.49,473.798
3,479,315.865,552.764,947.595,2053.12,1263.46,2132.09,2053.12,2053.12,1658.29,1026.56,947.595
4,479,236.899,394.831,710.696,1105.53,1500.36,1342.43,1184.49,1026.56,789.663,710.696,1500.36
5,479,236.899,236.899,236.899,473.798,473.798,1500.36,1263.46,1816.22,1263.46,236.899,868.629
6,479,157.933,236.899,315.865,315.865,315.865,394.831,315.865,868.629,631.73,315.865,1184.49
7,479,157.933,157.933,236.899,315.865,473.798,315.865,315.865,394.831,236.899,315.865,1184.49
8,479,157.933,157.933,157.933,157.933,157.933,315.865,315.865,394.831,394.831,157.933,394.831
9,479,157.933,157.933,236.899,157.933,157.933,78.9663,78.9663,157.933,157.933,157.933,315.865
0,480,1105.53,2447.95,3474.52,2053.12,1263.46,868.629,868.629,1026.56,868.629,1816.22,789.663
1,480,710.696,1895.19,2211.06,1421.39,2447.95,868.629,1105.53,631.73,710.696,1816.22,947.595
2,480,473.798,1105.53,789.663,2684.85,2132.09,1974.16,2290.02,1579.33,1500.36,947.595,552.764
3,480,315.865,473.798,1026.56,1974.16,1263.46,1579.33,1658.29,1579.33,1421.39,789.663,868.629
4,480,236.899,315.865,710.696,1105.53,1263.46,1421.39,1342.43,1105.53,868.629,710.696,1342.43
5,480,236.899,236.899,236.899,710.696,394.831,1500.36,1263.46,1658.29,1184.49,236.899,789.663
6,480,157.933,157.933,315.865,315.865,315.865,236.899,315.865,710.696,473.798,236.899,1105.53
7,480,157.933,157.933,236.899,315.865,552.764,473.798,394.831,473.798,394.831,236.899,1184.49
8,480,157.933,157.933,157.933,157.933,157.933,552.764,394.831,552.764,473.798,78.9663,394.831
9,480,157.933,157.933,236.899,157.933,157.933,157.933,78.9663,236.899,157.933,236.899,473.798
10,480,157.933,78.9663,157.933,157.933,236.899,157.933,157.933,157.933,78.9663,315.865,394.831
0,481,947.595,2053.12,2921.75,1342.43,1658.29,1184.49,1105.53,1105.53,1026.56,1816.22,1105.53
1,481,710.696,1816.22,1737.26,1184.49,2053.12,1105.53,1184.49,789.663,710.696,1579.33,1263.46
2,481,394.831,1105.53,947.595,2842.79,1895.19,1737.26,1895.19,1342.43,1184.49,710.696,631.73
3,481,236.899,473.798,947.595,1974.16,1421.39,1421.39,1421.39,1263.46,1421.39,552.764,710.696
4,481,236.899,394.831,473.798,1421.39,868.629,1421.39,1421.39,1263.46,1105.53,552.764,1263.46
5,481,236.899,236.899,236.899,1026.56,236.899,1105.53,1026.56,1500.36,1026.56,315.865,868.629
6,481,157.933,157.933,315.865,236.899,394.831,236.899,236.899,552.764,394.831,315.865,1105.53
7,481,157.933,157.933,236.899,315.865,631.73,552.764,473.798,631.73,394.831,236.899,1026.56
8,481,157.933,157.933,157.933,315.865,236.899,631.73,552.764,631.73,473.798,78.9663,473.798
9,481,157.933,78.9663,157.933,157.933,157.933,157.933,157.933,157.933,157.933,236.899,552.764
0,482,789.663,1816.22,2053.12,1026.56,1500.36,1105.53,1421.39,1026.56,789.663,1658.29,1184.49
1,482,631.73,1737.26,1263.46,1579.33,1737.26,1105.53,1342.43,631.73,631.73,1184.49,1105.53
2,482,394.831,868.629,868.629,2921.75,1816.22,1500.36,1816.22,868.629,1026.56,710.696,473.798
3,482,236.899,394.831,789.663,1816.22,1421.39,1737.26,1579.33,1184.49,1421.39,552.764,552.764
4,482,236.899,394.831,394.831,1184.49,631.73,1500.36,1421.39,1579.33,1421.39,473.798,1184.49
5,482,236.899,236.899,315.865,789.663,236.899,789.663,710.696,1342.43,1026.56,394.831,1184.49
6,482,157.933,157.933,473.798,236.899,473.798,236.899,236.899,552.764,394.831,315.865,1342.43
7,482,157.933,157.933,315.865,394.831,394.831,473.798,552.764,631.73,315.865,236.899,947.595
8,482,157.933,236.899,157.933,473.798,157.933,394.831,473.798,473.798,315.865,78.9663,473.798
9,482,157.933,157.933,236.899,157.933,157.933,78.9663,78.9663,78.9663,78.9663,157.933,473.798
0,483,710.696,2132.09,1658.29,1421.39,1342.43,473.798,789.663,473.798,394.831,1184.49,789.663
1,483,552.764,1658.29,1026.56,2290.02,2053.12,868.629,1105.53,394.831,631.73,1026.56,473.798
2,483,315.865,710.696,631.73,2368.99,1500.36,1737.26,1816.22,789.663,1263.46,947.595,236.899
3,483,236.899,315.865,631.73,1342.43,789.663,1974.16,1895.19,1579.33,1658.29,631.73,631.73
4,483,315.865,315.865,315.865,1026.56,394.831,1263.46,1342.43,1895.19,1421.39,394.831,1421.39
5,483,236.899,157.933,315.865,473.798,236.899,552.764,552.764,1263.46,947.595,236.899,1500.36
6,483,157.933,157.933,473.798,157.933,315.865,315.865,315.865,552.764,315.865,315.865,1500.36
7,483,157.933,236.899,236.899,315.865,157.933,315.865,315.865,394.831,236.899,236.899,868.629
8,483,236.899,157.933,236.899,315.865,78.9663,157.933,157.933,236.899,157.933,78.9663,315.865
9,483,157.933,157.933,236.899,157.933,236.899,78.9663,78.9663,78.9663,78.9663,78.9663,394.831
0,484,552.764,1737.26,1974.16,1500.36,1816.22,394.831,473.798,315.865,394.831,947.595,473.798
1,484,394.831,1026.56,1026.56,2211.06,2132.09,1342.43,1421.39,552.764,1026.56,1263.46,236.899
2,484,236.899,394.831,394.831,1974.16,947.595,1816.22,1974.16,1263.46,1579.33,947.595,315.865
3,484,236.899,236.899,394.831,1579.33,473.798,1263.46,1579.33,1816.22,1342.43,473.798,868.629
4,484,315.865,315.865,315.865,1184.49,473.798,789.663,868.629,1500.36,947.595,236.899,1500.36
5,484,236.899,157.933,236.899,394.831,394.831,631.73,473.798,1184.49,789.663,157.933,1184.49
6,484,157.933,157.933,315.865,157.933,236.899,394.831,315.865,631.73,315.865,236.899,1342.43
7,484,157.933,236.899,157.933,315.865,78.9663,236.899,236.899,236.899,157.933,157.933,789.663
0,485,394.831,1184.49,1342.43,868.629,1658.29,631.73,789.663,710.696,789.663,1263.46,710.696
1,485,236.899,868.629,552.764,1421.39,1263.46,1421.39,1737.26,789.663,1184.49,1263.46,789.663
2,485,236.899,473.798,315.865,2211.06,789.663,1184.49,1421.39,1105.53,1263.46,710.696,789.663
3,485,236.899,315.865,473.798,1579.33,631.73,789.663,868.629,1026.56,789.663,236.899,1105.53
4,485,236.899,236.899,315.865,631.73,473.798,789.663,710.696,1026.56,868.629,157.933,947.595
5,485,236.899,157.933,157.933,157.933,394.831,710.696,631.73,1421.39,868.629,157.933,789.663
6,485,157.933,157.933,157.933,157.933,157.933,315.865,394.831,631.73,315.865,236.899,1342.43
7,485,157.933,157.933,236.899,394.831,157.933,78.9663,157.933,157.933,157.933,157.933,868.629
0,486,394.831,1026.56,789.663,868.629,1263.46,1263.46,1263.46,631.73,947.595,1263.46,868.629
1,486,394.831,868.629,631.73,1658.29,1263.46,1105.53,1263.46,710.696,868.629,789.663,947.595
2,486,315.865,394.831,473.798,1816.22,1105.53,1184.49,1026.56,789.663,789.663,236.899,868.629
3,486,236.899,236.899,473.798,789.663,473.798,1105.53,947.595,947.595,868.629,157.933,789.663
4,486,157.933,157.933,236.899,315.865,236.899,552.764,631.73,1184.49,947.595,236.899,552.764
5,486,157.933,157.933,157.933,157.933,157.933,315.865,473.798,1105.53,552.764,236.899,947.595
6,486,157.933,157.933,157.933,236.899,157.933,157.933,236.899,315.865,157.933,157.933,1342.43
7,486,157.933,157.933,236.899,315.865,157.933,157.933,78.9663,78.9663,157.933,157.933,631.73
10,486,157.933,157.933,157.933,394.831,78.9663,157.933,78.9663,157.933,157.933,157.933,236.899
0,487,394.831,868.629,552.764,1579.33,1026.56,1342.43,1500.36,552.764,789.663,710.696,631.73
1,487,315.865,473.798,631.73,1579.33,1105.53,1026.56,1105.53,631.73,631.73,315.865,631.73
2,487,236.899,236.899,394.831,1026.56,631.73,1579.33,1579.33,947.595,1105.53,157.933,552.764
3,487,157.933,157.933,157.933,552.764,157.933,1026.56,1026.56,1342.43,1105.53,394.831,552.764
4,487,157.933,157.933,157.933,394.831,236.899,236.899,315.865,789.663,552.764,473.798,868.629
5,487,157.933,157.933,157.933,236.899,315.865,236.899,157.933,473.798,236.899,236.899,1105.53
6,487,157.933,157.933,157.933,157.933,236.899,315.865,157.933,236.899,236.899,78.9663,789.663
7,487,157.933,157.933,157.933,157.933,157.933,315.865,236.899,315.865,236.899,78.9663,394.831
0,488,236.899,552.764,394.831,2290.02,868.629,1105.53,1105.53,552.764,552.764,315.865,473.798
1,488,157.933,236.899,473.798,1342.43,552.764,1263.46,1184.49,710.696,868.629,236.899,394.831
2,488,157.933,236.899,236.899,868.629,236.899,1263.46,1421.39,1500.36,1421.39,394.831,394.831
3,488,157.933,236.899,236.899,473.798,157.933,473.798,473.798,1263.46,789.663,631.73,868.629
4,488,157.933,157.933,236.899,236.899,315.865,157.933,157.933,473.798,236.899,394.831,1263.46
5,488,157.933,157.933,236.899,157.933,315.865,394.831,315.865,394.831,315.865,157.933,868.629
6,488,78.9663,78.9663,157.933,236.899,157.933,473.798,473.798,473.798,394.831,78.9663,394.831
7,488,78.9663,157.933,157.933,157.933,78.9663,236.899,315.865,394.831,315.865,157.933,473.798
8,488,157.933,157.933,78.9663,157.933,157.933,78.9663,157.933,236.899,157.933,157.933,394.831
0,489,157.933,315.865,236.899,1579.33,315.865,1263.46,1263.46,789.663,789.663,315.865,631.73
1,489,157.933,236.899,236.899,1026.56,157.933,868.629,1105.53,1105.53,1105.53,315.865,473.798
2,489,236.899,236.899,236.899,631.73,236.899,473.798,710.696,1500.36,947.595,394.831,710.696
3,489,236.899,157.933,315.865,315.865,236.899,236.899,236.899,947.595,394.831,315.865,1184.49
4,489,157.933,157.933,236.899,157.933,236.899,157.933,236.899,394.831,236.899,157.933,1184.49
5,489,78.9663,157.933,157.933,315.865,157.933,236.899,315.865,394.831,236.899,78.9663,473.798
6,489,78.9663,157.933,157.933,315.865,78.9663,157.933,315.865,315.865,236.899,157.933,394.831
7,489,78.9663,78.9663,157.933,157.933,157.933,78.9663,78.9663,157.933,157.933,157.933,394.831
0,490,157.933,236.899,315.865,1500.36,157.933,710.696,868.629,1026.56,947.595,236.899,947.595
1,490,157.933,157.933,394.831,789.663,315.865,315.865,394.831,947.595,789.663,236.899,868.629
2,490,157.933,157.933,236.899,473.798,394.831,315.865,236.899,710.696,473.798,236.899,1026.56
3,490,157.933,157.933,157.933,315.865,236.899,236.899,236.899,552.764,315.865,78.9663,1026.56
4,490,157.933,157.933,157.933,157.933,157.933,157.933,157.933,394.831,157.933,78.9663,631.73
0,491,157.933,236.899,552.764,947.595,315.865,473.798,552.764,1184.49,868.629,157.933,947.595
1,491,157.933,236.899,315.865,315.865,394.831,315.865,236.899,631.73,473.798,157.933,1105.53
2,491,157.933,236.899,157.933,236.899,236.899,315.865,315.865,552.764,315.865,157.933,947.595
3,491,157.933,157.933,157.933,157.933,157.933,236.899,236.899,473.798,236.899,78.9663,552.764
4,491,157.933,78.9663,236.899,157.933,157.933,78.9663,157.933,157.933,157.933,157.933,394.831
5,491,157.933,157.933,157.933,236.899,78.9663,157.933,157.933,78.9663,78.9663,157.933,315.865
10,491,157.933,157.933,157.933,236.899,236.899,157.933,157.933,78.9663,157.933,157.933,315.865
0,492,157.933,157.933,236.899,315.865,236.899,157.933,236.899,789.663,473.798,236.899,1026.56
1,492,157.933,236.899,157.933,315.865,157.933,157.933,236.899,394.831,315.865,315.865,947.595
2,492,157.933,157.933,157.933,315.865,157.933,157.933,236.899,394.831,315.865,236.899,552.764
3,492,157.933,78.9663,157.933,236.899,236.899,78.9663,236.899,236.899,236.899,157.933,473.798
4,492,157.933,157.933,157.933,236.899,157.933,157.933,157.933,78.9663,78.9663,157.933,473.798
5,492,157.933,157.933,157.933,236.899,78.9663,236.899,157.933,157.933,157.933,157.933,236.899
0,493,157.933,236.899,157.933,157.933,157.933,157.933,157.933,473.798,315.865,394.831,710.696
1,493,157.933,236.899,157.933,236.899,236.899,157.933,157.933,315.865,315.865,315.865,552.764
2,493,157.933,78.9663,157.933,236.899,236.899,157.933,157.933,236.899,315.865,236.899,552.764
3,493,157.933,78.9663,157.933,157.933,78.9663,236.899,236.899,157.933,157.933,236.899,631.73
4,493,157.933,157.933,157.933,315.865,78.9663,157.933,236.899,157.933,157.933,236.899,394.831
0,494,157.933,157.933,157.933,78.9663,157.933,78.9663,157.933,157.933,157.933,315.865,473.798
1,494,157.933,157.933,157.933,157.933,78.9663,78.9663,157.933,157.933,157.933,236.899,473.798
2,494,157.933,157.933,157.933,315.865,78.9663,157.933,236.899,157.933,157.933,315.865,473.798
3,494,157.933,157.933,157.933,394.831,78.9663,157.933,236.899,157.933,157.933,315.865,394.831
4,494,157.933,157.933,157.933,315.865,157.933,78.9663,78.9663,157.933,157.933,236.899,236.899
0,495,157.933,157.933,157.933,157.933,78.9663,157.933,78.9663,157.933,78.9663,236.899,394.831
1,495,236.899,157.933,157.933,315.865,78.9663,157.933,78.9663,78.9663,78.9663,236.899,236.899
2,495,236.899,236.899,157.933,315.865,78.9663,78.9663,78.9663,78.9663,157.933,236.899,236.899
0,496,157.933,157.933,157.933,315.865,78.9663,157.933,157.933,157.933,157.933,236.899,236.899
11,496,236.899,236.899,78.9663,157.933,78.9663,157.933,78.9663,157.933,315.865,157.933,157.933
12,496,236.899,236.899,157.933,157.933,157.933,157.933,78.9663,78.9663,236.899,236.899,236.899
13,496,157.933,157.933,236.899,236.899,315.865,157.933,78.9663,78.9663,157.933,236.899,236.899
4,497,157.933,236.899,236.899,236.899,236.899,157.933,157.933,78.9663,236.899,315.865,157.933
5,497,157.933,157.933,394.831,236.899,473.798,236.899,157.933,78.9663,157.933,315.865,236.899
11,497,236.899,157.933,157.933,236.899,157.933,236.899,157.933,315.865,236.899,78.9663,315.865
12,497,157.933,157.933,394.831,236.899,157.933,236.899,236.899,315.865,315.865,78.9663,394.831
13,497,157.933,157.933,394.831,157.933,157.933,157.933,236.899,236.899,236.899,157.933,394.831
4,498,236.899,236.899,394.831,157.933,394.831,394.831,394.831,157.933,394.831,157.933,394.831
5,498,315.865,157.933,315.865,236.899,236.899,473.798,552.764,315.865,315.865,236.899,473.798
6,498,236.899,157.933,157.933,236.899,157.933,315.865,473.798,394.831,315.865,157.933,394.831
11,498,315.865,473.798,157.933,710.696,315.865,394.831,236.899,236.899,236.899,157.933,157.933
18,498,157.933,78.9663,157.933,157.933,236.899,315.865,315.865,394.831,473.798,157.933,315.865
19,498,78.9663,78.9663,157.933,157.933,236.899,315.865,315.865,236.899,473.798,78.9663,394.831
20,498,78.9663,78.9663,78.9663,157.933,157.933,236.899,157.933,157.933,315.865,78.9663,394.831
2,499,236.899,157.933,394.831,394.831,552.764,315.865,236.899,236.899,315.865,78.9663,315.865
3,499,236.899,236.899,157.933,315.865,236.899,473.798,394.831,315.865,315.865,78.9663,473.798
4,499,236.899,236.899,315.865,315.865,78.9663,315.865,473.798,394.831,315.865,157.933,473.798
5,499,157.933,157.933,473.798,315.865,236.899,157.933,315.865,394.831,236.899,157.933,473.798
7,499,157.933,157.933,315.865,157.933,236.899,157.933,78.9663,157.933,157.933,157.933,315.865
10,499,157.933,236.899,157.933,315.865,157.933,473.798,473.798,473.798,552.764,236.899,236.899
11,499,157.933,157.933,315.865,315.865,157.933,236.899,315.865,473.798,552.764,394.831,473.798
12,499,157.933,157.933,315.865,315.865,236.899,236.899,236.899,394.831,473.798,552.764,473.798
13,499,157.933,157.933,236.899,236.899,315.865,315.865,315.865,236.899,236.899,710.696,394.831
14,499,157.933,157.933,157.933,236.899,236.899,315.865,236.899,157.933,157.933,552.764,236.899
20,499,78.9663,78.9663,157.933,236.899,236.899,315.865,315.865,473.798,473.798,157.933,394.831
21,499,78.9663,78.9663,157.933,236.899,236.899,315.865,236.899,315.865,315.865,157.933,473.798
22,499,78.9663,78.9663,78.9663,236.899,236.899,315.865,236.899,236.899,236.899,157.933,394.831
0,500,315.865,236.899,631.73,315.865,236.899,157.933,78.9663,78.9663,157.933,236.899,236.899
10,500,315.865,315.865,315.865,789.663,552.764,236.899,394.831,710.696,394.831,236.899,710.696
11,500,236.899,236.899,236.899,868.629,789.663,552.764,473.798,473.798,710.696,315.865,789.663
12,500,236.899,157.933,236.899,552.764,394.831,710.696,394.831,473.798,710.696,315.865,631.73
13,500,157.933,157.933,315.865,394.831,236.899,236.899,157.933,394.831,315.865,394.831,789.663
14,500,157.933,157.933,236.899,473.798,315.865,157.933,236.899,236.899,157.933,394.831,631.73
17,500,236.899,157.933,236.899,394.831,1026.56,710.696,473.798,473.798,631.73,236.899,315.865
18,500,236.899,157.933,236.899,394.831,631.73,789.663,315.865,315.865,473.798,236.899,394.831
19,500,157.933,157.933,157.933,473.798,315.865,394.831,236.899,157.933,236.899,236.899,315.865
21,500,157.933,157.933,236.899,315.865,236.899,236.899,236.899,394.831,315.865,315.865,315.865
22,500,157.933,157.933,157.933,315.865,394.831,315.865,394.831,394.831,315.865,315.865,473.798
23,500,157.933,157.933,157.933,236.899,315.865,473.798,394.831,394.831,315.865,157.933,473.798
24,500,157.933,78.9663,157.933,157.933,157.933,315.865,157.933,236.899,236.899,157.933,315.865
27,500,78.9663,78.9663,157.933,157.933,157.933,236.899,157.933,157.933,236.899,78.9663,315.865
28,500,78.9663,78.9663,157.933,78.9663,78.9663,157.933,78.9663,78.9663,78.9663,157.933,315.865
4,501,236.899,394.831,394.831,394.831,631.73,947.595,473.798,315.865,315.865,78.9663,157.933
5,501,315.865,236.899,236.899,394.831,157.933,552.764,473.798,473.798,315.865,157.933,236.899
8,501,236.899,157.933,157.933,236.899,236.899,473.798,473.798,236.899,315.865,78.9663,315.865
9,501,236.899,315.865,631.73,315.865,315.865,157.933,236.899,315.865,157.933,157.933,473.798
10,501,236.899,473.798,789.663,710.696,789.663,315.865,315.865,236.899,236.899,315.865,394.831
13,501,236.899,315.865,394.831,315.865,552.764,394.831,315.865,473.798,315.865,236.899,394.831
14,501,236.899,315.865,394.831,789.663,631.73,631.73,394.831,236.899,315.865,236.899,473.798
15,501,315.865,236.899,552.764,868.629,394.831,710.696,394.831,236.899,394.831,157.933,236.899
16,501,315.865,236.899,1105.53,631.73,394.831,394.831,473.798,315.865,315.865,315.865,236.899
18,501,236.899,315.865,631.73,552.764,947.595,1105.53,1105.53,1026.56,710.696,394.831,552.764
19,501,236.899,315.865,394.831,710.696,789.663,947.595,789.663,710.696,631.73,394.831,631.73
20,501,157.933,236.899,236.899,710.696,947.595,789.663,552.764,473.798,473.798,315.865,473.798
21,501,157.933,157.933,236.899,552.764,631.73,789.663,473.798,394.831,552.764,236.899,315.865
22,501,157.933,157.933,315.865,394.831,394.831,394.831,236.899,315.865,315.865,394.831,473.798
23,501,157.933,157.933,236.899,315.865,473.798,394.831,473.798,473.798,394.831,315.865,552.764
24,501,157.933,157.933,157.933,315.865,236.899,552.764,394.831,473.798,473.798,157.933,473.798
25,501,157.933,157.933,157.933,236.899,157.933,236.899,157.933,236.899,236.899,236.899,394.831
28,501,78.9663,78.9663,157.933,157.933,157.933,236.899,157.933,157.933,157.933,78.9663,394.831
0,502,315.865,236.899,315.865,236.899,236.899,236.899,236.899,157.933,157.933,236.899,315.865
1,502,394.831,552.764,631.73,631.73,315.865,157.933,157.933,78.9663,157.933,78.9663,157.933
2,502,473.798,473.798,552.764,1026.56,710.696,394.831,394.831,236.899,394.831,78.9663,157.933
4,502,552.764,157.933,236.899,157.933,236.899,473.798,552.764,1026.56,394.831,394.831,473.798
5,502,631.73,315.865,394.831,236.899,236.899,157.933,315.865,552.764,157.933,315.865,552.764
6,502,236.899,473.798,710.696,394.831,157.933,157.933,157.933,236.899,157.933,236.899,394.831
8,502,710.696,552.764,473.798,552.764,394.831,157.933,236.899,236.899,157.933,157.933,236.899
9,502,394.831,947.595,789.663,1579.33,1421.39,552.764,473.798,236.899,631.73,394.831,236.899
10,502,236.899,631.73,552.764,1737.26,1105.53,1500.36,947.595,552.764,1105.53,631.73,157.933
11,502,315.865,236.899,394.831,710.696,473.798,947.595,473.798,710.696,710.696,631.73,552.764
12,502,315.865,394.831,552.764,315.865,315.865,315.865,236.899,473.798,236.899,710.696,710.696
13,502,394.831,473.798,394.831,552.764,394.831,236.899,315.865,315.865,157.933,789.663,315.865
14,502,473.798,473.798,315.865,710.696,473.798,473.798,631.73,473.798,315.865,789.663,157.933
16,502,552.764,552.764,552.764,789.663,1026.56,710.696,473.798,473.798,473.798,473.798,315.865
17,502,394.831,394.831,552.764,947.595,552.764,473.798,315.865,236.899,236.899,552.764,315.865
18,502,315.865,394.831,631.73,868.629,473.798,394.831,552.764,631.73,394.831,552.764,236.899
19,502,236.899,394.831,868.629,710.696,473.798,473.798,631.73,710.696,473.798,552.764,315.865
20,502,236.899,394.831,631.73,789.663,947.595,552.764,789.663,710.696,473.798,552.764,552.764
21,502,236.899,315.865,394.831,868.629,1105.53,1263.46,1184.49,1026.56,947.595,315.865,473.798
22,502,157.933,236.899,473.798,631.73,552.764,1026.56,631.73,710.696,789.663,315.865,631.73
23,502,157.933,157.933,394.831,394.831,631.73,394.831,394.831,394.831,315.865,394.831,710.696
24,502,157.933,157.933,236.899,315.865,473.798,710.696,631.73,789.663,631.73,236.899,473.798
25,502,157.933,157.933,236.899,315.865,236.899,473.798,315.865,473.798,552.764,157.933,631.73
26,502,157.933,157.933,236.899,157.933,236.899,157.933,157.933,157.933,157.933,236.899,552.764
29,502,157.933,78.9663,157.933,157.933,157.933,157.933,157.933,78.9663,157.933,78.9663,315.865
0,503,394.831,394.831,315.865,236.899,236.899,157.933,157.933,78.9663,157.933,78.9663,236.899
1,503,236.899,473.798,394.831,552.764,315.865,236.899,236.899,157.933,394.831,78.9663,157.933
2,503,236.899,157.933,315.865,631.73,236.899,394.831,552.764,552.764,552.764,157.933,315.865
3,503,394.831,236.899,315.865,236.899,552.764,236.899,394.831,789.663,394.831,315.865,552.764
4,503,789.663,315.865,315.865,631.73,789.663,394.831,236.899,394.831,236.899,473.798,631.73
5,503,473.798,631.73,394.831,710.696,394.831,631.73,236.899,157.933,236.899,315.865,315.865
6,503,236.899,473.798,236.899,473.798,315.865,394.831,157.933,236.899,236.899,157.933,157.933
7,503,473.798,315.865,315.865,236.899,315.865,315.865,157.933,157.933,236.899,78.9663,157.933
8,503,631.73,947.595,710.696,710.696,552.764,315.865,394.831,236.899,473.798,236.899,157.933
9,503,394.831,947.595,868.629,1421.39,868.629,868.629,1184.49,710.696,710.696,473.798,157.933
11,503,394.831,315.865,473.798,315.865,1026.56,1263.46,1263.46,1342.43,868.629,315.865,789.663
12,503,315.865,552.764,315.865,473.798,552.764,947.595,710.696,631.73,631.73,315.865,947.595
13,503,315.865,552.764,473.798,1184.49,789.663,631.73,394.831,394.831,710.696,394.831,710.696
14,503,552.764,394.831,1105.53,789.663,947.595,552.764,394.831,315.865,552.764,552.764,552.764
15,503,552.764,631.73,1737.26,473.798,1421.39,631.73,710.696,552.764,552.764,552.764,552.764
16,503,394.831,789.663,1579.33,710.696,1816.22,1263.46,1184.49,710.696,710.696,552.764,552.764
17,503,473.798,710.696,1263.46,868.629,1579.33,1263.46,947.595,473.798,473.798,552.764,710.696
18,503,394.831,789.663,947.595,1342.43,1895.19,1105.53,868.629,394.831,473.798,473.798,394.831
19,503,394.831,710.696,631.73,1263.46,1421.39,1421.39,789.663,552.764,789.663,473.798,157.933
20,503,315.865,552.764,789.663,1026.56,710.696,710.696,473.798,315.865,473.798,789.663,394.831
21,503,236.899,394.831,473.798,1105.53,1184.49,868.629,1105.53,1105.53,789.663,631.73,394.831
22,503,236.899,315.865,473.798,868.629,631.73,1263.46,1105.53,1500.36,1105.53,394.831,552.764
23,503,236.899,236.899,473.798,631.73,631.73,473.798,473.798,552.764,394.831,552.764,947.595
24,503,236.899,157.933,315.865,473.798,710.696,710.696,710.696,789.663,552.764,394.831,552.764
25,503,157.933,157.933,236.899,394.831,315.865,710.696,552.764,789.663,710.696,157.933,552.764
26,503,157.933,157.933,236.899,236.899,394.831,315.865,236.899,315.865,315.865,236.899,868.629
27,503,157.933,157.933,236.899,157.933,236.899,315.865,236.899,236.899,157.933,236.899,394.831
1,504,236.899,157.933,236.899,157.933,236.899,394.831,315.865,473.798,552.764,78.9663,315.865
2,504,236.899,315.865,473.798,315.865,473.798,157.933,236.899,473.798,236.899,157.933,631.73
3,504,473.798,394.831,631.73,631.73,631.73,394.831,315.865,157.933,236.899,236.899,552.764
4,504,394.831,315.865,710.696,631.73,473.798,789.663,710.696,473.798,394.831,157.933,157.933
6,504,394.831,315.865,236.899,236.899,315.865,473.798,473.798,473.798,473.798,236.899,315.865
7,504,631.73,789.663,315.865,631.73,315.865,552.764,552.764,552.764,710.696,236.899,315.865
8,504,868.629,789.663,631.73,1421.39,315.865,394.831,473.798,552.764,473.798,394.831,473.798
9,504,552.764,631.73,1342.43,1026.56,473.798,157.933,394.831,473.798,157.933,473.798,552.764
10,504,315.865,473.798,1263.46,947.595,552.764,236.899,473.798,473.798,157.933,315.865,315.865
12,504,710.696,631.73,1184.49,552.764,789.663,394.831,552.764,631.73,236.899,710.696,236.899
13,504,1184.49,947.595,1500.36,1026.56,1579.33,631.73,710.696,710.696,315.865,552.764,315.865
14,504,1342.43,1105.53,1421.39,1579.33,947.595,1105.53,947.595,710.696,552.764,473.798,394.831
15,504,1342.43,868.629,1658.29,868.629,315.865,789.663,789.663,473.798,315.865,631.73,473.798
16,504,1105.53,789.663,1658.29,789.663,394.831,473.798,789.663,473.798,236.899,868.629,394.831
17,504,631.73,710.696,2132.09,710.696,473.798,394.831,631.73,552.764,157.933,868.629,394.831
18,504,473.798,789.663,2053.12,710.696,1105.53,473.798,868.629,473.798,236.899,789.663,236.899
20,504,394.831,789.663,1184.49,1421.39,868.629,1263.46,947.595,710.696,710.696,789.663,315.865
21,504,315.865,552.764,1105.53,1500.36,1658.29,789.663,868.629,552.764,552.764,947.595,394.831
22,504,315.865,394.831,552.764,1026.56,1421.39,1500.36,1342.43,1421.39,1105.53,552.764,315.865
23,504,236.899,315.865,473.798,710.696,710.696,868.629,552.764,710.696,631.73,552.764,789.663
24,504,236.899,236.899,394.831,631.73,868.629,631.73,631.73,631.73,473.798,473.798,710.696
25,504,236.899,236.899,473.798,473.798,394.831,789.663,710.696,947.595,631.73,236.899,394.831
26,504,236.899,236.899,394.831,236.899,473.798,394.831,315.865,473.798,394.831,315.865,789.663
27,504,157.933,157.933,236.899,157.933,394.831,473.798,315.865,315.865,236.899,236.899,552.764
0,505,236.899,236.899,236.899,473.798,236.899,236.899,315.865,157.933,236.899,236.899,157.933
2,505,473.798,473.798,552.764,1737.26,552.764,394.831,315.865,236.899,236.899,78.9663,473.798
3,505,394.831,315.865,631.73,947.595,236.899,789.663,631.73,473.798,473.798,78.9663,157.933
5,505,394.831,236.899,157.933,1026.56,315.865,236.899,315.865,315.865,473.798,315.865,394.831
6,505,552.764,631.73,394.831,710.696,473.798,394.831,473.798,473.798,868.629,473.798,315.865
7,505,1105.53,789.663,710.696,394.831,552.764,473.798,552.764,710.696,789.663,394.831,552.764
8,505,1342.43,868.629,947.595,473.798,473.798,394.831,236.899,394.831,236.899,236.899,1026.56
9,505,631.73,1263.46,631.73,947.595,868.629,394.831,394.831,157.933,394.831,236.899,710.696
10,505,710.696,631.73,473.798,1263.46,1263.46,1342.43,868.629,710.696,1105.53,473.798,157.933
11,505,1105.53,631.73,1263.46,789.663,1421.39,1421.39,710.696,789.663,1026.56,1105.53,473.798
12,505,1184.49,1026.56,1737.26,710.696,1974.16,1184.49,710.696,394.831,631.73,1184.49,789.663
13,505,1184.49,1184.49,947.595,552.764,1263.46,1184.49,868.629,394.831,394.831,789.663,315.865
14,505,1105.53,1105.53,710.696,868.629,394.831,789.663,789.663,473.798,236.899,473.798,157.933
15,505,1342.43,1026.56,1105.53,552.764,394.831,315.865,315.865,315.865,157.933,552.764,157.933
16,505,1500.36,1737.26,1105.53,1026.56,789.663,157.933,157.933,157.933,157.933,710.696,78.9663
17,505,1026.56,1500.36,947.595,1105.53,1026.56,315.865,236.899,157.933,78.9663,789.663,157.933
18,505,947.595,1184.49,1342.43,631.73,552.764,473.798,315.865,315.865,157.933,1026.56,78.9663
19,505,868.629,1184.49,1421.39,1500.36,947.595,315.865,710.696,552.764,315.865,868.629,157.933
20,505,552.764,868.629,1737.26,1579.33,1105.53,868.629,947.595,631.73,473.798,789.663,315.865
21,505,473.798,710.696,1974.16,1421.39,1658.29,631.73,789.663,473.798,473.798,1026.56,315.865
22,505,394.831,552.764,947.595,1421.39,1816.22,1421.39,1658.29,1026.56,868.629,710.696,236.899
23,505,315.865,394.831,868.629,868.629,1026.56,1342.43,1105.53,947.595,868.629,473.798,552.764
24,505,315.865,315.865,631.73,947.595,1500.36,947.595,789.663,710.696,789.663,473.798,789.663
25,505,236.899,236.899,552.764,473.798,631.73,1184.49,868.629,947.595,789.663,236.899,631.73
26,505,236.899,236.899,710.696,315.865,552.764,394.831,315.865,473.798,394.831,315.865,789.663
27,505,236.899,157.933,315.865,315.865,710.696,631.73,473.798,473.798,315.865,315.865,631.73
28,505,157.933,78.9663,236.899,157.933,236.899,394.831,236.899,315.865,315.865,78.9663,394.831
1,506,473.798,789.663,394.831,789.663,157.933,78.9663,157.933,157.933,78.9663,78.9663,78.9663
2,506,394.831,315.865,315.865,1105.53,236.899,236.899,473.798,236.899,473.798,78.9663,157.933
3,506,236.899,394.831,236.899,394.831,157.933,394.831,473.798,631.73,473.798,315.865,236.899
4,506,315.865,473.798,552.764,1105.53,473.798,157.933,236.899,315.865,394.831,315.865,473.798
5,506,473.798,631.73,710.696,1263.46,1026.56,710.696,710.696,394.831,868.629,236.899,394.831
6,506,631.73,394.831,710.696,868.629,947.595,789.663,631.73,710.696,710.696,552.764,473.798
7,506,710.696,473.798,710.696,473.798,394.831,552.764,473.798,473.798,315.865,315.865,947.595
8,506,552.764,789.663,552.764,1026.56,236.899,236.899,236.899,236.899,157.933,157.933,789.663
9,506,710.696,631.73,1026.56,1500.36,789.663,236.899,473.798,315.865,394.831,394.831,315.865
10,506,1263.46,710.696,1737.26,947.595,1263.46,947.595,1421.39,1421.39,1026.56,710.696,157.933
11,506,1026.56,1184.49,2763.82,394.831,1026.56,1184.49,1579.33,2053.12,1105.53,947.595,789.663
12,506,789.663,1026.56,1737.26,473.798,947.595,1026.56,1579.33,1263.46,710.696,631.73,1342.43
13,506,1026.56,473.798,947.595,315.865,473.798,789.663,1026.56,631.73,315.865,315.865,710.696
14,506,1500.36,394.831,1421.39,315.865,315.865,315.865,315.865,236.899,157.933,236.899,236.899
15,506,1263.46,710.696,2053.12,868.629,236.899,236.899,157.933,78.9663,157.933,157.933,157.933
16,506,1026.56,789.663,2211.06,2211.06,473.798,78.9663,157.933,157.933,315.865,236.899,157.933
17,506,1342.43,947.595,1658.29,947.595,1105.53,315.865,315.865,157.933,315.865,315.865,394.831
18,506,1500.36,1342.43,1974.16,552.764,631.73,552.764,394.831,236.899,236.899,789.663,394.831
19,506,1500.36,1737.26,2132.09,1342.43,1026.56,315.865,315.865,394.831,236.899,947.595,236.899
20,506,1026.56,1263.46,2053.12,1342.43,1500.36,789.663,868.629,315.865,394.831,710.696,315.865
21,506,789.663,1184.49,2053.12,1421.39,1579.33,710.696,710.696,315.865,394.831,947.595,315.865
22,506,631.73,868.629,1184.49,2368.99,1500.36,1026.56,1263.46,710.696,631.73,789.663,236.899
23,506,473.798,552.764,1500.36,1263.46,789.663,1184.49,1184.49,947.595,789.663,552.764,315.865
24,506,473.798,552.764,1105.53,1421.39,1737.26,1105.53,1184.49,1105.53,1026.56,631.73,552.764
25,506,394.831,315.865,552.764,710.696,947.595,1579.33,1184.49,1421.39,1026.56,394.831,789.663
26,506,236.899,236.899,947.595,315.865,473.798,473.798,394.831,552.764,394.831,236.899,947.595
27,506,236.899,236.899,552.764,394.831,789.663,552.764,631.73,631.73,394.831,236.899,631.73
28,506,157.933,157.933,236.899,236.899,315.865,710.696,552.764,552.764,473.798,157.933,473.798
29,506,157.933,157.933,315.865,157.933,157.933,157.933,157.933,78.9663,157.933,78.9663,473.798
0,507,315.865,552.764,157.933,236.899,157.933,78.9663,78.9663,157.933,78.9663,78.9663,236.899
1,507,315.865,394.831,157.933,552.764,78.9663,157.933,78.9663,78.9663,157.933,78.9663,78.9663
2,507,394.831,315.865,236.899,473.798,78.9663,78.9663,157.933,157.933,236.899,236.899,157.933
3,507,710.696,552.764,473.798,1737.26,236.899,78.9663,157.933,394.831,157.933,552.764,315.865
4,507,789.663,947.595,868.629,1184.49,394.831,315.865,394.831,157.933,315.865,236.899,394.831
5,507,710.696,947.595,631.73,1026.56,552.764,473.798,552.764,710.696,394.831,315.865,236.899
6,507,473.798,473.798,552.764,868.629,1263.46,473.798,473.798,552.764,315.865,394.831,552.764
7,507,868.629,710.696,473.798,394.831,789.663,789.663,394.831,315.865,473.798,236.899,473.798
8,507,1184.49,1500.36,1105.53,947.595,473.798,236.899,157.933,315.865,315.865,473.798,315.865
9,507,2053.12,1737.26,1026.56,1263.46,947.595,473.798,473.798,157.933,473.798,789.663,315.865
10,507,2053.12,1184.49,1342.43,868.629,552.764,710.696,631.73,473.798,315.865,789.663,315.865
11,507,1184.49,868.629,1658.29,631.73,394.831,315.865,473.798,631.73,236.899,552.764,315.865
12,507,1342.43,394.831,947.595,868.629,552.764,236.899,315.865,394.831,236.899,236.899,315.865
13,507,1737.26,236.899,631.73,710.696,1105.53,473.798,394.831,315.865,552.764,157.933,236.899
14,507,1974.16,631.73,710.696,710.696,1184.49,1342.43,710.696,710.696,868.629,157.933,315.865
15,507,1421.39,1184.49,631.73,394.831,473.798,1026.56,473.798,631.73,394.831,157.933,552.764
16,507,1737.26,552.764,710.696,631.73,1105.53,394.831,315.865,315.865,473.798,78.9663,315.865
17,507,1895.19,789.663,868.629,552.764,1895.19,1342.43,947.595,631.73,947.595,236.899,315.865
18,507,1737.26,947.595,1658.29,552.764,552.764,1737.26,947.595,631.73,868.629,394.831,710.696
19,507,1658.29,1816.22,2053.12,789.663,394.831,789.663,552.764,473.798,473.798,710.696,631.73
20,507,1263.46,1658.29,1737.26,710.696,710.696,631.73,710.696,552.764,394.831,552.764,394.831
21,507,947.595,1737.26,1658.29,1263.46,1026.56,473.798,789.663,315.865,236.899,710.696,315.865
22,507,868.629,1342.43,947.595,3158.65,1342.43,789.663,1026.56,394.831,315.865,789.663,236.899
23,507,631.73,789.663,1342.43,1579.33,631.73,1026.56,947.595,631.73,552.764,473.798,236.899
24,507,552.764,789.663,1263.46,1500.36,1105.53,631.73,868.629,947.595,631.73,789.663,315.865
25,507,394.831,473.798,552.764,1026.56,1026.56,1263.46,1263.46,1421.39,789.663,710.696,552.764
26,507,236.899,236.899,710.696,394.831,315.865,710.696,473.798,552.764,473.798,236.899,789.663
27,507,236.899,236.899,473.798,394.831,473.798,315.865,473.798,631.73,394.831,157.933,631.73
28,507,236.899,157.933,315.865,157.933,236.899,552.764,552.764,710.696,394.831,236.899,552.764
29,507,157.933,157.933,315.865,157.933,157.933,236.899,157.933,236.899,157.933,157.933,473.798
0,508,236.899,394.831,157.933,236.899,78.9663,157.933,78.9663,78.9663,78.9663,157.933,157.933
2,508,710.696,789.663,394.831,552.764,78.9663,78.9663,78.9663,78.9663,157.933,157.933,78.9663
3,508,710.696,789.663,394.831,1895.19,236.899,78.9663,78.9663,157.933,78.9663,236.899,236.899
4,508,631.73,1026.56,631.73,1105.53,315.865,157.933,157.933,157.933,157.933,236.899,236.899
5,508,394.831,552.764,1816.22,1026.56,1026.56,236.899,236.899,315.865,473.798,631.73,78.9663
6,508,710.696,236.899,1658.29,552.764,1737.26,1026.56,1026.56,473.798,1263.46,473.798,236.899
7,508,1026.56,631.73,789.663,631.73,789.663,1421.39,1026.56,1105.53,1105.53,552.764,631.73
8,508,868.629,1184.49,1263.46,552.764,710.696,394.831,315.865,631.73,394.831,868.629,1263.46
9,508,1421.39,710.696,868.629,315.865,631.73,552.764,631.73,394.831,473.798,947.595,947.595
10,508,1026.56,552.764,1500.36,394.831,394.831,552.764,394.831,473.798,236.899,789.663,394.831
11,508,631.73,552.764,1026.56,1342.43,394.831,394.831,236.899,236.899,236.899,315.865,236.899
12,508,631.73,394.831,1184.49,1895.19,473.798,315.865,394.831,473.798,394.831,236.899,236.899
13,508,631.73,315.865,868.629,789.663,868.629,552.764,1026.56,868.629,868.629,315.865,315.865
14,508,710.696,552.764,394.831,789.663,552.764,1105.53,1658.29,1658.29,1105.53,552.764,710.696
15,508,868.629,1342.43,631.73,868.629,315.865,552.764,789.663,1026.56,394.831,710.696,1105.53
16,508,1421.39,1421.39,631.73,1500.36,710.696,236.899,473.798,315.865,236.899,315.865,552.764
17,508,1816.22,789.663,473.798,2368.99,1342.43,1026.56,1658.29,789.663,710.696,157.933,236.899
18,508,1658.29,710.696,1105.53,1342.43,315.865,1342.43,1421.39,1263.46,868.629,236.899,631.73
19,508,1421.39,1579.33,1421.39,868.629,157.933,394.831,552.764,789.663,394.831,394.831,789.663
20,508,1105.53,1421.39,1263.46,552.764,315.865,473.798,473.798,868.629,473.798,394.831,473.798
21,508,868.629,1421.39,1500.36,710.696,394.831,157.933,394.831,394.831,236.899,473.798,394.831
22,508,789.663,1342.43,1184.49,1974.16,1026.56,394.831,789.663,236.899,157.933,868.629,473.798
23,508,631.73,789.663,1026.56,1342.43,1342.43,1026.56,1026.56,473.798,473.798,552.764,236.899
24,508,473.798,631.73,1105.53,1105.53,868.629,710.696,552.764,473.798,631.73,552.764,236.899
25,508,394.831,394.831,552.764,1026.56,1026.56,631.73,868.629,789.663,473.798,947.595,394.831
26,508,315.865,236.899,473.798,473.798,631.73,947.595,710.696,631.73,473.798,473.798,394.831
27,508,236.899,315.865,315.865,473.798,236.899,394.831,315.865,394.831,394.831,157.933,473.798
28,508,236.899,157.933,236.899,157.933,157.933,236.899,315.865,473.798,236.899,236.899,473.798
29,508,157.933,157.933,236.899,236.899,157.933,157.933,157.933,236.899,157.933,236.899,394.831
1,509,394.831,315.865,157.933,394.831,157.933,236.899,157.933,157.933,157.933,236.899,78.9663
2,509,473.798,552.764,394.831,157.933,157.933,157.933,78.9663,78.9663,78.9663,157.933,78.9663
3,509,1500.36,710.696,394.831,473.798,157.933,78.9663,78.9663,78.9663,78.9663,157.933,78.9663
4,509,2132.09,1579.33,1579.33,1500.36,394.831,78.9663,157.933,78.9663,157.933,394.831,78.9663
5,509,868.629,1579.33,2447.95,2290.02,710.696,315.865,552.764,394.831,789.663,552.764,157.933
6,509,789.663,631.73,1184.49,1263.46,710.696,789.663,1105.53,1184.49,1026.56,552.764,552.764
7,509,710.696,710.696,947.595,631.73,1737.26,631.73,631.73,1342.43,473.798,789.663,1342.43
8,509,1263.46,473.798,789.663,394.831,1658.29,1105.53,552.764,473.798,473.798,552.764,1263.46
9,509,1263.46,473.798,1105.53,315.865,631.73,868.629,552.764,473.798,315.865,473.798,552.764
10,509,1421.39,789.663,1026.56,315.865,710.696,473.798,473.798,315.865,315.865,473.798,315.865
11,509,1342.43,1342.43,789.663,473.798,552.764,394.831,315.865,394.831,315.865,315.865,236.899
12,509,473.798,1421.39,947.595,868.629,1816.22,394.831,394.831,236.899,236.899,394.831,236.899
13,509,394.831,394.831,631.73,789.663,1342.43,1105.53,631.73,236.899,236.899,473.798,236.899
14,509,710.696,473.798,789.663,1658.29,473.798,473.798,473.798,394.831,236.899,789.663,157.933
15,509,868.629,1500.36,947.595,1105.53,710.696,236.899,157.933,236.899,157.933,1342.43,315.865
16,509,868.629,1816.22,1105.53,552.764,552.764,473.798,315.865,552.764,315.865,1026.56,157.933
17,509,1105.53,631.73,552.764,1500.36,868.629,473.798,868.629,710.696,315.865,315.865,315.865
18,509,1184.49,394.831,473.798,1579.33,315.865,710.696,789.663,473.798,315.865,157.933,552.764
19,509,1184.49,710.696,710.696,1026.56,394.831,236.899,236.899,315.865,236.899,315.865,315.865
20,509,1105.53,868.629,868.629,552.764,552.764,394.831,315.865,868.629,552.764,473.798,157.933
21,509,789.663,789.663,1263.46,394.831,315.865,315.865,236.899,473.798,315.865,315.865,473.798
22,509,710.696,1026.56,1658.29,631.73,552.764,157.933,315.865,236.899,157.933,868.629,631.73
23,509,552.764,789.663,1105.53,789.663,1579.33,710.696,947.595,394.831,315.865,947.595,236.899
24,509,394.831,552.764,868.629,947.595,1105.53,1105.53,868.629,552.764,710.696,394.831,157.933
25,509,315.865,394.831,710.696,947.595,868.629,552.764,631.73,473.798,552.764,710.696,394.831
26,509,236.899,236.899,394.831,631.73,789.663,1026.56,947.595,710.696,473.798,552.764,394.831
27,509,236.899,236.899,236.899,394.831,394.831,789.663,552.764,631.73,552.764,157.933,315.865
28,509,157.933,157.933,157.933,236.899,236.899,236.899,236.899,394.831,315.865,157.933,473.798
29,509,157.933,157.933,157.933,157.933,157.933,157.933,78.9663,236.899,157.933,157.933,394.831
2,510,868.629,394.831,236.899,236.899,315.865,473.798,315.865,315.865,315.865,157.933,236.899
3,510,1974.16,1263.46,394.831,868.629,157.933,394.831,236.899,236.899,315.865,236.899,157.933
4,510,1342.43,1579.33,710.696,1658.29,157.933,157.933,157.933,157.933,236.899,473.798,157.933
5,510,631.73,947.595,947.595,1026.56,394.831,236.899,315.865,315.865,315.865,552.764,157.933
6,510,631.73,473.798,2368.99,710.696,1579.33,394.831,315.865,631.73,236.899,473.798,394.831
7,510,1026.56,394.831,1737.26,552.764,2763.82,1500.36,1263.46,473.798,552.764,394.831,631.73
8,510,1184.49,394.831,1026.56,473.798,1184.49,2447.95,1816.22,1184.49,789.663,236.899,315.865
9,510,868.629,394.831,1421.39,552.764,1263.46,789.663,631.73,710.696,473.798,315.865,315.865
10,510,1026.56,631.73,1184.49,394.831,1026.56,1105.53,789.663,552.764,947.595,394.831,236.899
11,510,789.663,1105.53,2368.99,1026.56,789.663,631.73,315.865,552.764,315.865,789.663,473.798
12,510,947.595,710.696,1579.33,631.73,1342.43,789.663,947.595,315.865,394.831,947.595,394.831
13,510,710.696,947.595,1579.33,631.73,868.629,1184.49,1026.56,947.595,394.831,473.798,157.933
14,510,868.629,552.764,1737.26,2290.02,552.764,631.73,394.831,394.831,394.831,315.865,473.798
15,510,552.764,947.595,868.629,947.595,315.865,473.798,315.865,394.831,552.764,473.798,315.865
16,510,473.798,631.73,789.663,552.764,394.831,315.865,394.831,631.73,315.865,710.696,315.865
17,510,552.764,315.865,394.831,631.73,315.865,236.899,394.831,552.764,236.899,552.764,236.899
18,510,789.663,315.865,394.831,473.798,315.865,315.865,473.798,236.899,157.933,236.899,236.899
19,510,1026.56,315.865,394.831,394.831,552.764,236.899,236.899,157.933,157.933,236.899,157.933
20,510,1184.49,552.764,947.595,473.798,789.663,631.73,631.73,552.764,394.831,394.831,157.933
21,510,1026.56,868.629,1105.53,631.73,473.798,789.663,552.764,473.798,552.764,394.831,315.865
22,510,789.663,1026.56,1658.29,315.865,394.831,315.865,236.899,236.899,236.899,868.629,552.764
23,510,552.764,947.595,1184.49,631.73,1026.56,315.865,552.764,394.831,236.899,1421.39,236.899
25,510,236.899,394.831,631.73,1184.49,710.696,710.696,631.73,394.831,552.764,473.798,315.865
26,510,157.933,236.899,473.798,710.696,473.798,789.663,868.629,552.764,394.831,473.798,473.798
28,510,157.933,157.933,157.933,236.899,315.865,394.831,315.865,552.764,473.798,157.933,394.831
29,510,78.9663,78.9663,157.933,157.933,157.933,236.899,157.933,236.899,236.899,78.9663,473.798
3,511,631.73,631.73,315.865,473.798,394.831,631.73,631.73,552.764,552.764,315.865,157.933
4,511,1421.39,631.73,473.798,631.73,315.865,394.831,236.899,473.798,473.798,947.595,394.831
5,511,1737.26,1737.26,1737.26,1263.46,552.764,315.865,236.899,236.899,157.933,1737.26,394.831
6,511,789.663,1658.29,2605.89,2132.09,1026.56,552.764,710.696,315.865,236.899,1895.19,157.933
7,511,1500.36,631.73,947.595,789.663,789.663,1105.53,1737.26,789.663,631.73,1026.56,157.933
9,511,1579.33,552.764,1184.49,710.696,1974.16,1500.36,1263.46,631.73,1342.43,552.764,552.764
10,511,1658.29,1500.36,1105.53,710.696,552.764,1974.16,1421.39,1263.46,1342.43,789.663,631.73
11,511,947.595,1184.49,1500.36,1026.56,552.764,473.798,394.831,631.73,394.831,1184.49,1026.56
12,511,1500.36,552.764,789.663,710.696,552.764,631.73,789.663,552.764,473.798,1105.53,631.73
13,511,789.663,1026.56,552.764,1184.49,1184.49,473.798,473.798,710.696,394.831,552.764,315.865
14,511,631.73,552.764,473.798,1579.33,1737.26,1105.53,1105.53,394.831,868.629,552.764,710.696
15,511,473.798,710.696,473.798,631.73,1026.56,1816.22,1105.53,1184.49,1579.33,473.798,552.764
16,511,473.798,315.865,710.696,473.798,473.798,789.663,394.831,710.696,631.73,394.831,1026.56
17,511,473.798,394.831,1184.49,315.865,236.899,236.899,157.933,236.899,157.933,552.764,868.629
18,511,868.629,394.831,631.73,631.73,473.798,157.933,157.933,157.933,78.9663,315.865,236.899
19,511,1026.56,315.865,552.764,552.764,394.831,157.933,157.933,157.933,157.933,157.933,78.9663
21,511,1184.49,789.663,1500.36,789.663,394.831,631.73,710.696,631.73,394.831,473.798,157.933
22,511,868.629,1105.53,1658.29,315.865,394.831,315.865,315.865,315.865,315.865,631.73,315.865
23,511,552.764,1105.53,1342.43,473.798,868.629,157.933,236.899,236.899,157.933,1184.49,315.865
25,511,236.899,473.798,552.764,1342.43,1026.56,789.663,710.696,315.865,394.831,394.831,157.933
26,511,157.933,315.865,315.865,947.595,394.831,789.663,710.696,473.798,473.798,315.865,315.865
29,511,78.9663,78.9663,157.933,157.933,157.933,315.865,236.899,394.831,315.865,78.9663,473.798
30,511,78.9663,78.9663,157.933,157.933,157.933,157.933,157.933,157.933,78.9663,157.933,473.798
1,512,394.831,236.899,315.865,236.899,157.933,157.933,236.899,236.899,157.933,315.865,236.899
3,512,947.595,552.764,789.663,315.865,947.595,473.798,631.73,473.798,394.831,473.798,157.933
4,512,2211.06,1184.49,1105.53,552.764,1105.53,631.73,631.73,552.764,631.73,947.595,315.865
5,512,1263.46,1895.19,1816.22,710.696,1026.56,710.696,552.764,552.764,552.764,1658.29,394.831
6,512,789.663,1026.56,1342.43,789.663,631.73,710.696,631.73,473.798,473.798,2211.06,236.899
7,512,1105.53,1105.53,947.595,1184.49,631.73,315.865,473.798,315.865,315.865,1737.26,236.899
8,512,710.696,868.629,1658.29,947.595,1737.26,947.595,947.595,552.764,789.663,710.696,236.899
9,512,1184.49,473.798,868.629,1421.39,1816.22,2526.92,2526.92,1816.22,1737.26,631.73,473.798
10,512,947.595,552.764,789.663,2132.09,631.73,1500.36,1500.36,1895.19,1026.56,710.696,1026.56
11,512,631.73,947.595,789.663,789.663,947.595,552.764,473.798,789.663,789.663,473.798,1184.49
12,512,710.696,1184.49,947.595,947.595,710.696,868.629,552.764,1026.56,710.696,552.764,947.595
13,512,552.764,947.595,1342.43,1263.46,473.798,473.798,394.831,473.798,236.899,868.629,1026.56
14,512,473.798,789.663,1105.53,631.73,710.696,473.798,868.629,394.831,315.865,631.73,473.798
16,512,631.73,394.831,473.798,236.899,315.865,710.696,710.696,789.663,315.865,315.865,631.73
17,512,552.764,394.831,1105.53,552.764,315.865,315.865,236.899,236.899,315.865,315.865,631.73
18,512,789.663,473.798,789.663,631.73,552.764,236.899,157.933,236.899,315.865,236.899,236.899
19,512,1342.43,315.865,552.764,315.865,947.595,394.831,315.865,157.933,236.899,236.899,236.899
20,512,1421.39,236.899,789.663,315.865,552.764,552.764,315.865,157.933,157.933,394.831,157.933
21,512,1263.46,631.73,1421.39,552.764,236.899,315.865,394.831,236.899,157.933,710.696,78.9663
22,512,868.629,1026.56,1816.22,236.899,473.798,394.831,236.899,315.865,315.865,473.798,157.933
23,512,631.73,1105.53,1263.46,315.865,1026.56,394.831,315.865,157.933,236.899,789.663,236.899
24,512,315.865,631.73,1026.56,631.73,868.629,552.764,552.764,157.933,236.899,789.663,157.933
26,512,157.933,236.899,315.865,1105.53,631.73,1105.53,947.595,631.73,789.663,236.899,157.933
27,512,157.933,157.933,315.865,473.798,315.865,473.798,394.831,473.798,394.831,315.865,394.831
30,512,78.9663,78.9663,157.933,157.933,157.933,78.9663,157.933,157.933,78.9663,157.933,552.764
0,513,394.831,236.899,1105.53,473.798,157.933,315.865,157.933,236.899,157.933,394.831,157.933
1,513,631.73,315.865,710.696,394.831,236.899,157.933,236.899,236.899,157.933,631.73,315.865
2,513,1105.53,315.865,1500.36,315.865,394.831,236.899,236.899,473.798,157.933,394.831,236.899
3,513,1421.39,394.831,2368.99,552.764,1105.53,315.865,473.798,473.798,236.899,315.865,157.933
4,513,1658.29,552.764,2053.12,710.696,1658.29,868.629,947.595,473.798,552.764,394.831,315.865
5,513,1105.53,789.663,1816.22,868.629,2211.06,1421.39,1342.43,710.696,1105.53,552.764,315.865
6,513,1263.46,1342.43,1263.46,3474.52,2053.12,2132.09,1342.43,1105.53,1579.33,1105.53,473.798
7,513,1263.46,1263.46,1263.46,3316.58,1263.46,1500.36,710.696,789.663,947.595,1579.33,789.663
8,513,710.696,868.629,2763.82,1579.33,1816.22,1184.49,1342.43,1263.46,789.663,1421.39,710.696
9,513,789.663,868.629,1342.43,2132.09,1579.33,1658.29,1895.19,2132.09,1026.56,947.595,552.764
10,513,789.663,631.73,789.663,1263.46,1105.53,710.696,868.629,1105.53,552.764,473.798,947.595
11,513,868.629,868.629,789.663,631.73,2921.75,1184.49,1105.53,1105.53,1263.46,394.831,631.73
12,513,789.663,868.629,789.663,789.663,1737.26,2763.82,1737.26,1579.33,1658.29,947.595,1184.49
13,513,631.73,473.798,1026.56,394.831,1105.53,1421.39,868.629,789.663,789.663,1895.19,1658.29
14,513,473.798,473.798,1184.49,236.899,710.696,789.663,631.73,473.798,710.696,1816.22,552.764
15,513,710.696,315.865,552.764,315.865,394.831,552.764,394.831,473.798,552.764,710.696,315.865
16,513,631.73,315.865,552.764,315.865,473.798,236.899,394.831,236.899,236.899,315.865,394.831
17,513,552.764,394.831,789.663,473.798,789.663,394.831,473.798,473.798,473.798,157.933,315.865
18,513,710.696,789.663,1026.56,315.865,710.696,789.663,552.764,710.696,552.764,236.899,394.831
19,513,1421.39,473.798,315.865,236.899,710.696,789.663,710.696,394.831,473.798,236.899,552.764
20,513,1658.29,315.865,394.831,473.798,315.865,710.696,552.764,236.899,315.865,473.798,394.831
21,513,1263.46,552.764,1105.53,473.798,236.899,236.899,236.899,157.933,157.933,710.696,315.865
22,513,868.629,868.629,2290.02,236.899,473.798,473.798,473.798,394.831,315.865,394.831,78.9663
23,513,631.73,1105.53,1184.49,473.798,1105.53,552.764,552.764,473.798,394.831,710.696,236.899
24,513,394.831,710.696,1026.56,710.696,710.696,631.73,552.764,236.899,236.899,710.696,315.865
26,513,157.933,236.899,315.865,947.595,631.73,1342.43,1263.46,947.595,947.595,236.899,157.933
27,513,157.933,157.933,315.865,552.764,394.831,552.764,473.798,631.73,473.798,236.899,473.798
28,513,157.933,157.933,157.933,157.933,315.865,394.831,394.831,552.764,473.798,157.933,552.764
30,513,78.9663,78.9663,157.933,157.933,157.933,78.9663,78.9663,157.933,78.9663,157.933,552.764
0,514,789.663,315.865,789.663,552.764,473.798,236.899,236.899,236.899,157.933,315.865,78.9663
1,514,1421.39,631.73,552.764,552.764,394.831,236.899,157.933,157.933,78.9663,552.764,157.933
2,514,1658.29,710.696,1500.36,710.696,631.73,236.899,157.933,157.933,157.933,394.831,78.9663
3,514,1500.36,710.696,1974.16,947.595,947.595,394.831,394.831,236.899,236.899,236.899,157.933
4,514,1658.29,789.663,1974.16,1105.53,1184.49,789.663,947.595,315.865,394.831,157.933,157.933
5,514,1184.49,1184.49,1974.16,710.696,2290.02,1342.43,1974.16,868.629,1105.53,315.865,236.899
6,514,1816.22,1737.26,1421.39,1500.36,2684.85,2842.79,3079.68,2132.09,2368.99,710.696,473.798
7,514,1658.29,1263.46,1974.16,1500.36,1658.29,2211.06,2053.12,1816.22,1737.26,947.595,1658.29
8,514,868.629,868.629,2605.89,1184.49,1579.33,1184.49,1500.36,1105.53,710.696,947.595,1658.29
9,514,789.663,1184.49,1263.46,1579.33,1105.53,1263.46,1421.39,868.629,473.798,631.73,789.663
10,514,710.696,710.696,2053.12,1342.43,631.73,552.764,552.764,315.865,236.899,315.865,473.798
12,514,1026.56,394.831,1816.22,868.629,1105.53,2053.12,2763.82,1895.19,1500.36,710.696,552.764
13,514,710.696,394.831,1342.43,473.798,947.595,1184.49,1421.39,1421.39,868.629,868.629,1263.46
14,514,631.73,552.764,710.696,789.663,947.595,710.696,947.595,710.696,710.696,947.595,789.663
15,514,473.798,394.831,552.764,868.629,710.696,789.663,552.764,789.663,552.764,868.629,552.764
16,514,552.764,315.865,868.629,710.696,236.899,394.831,315.865,315.865,236.899,710.696,710.696
17,514,473.798,394.831,631.73,473.798,315.865,236.899,394.831,236.899,157.933,236.899,394.831
18,514,631.73,631.73,710.696,552.764,315.865,394.831,631.73,552.764,236.899,236.899,236.899
19,514,1026.56,552.764,315.865,394.831,315.865,473.798,631.73,552.764,315.865,157.933,394.831
20,514,1737.26,473.798,473.798,947.595,157.933,315.865,315.865,394.831,236.899,315.865,315.865
21,514,1342.43,631.73,947.595,710.696,157.933,157.933,236.899,157.933,78.9663,394.831,315.865
22,514,868.629,868.629,2132.09,315.865,315.865,157.933,315.865,315.865,236.899,552.764,157.933
23,514,552.764,1342.43,1184.49,789.663,868.629,236.899,473.798,473.798,315.865,710.696,236.899
24,514,394.831,868.629,868.629,1026.56,868.629,394.831,473.798,236.899,236.899,552.764,236.899
25,514,236.899,473.798,473.798,1184.49,947.595,552.764,789.663,315.865,394.831,473.798,157.933
27,514,157.933,157.933,315.865,552.764,315.865,394.831,394.831,552.764,394.831,157.933,473.798
28,514,157.933,157.933,157.933,236.899,236.899,473.798,473.798,631.73,552.764,78.9663,394.831
30,514,157.933,78.9663,157.933,157.933,236.899,157.933,157.933,157.933,78.9663,157.933,552.764
0,515,868.629,631.73,789.663,315.865,394.831,236.899,236.899,157.933,157.933,236.899,78.9663
1,515,1263.46,1263.46,552.764,710.696,394.831,315.865,315.865,236.899,315.865,236.899,78.9663
2,515,1105.53,1026.56,1026.56,1184.49,710.696,394.831,394.831,157.933,394.831,236.899,157.933
3,515,1263.46,1421.39,947.595,1500.36,631.73,710.696,631.73,315.865,552.764,315.865,157.933
4,515,1105.53,2053.12,1421.39,1895.19,473.798,631.73,552.764,394.831,236.899,236.899,315.865
5,515,1342.43,1263.46,1895.19,868.629,1342.43,789.663,1263.46,631.73,552.764,236.899,394.831
6,515,1500.36,1342.43,1658.29,631.73,789.663,1737.26,1895.19,2053.12,1421.39,394.831,236.899
7,515,1421.39,1026.56,1895.19,552.764,631.73,789.663,947.595,1421.39,789.663,315.865,1263.46
8,515,1500.36,1105.53,1658.29,473.798,789.663,710.696,710.696,631.73,473.798,315.865,1342.43
9,515,1342.43,1974.16,789.663,1184.49,552.764,868.629,868.629,552.764,315.865,394.831,473.798
10,515,1342.43,1026.56,1105.53,947.595,710.696,394.831,315.865,315.865,394.831,236.899,236.899
11,515,1342.43,631.73,1421.39,473.798,710.696,710.696,710.696,394.831,631.73,236.899,236.899
12,515,947.595,552.764,1421.39,315.865,394.831,789.663,947.595,789.663,552.764,394.831,473.798
13,515,552.764,552.764,1421.39,394.831,315.865,394.831,552.764,552.764,236.899,394.831,473.798
14,515,631.73,552.764,1105.53,552.764,473.798,315.865,473.798,236.899,157.933,631.73,394.831
15,515,552.764,552.764,315.865,631.73,473.798,552.764,789.663,473.798,394.831,868.629,236.899
16,515,473.798,394.831,315.865,552.764,236.899,473.798,552.764,552.764,473.798,473.798,236.899
17,515,473.798,473.798,394.831,236.899,236.899,157.933,157.933,157.933,236.899,236.899,236.899
18,515,710.696,394.831,394.831,236.899,394.831,236.899,157.933,157.933,157.933,315.865,236.899
19,515,1026.56,473.798,315.865,236.899,236.899,315.865,236.899,236.899,157.933,236.899,157.933
20,515,1342.43,473.798,710.696,947.595,236.899,157.933,157.933,157.933,157.933,394.831,157.933
21,515,1184.49,789.663,947.595,631.73,394.831,157.933,157.933,157.933,157.933,473.798,157.933
22,515,789.663,947.595,1421.39,394.831,236.899,157.933,157.933,236.899,157.933,868.629,78.9663
23,515,552.764,1184.49,1184.49,552.764,789.663,157.933,236.899,315.865,236.899,710.696,157.933
24,515,315.865,868.629,710.696,631.73,868.629,473.798,473.798,236.899,394.831,473.798,236.899
25,515,315.865,473.798,315.865,1263.46,631.73,710.696,789.663,315.865,394.831,631.73,236.899
26,515,236.899,236.899,315.865,789.663,315.865,631.73,631.73,631.73,394.831,315.865,315.865
27,515,157.933,236.899,315.865,710.696,315.865,394.831,315.865,394.831,394.831,157.933,315.865
28,515,157.933,157.933,157.933,315.865,157.933,473.798,473.798,710.696,552.764,157.933,315.865
29,515,157.933,78.9663,157.933,157.933,157.933,236.899,236.899,394.831,236.899,157.933,473.798
30,515,157.933,78.9663,157.933,157.933,157.933,157.933,78.9663,157.933,78.9663,78.9663,473.798
0,516,710.696,789.663,631.73,236.899,157.933,157.933,236.899,78.9663,157.933,157.933,78.9663
1,516,868.629,1105.53,473.798,789.663,157.933,157.933,315.865,157.933,236.899,157.933,78.9663
2,516,631.73,868.629,868.629,868.629,315.865,236.899,552.764,394.831,552.764,157.933,157.933
3,516,1026.56,1263.46,473.798,1263.46,473.798,631.73,789.663,710.696,789.663,157.933,236.899
4,516,868.629,1342.43,710.696,2526.92,236.899,552.764,315.865,631.73,473.798,236.899,631.73
5,516,1026.56,710.696,473.798,1895.19,947.595,315.865,710.696,315.865,236.899,315.865,789.663
6,516,947.595,631.73,552.764,2132.09,789.663,947.595,1105.53,1263.46,631.73,631.73,236.899
7,516,789.663,552.764,1026.56,710.696,1895.19,947.595,947.595,1105.53,868.629,789.663,631.73
8,516,631.73,631.73,868.629,710.696,1895.19,2211.06,1579.33,1658.29,1579.33,1263.46,631.73
9,516,947.595,473.798,631.73,631.73,789.663,1342.43,868.629,1026.56,868.629,1421.39,710.696
10,516,1026.56,315.865,631.73,789.663,1026.56,473.798,552.764,394.831,631.73,710.696,789.663
11,516,1026.56,394.831,631.73,315.865,1026.56,1263.46,1342.43,947.595,1500.36,236.899,315.865
12,516,1105.53,473.798,710.696,236.899,315.865,1026.56,868.629,1026.56,947.595,473.798,1105.53
13,516,473.798,473.798,868.629,789.663,157.933,236.899,236.899,394.831,236.899,631.73,947.595
14,516,315.865,315.865,789.663,789.663,236.899,157.933,157.933,157.933,236.899,631.73,236.899
16,516,631.73,473.798,473.798,236.899,157.933,236.899,236.899,473.798,394.831,315.865,236.899
17,516,631.73,394.831,868.629,473.798,157.933,157.933,157.933,236.899,236.899,552.764,552.764
18,516,789.663,236.899,473.798,473.798,315.865,157.933,315.865,157.933,157.933,394.831,473.798
19,516,1105.53,315.865,394.831,236.899,236.899,236.899,315.865,236.899,236.899,473.798,236.899
20,516,1026.56,315.865,1026.56,315.865,789.663,236.899,236.899,236.899,157.933,552.764,157.933
21,516,1026.56,473.798,1026.56,394.831,710.696,552.764,315.865,315.865,315.865,631.73,157.933
22,516,710.696,868.629,868.629,236.899,473.798,315.865,236.899,236.899,236.899,868.629,157.933
23,516,473.798,710.696,947.595,315.865,868.629,236.899,315.865,157.933,236.899,552.764,157.933
24,516,315.865,710.696,473.798,552.764,710.696,552.764,631.73,315.865,473.798,552.764,157.933
25,516,236.899,394.831,236.899,1263.46,631.73,552.764,631.73,394.831,394.831,631.73,315.865
26,516,236.899,236.899,315.865,710.696,473.798,631.73,552.764,394.831,394.831,236.899,315.865
27,516,236.899,315.865,236.899,631.73,236.899,473.798,394.831,473.798,473.798,157.933,236.899
28,516,157.933,236.899,157.933,236.899,157.933,236.899,315.865,631.73,394.831,236.899,473.798
29,516,157.933,157.933,157.933,157.933,157.933,78.9663,157.933,315.865,157.933,157.933,552.764
0,517,552.764,473.798,157.933,236.899,157.933,236.899,157.933,157.933,157.933,78.9663,157.933
1,517,552.764,473.798,236.899,394.831,236.899,157.933,157.933,157.933,157.933,236.899,157.933
2,517,552.764,473.798,394.831,473.798,315.865,78.9663,157.933,236.899,157.933,236.899,157.933
3,517,789.663,1105.53,394.831,947.595,236.899,236.899,473.798,473.798,473.798,157.933,157.933
4,517,631.73,1579.33,868.629,1026.56,236.899,394.831,473.798,710.696,631.73,157.933,552.764
5,517,631.73,1737.26,710.696,1342.43,315.865,236.899,236.899,236.899,315.865,236.899,1026.56
6,517,1026.56,789.663,1105.53,2921.75,552.764,236.899,315.865,236.899,315.865,789.663,473.798
7,517,631.73,631.73,3000.72,1342.43,1421.39,631.73,1105.53,631.73,868.629,1105.53,236.899
8,517,631.73,552.764,2132.09,1579.33,2368.99,2132.09,2684.85,2211.06,2053.12,1184.49,315.865
9,517,631.73,552.764,1184.49,789.663,1184.49,2132.09,1579.33,1816.22,1342.43,1342.43,1105.53
10,517,552.764,236.899,868.629,315.865,710.696,868.629,789.663,552.764,552.764,868.629,1263.46
11,517,868.629,394.831,710.696,236.899,394.831,1026.56,1342.43,1342.43,1184.49,473.798,473.798
12,517,947.595,473.798,552.764,236.899,473.798,552.764,710.696,1026.56,947.595,552.764,1342.43
13,517,473.798,473.798,394.831,631.73,947.595,473.798,394.831,473.798,789.663,473.798,1421.39
14,517,473.798,315.865,473.798,868.629,868.629,631.73,394.831,394.831,710.696,315.865,710.696
15,517,789.663,236.899,473.798,552.764,1026.56,631.73,394.831,315.865,473.798,315.865,473.798
16,517,868.629,394.831,315.865,315.865,552.764,631.73,315.865,315.865,394.831,315.865,394.831
17,517,552.764,315.865,473.798,236.899,157.933,236.899,157.933,236.899,236.899,315.865,473.798
18,517,789.663,315.865,473.798,394.831,394.831,157.933,157.933,157.933,157.933,394.831,394.831
19,517,1026.56,394.831,1026.56,473.798,394.831,315.865,236.899,236.899,236.899,789.663,157.933
20,517,789.663,315.865,1342.43,315.865,631.73,394.831,394.831,157.933,157.933,710.696,78.9663
21,517,710.696,473.798,868.629,315.865,552.764,552.764,631.73,315.865,236.899,710.696,78.9663
22,517,473.798,710.696,947.595,315.865,947.595,315.865,394.831,315.865,157.933,789.663,157.933
23,517,315.865,631.73,631.73,394.831,947.595,552.764,473.798,236.899,315.865,473.798,157.933
24,517,315.865,631.73,394.831,789.663,552.764,710.696,631.73,394.831,552.764,552.764,157.933
25,517,236.899,315.865,394.831,789.663,631.73,552.764,631.73,394.831,394.831,473.798,394.831
26,517,157.933,236.899,315.865,631.73,315.865,868.629,789.663,552.764,552.764,157.933,315.865
27,517,157.933,236.899,236.899,394.831,157.933,473.798,394.831,552.764,473.798,236.899,315.865
28,517,157.933,157.933,157.933,157.933,236.899,157.933,157.933,394.831,157.933,236.899,552.764
29,517,236.899,157.933,157.933,157.933,157.933,157.933,157.933,236.899,157.933,157.933,394.831
1,518,473.798,315.865,552.764,394.831,236.899,157.933,78.9663,157.933,78.9663,236.899,157.933
2,518,552.764,473.798,236.899,315.865,789.663,315.865,236.899,78.9663,157.933,394.831,157.933
3,518,789.663,394.831,394.831,710.696,394.831,473.798,236.899,236.899,157.933,157.933,78.9663
4,518,947.595,868.629,868.629,473.798,394.831,236.899,394.831,394.831,394.831,157.933,315.865
5,518,1500.36,1974.16,1421.39,1421.39,315.865,394.831,315.865,394.831,473.798,157.933,631.73
6,518,2211.06,1342.43,1105.53,2132.09,394.831,236.899,315.865,473.798,473.798,473.798,631.73
7,518,1105.53,947.595,2290.02,1737.26,631.73,552.764,789.663,1263.46,1026.56,868.629,473.798
8,518,789.663,947.595,1421.39,1500.36,1737.26,868.629,1895.19,1974.16,1500.36,631.73,868.629
9,518,631.73,473.798,631.73,1026.56,1579.33,1658.29,1895.19,1816.22,1342.43,473.798,1579.33
10,518,552.764,236.899,552.764,868.629,710.696,1184.49,947.595,947.595,631.73,473.798,1421.39
11,518,473.798,236.899,710.696,868.629,315.865,710.696,631.73,1026.56,631.73,631.73,552.764
12,518,631.73,473.798,1500.36,552.764,631.73,473.798,552.764,1342.43,868.629,710.696,868.629
13,518,789.663,947.595,1184.49,1184.49,1658.29,789.663,868.629,1579.33,1105.53,473.798,1342.43
14,518,473.798,473.798,1026.56,1658.29,1421.39,1342.43,1342.43,1026.56,1026.56,552.764,1500.36
15,518,473.798,315.865,789.663,552.764,1026.56,1026.56,1026.56,789.663,710.696,710.696,1105.53
16,518,552.764,315.865,394.831,631.73,710.696,1105.53,947.595,789.663,631.73,631.73,631.73
17,518,868.629,315.865,868.629,394.831,236.899,631.73,394.831,552.764,473.798,552.764,473.798
18,518,1105.53,394.831,868.629,236.899,394.831,236.899,236.899,236.899,236.899,631.73,473.798
19,518,868.629,473.798,1184.49,315.865,394.831,315.865,315.865,473.798,315.865,710.696,236.899
20,518,710.696,394.831,1026.56,315.865,631.73,236.899,236.899,236.899,157.933,473.798,315.865
21,518,552.764,552.764,1500.36,552.764,947.595,394.831,394.831,236.899,315.865,710.696,236.899
22,518,473.798,631.73,1184.49,394.831,1342.43,710.696,552.764,236.899,394.831,710.696,78.9663
23,518,394.831,789.663,473.798,789.663,868.629,1105.53,947.595,473.798,552.764,394.831,157.933
24,518,315.865,473.798,473.798,789.663,552.764,710.696,710.696,552.764,473.798,394.831,236.899
25,518,236.899,236.899,394.831,710.696,473.798,552.764,631.73,394.831,394.831,315.865,473.798
26,518,157.933,157.933,236.899,710.696,157.933,710.696,789.663,710.696,631.73,157.933,315.865
27,518,157.933,157.933,236.899,236.899,236.899,236.899,236.899,473.798,315.865,157.933,473.798
28,518,157.933,157.933,157.933,236.899,315.865,236.899,157.933,315.865,236.899,157.933,473.798
0,519,394.831,631.73,552.764,394.831,157.933,78.9663,78.9663,78.9663,78.9663,157.933,78.9663
1,519,315.865,552.764,1026.56,473.798,157.933,78.9663,78.9663,78.9663,78.9663,157.933,78.9663
2,519,710.696,315.865,631.73,315.865,315.865,236.899,394.831,157.933,157.933,315.865,157.933
3,519,1342.43,394.831,236.899,236.899,315.865,394.831,394.831,315.865,236.899,236.899,78.9663
4,519,1421.39,868.629,473.798,868.629,552.764,236.899,315.865,157.933,236.899,78.9663,236.899
5,519,1342.43,868.629,1421.39,2290.02,710.696,631.73,552.764,394.831,473.798,157.933,157.933
6,519,1500.36,1342.43,1342.43,1342.43,394.831,473.798,236.899,394.831,315.865,157.933,315.865
7,519,947.595,1421.39,1579.33,710.696,473.798,157.933,315.865,868.629,394.831,315.865,473.798
8,519,710.696,1184.49,868.629,947.595,473.798,157.933,552.764,868.629,394.831,315.865,789.663
9,519,789.663,631.73,394.831,947.595,1026.56,394.831,1105.53,631.73,631.73,236.899,1105.53
10,519,947.595,552.764,947.595,2132.09,1184.49,1105.53,1263.46,789.663,868.629,157.933,789.663
11,519,1105.53,789.663,947.595,1658.29,394.831,868.629,552.764,710.696,552.764,315.865,473.798
12,519,1263.46,1421.39,1895.19,394.831,315.865,236.899,315.865,789.663,315.865,473.798,473.798
13,519,1105.53,1737.26,1500.36,1026.56,947.595,394.831,710.696,1026.56,394.831,473.798,868.629
14,519,473.798,868.629,868.629,1263.46,868.629,947.595,1421.39,552.764,473.798,552.764,1105.53
15,519,868.629,315.865,710.696,394.831,315.865,552.764,631.73,552.764,315.865,868.629,552.764
16,519,868.629,473.798,631.73,473.798,236.899,315.865,631.73,473.798,315.865,1026.56,315.865
17,519,1026.56,394.831,868.629,236.899,157.933,315.865,394.831,631.73,394.831,710.696,236.899
18,519,868.629,394.831,947.595,236.899,473.798,157.933,157.933,236.899,157.933,710.696,394.831
19,519,947.595,552.764,1184.49,315.865,947.595,236.899,236.899,315.865,236.899,710.696,236.899
20,519,789.663,947.595,1421.39,473.798,947.595,552.764,552.764,157.933,315.865,789.663,394.831
21,519,394.831,789.663,1579.33,473.798,1026.56,631.73,710.696,315.865,552.764,1105.53,315.865
22,519,394.831,710.696,631.73,394.831,868.629,710.696,947.595,473.798,473.798,789.663,236.899
23,519,315.865,631.73,394.831,1184.49,710.696,789.663,947.595,552.764,473.798,236.899,236.899
24,519,236.899,315.865,394.831,789.663,710.696,631.73,552.764,394.831,473.798,315.865,236.899
25,519,315.865,315.865,236.899,947.595,315.865,789.663,710.696,631.73,710.696,236.899,315.865
26,519,236.899,236.899,236.899,473.798,157.933,473.798,473.798,868.629,631.73,157.933,473.798
27,519,157.933,157.933,394.831,236.899,236.899,157.933,236.899,473.798,236.899,157.933,710.696
28,519,157.933,236.899,236.899,315.865,157.933,236.899,236.899,394.831,236.899,78.9663,394.831
30,519,157.933,78.9663,315.865,157.933,236.899,157.933,78.9663,78.9663,78.9663,157.933,315.865
0,520,631.73,394.831,236.899,473.798,315.865,236.899,157.933,78.9663,78.9663,236.899,78.9663
3,520,1026.56,473.798,315.865,710.696,236.899,394.831,315.865,236.899,315.865,236.899,157.933
4,520,1184.49,631.73,394.831,394.831,236.899,236.899,236.899,236.899,236.899,236.899,236.899
5,520,1184.49,394.831,631.73,394.831,394.831,315.865,473.798,394.831,315.865,157.933,236.899
6,520,868.629,789.663,1263.46,315.865,473.798,473.798,394.831,315.865,157.933,78.9663,315.865
7,520,473.798,1026.56,947.595,473.798,315.865,236.899,157.933,157.933,78.9663,157.933,236.899
8,520,1026.56,947.595,631.73,552.764,315.865,236.899,157.933,236.899,236.899,315.865,157.933
9,520,868.629,1263.46,947.595,631.73,710.696,315.865,394.831,473.798,473.798,315.865,473.798
10,520,947.595,789.663,1026.56,1816.22,1105.53,1105.53,1342.43,868.629,947.595,157.933,552.764
11,520,1263.46,789.663,631.73,947.595,552.764,1105.53,868.629,868.629,710.696,157.933,552.764
12,520,1026.56,868.629,868.629,631.73,157.933,236.899,157.933,236.899,157.933,236.899,552.764
13,520,789.663,710.696,1500.36,394.831,157.933,157.933,236.899,236.899,157.933,394.831,315.865
14,520,710.696,394.831,1026.56,473.798,473.798,236.899,394.831,157.933,157.933,473.798,315.865
15,520,868.629,236.899,552.764,710.696,394.831,394.831,236.899,236.899,236.899,710.696,157.933
16,520,947.595,315.865,710.696,552.764,473.798,394.831,236.899,394.831,394.831,868.629,315.865
17,520,947.595,552.764,1263.46,236.899,710.696,315.865,236.899,552.764,394.831,1184.49,394.831
18,520,1026.56,552.764,2132.09,236.899,947.595,315.865,236.899,236.899,236.899,1342.43,552.764
19,520,1105.53,710.696,1421.39,236.899,1105.53,473.798,473.798,157.933,315.865,947.595,236.899
20,520,552.764,789.663,1105.53,552.764,1342.43,710.696,789.663,315.865,631.73,868.629,236.899
21,520,394.831,710.696,789.663,789.663,1500.36,868.629,710.696,394.831,710.696,868.629,315.865
22,520,315.865,868.629,552.764,947.595,1026.56,1026.56,868.629,552.764,710.696,394.831,473.798
23,520,236.899,473.798,473.798,1105.53,868.629,1026.56,868.629,789.663,868.629,236.899,394.831
24,520,236.899,315.865,315.865,631.73,473.798,947.595,868.629,868.629,789.663,315.865,394.831
25,520,315.865,315.865,157.933,947.595,157.933,552.764,631.73,868.629,631.73,236.899,710.696
26,520,315.865,236.899,236.899,315.865,157.933,157.933,236.899,552.764,315.865,157.933,789.663
27,520,236.899,236.899,236.899,236.899,236.899,236.899,236.899,394.831,236.899,157.933,552.764
29,520,236.899,157.933,315.865,157.933,157.933,78.9663,78.9663,78.9663,78.9663,157.933,394.831
2,521,315.865,552.764,236.899,868.629,236.899,157.933,236.899,157.933,157.933,157.933,157.933
3,521,315.865,710.696,394.831,868.629,236.899,394.831,394.831,473.798,315.865,157.933,157.933
4,521,631.73,552.764,394.831,473.798,315.865,236.899,157.933,315.865,236.899,236.899,394.831
5,521,947.595,473.798,394.831,394.831,157.933,157.933,157.933,157.933,78.9663,157.933,394.831
6,521,631.73,394.831,473.798,552.764,236.899,157.933,157.933,157.933,78.9663,157.933,236.899
7,521,631.73,473.798,631.73,710.696,236.899,157.933,157.933,78.9663,78.9663,157.933,157.933
8,521,710.696,710.696,552.764,1263.46,157.933,157.933,157.933,236.899,157.933,315.865,157.933
9,521,473.798,710.696,789.663,710.696,236.899,236.899,473.798,631.73,315.865,394.831,394.831
10,521,710.696,394.831,552.764,710.696,315.865,552.764,947.595,1105.53,473.798,315.865,631.73
11,521,1342.43,631.73,236.899,394.831,236.899,473.798,631.73,868.629,315.865,157.933,631.73
12,521,1421.39,473.798,473.798,710.696,236.899,157.933,157.933,236.899,157.933,157.933,552.764
13,521,868.629,473.798,868.629,789.663,315.865,236.899,236.899,236.899,315.865,157.933,157.933
14,521,868.629,394.831,789.663,1184.49,394.831,315.865,315.865,315.865,394.831,315.865,315.865
15,521,1105.53,394.831,1105.53,789.663,947.595,473.798,473.798,473.798,473.798,552.764,394.831
16,521,1579.33,394.831,1816.22,552.764,1658.29,710.696,552.764,789.663,552.764,1026.56,473.798
17,521,1105.53,631.73,2368.99,394.831,1184.49,947.595,710.696,552.764,473.798,1421.39,631.73
18,521,789.663,789.663,1816.22,394.831,947.595,631.73,631.73,315.865,315.865,1184.49,552.764
19,521,710.696,1026.56,1421.39,789.663,1263.46,631.73,710.696,236.899,394.831,552.764,236.899
20,521,552.764,1026.56,1184.49,1500.36,1421.39,1105.53,1026.56,631.73,868.629,552.764,157.933
21,521,315.865,947.595,710.696,1421.39,1026.56,1184.49,1105.53,868.629,789.663,552.764,394.831
22,521,315.865,631.73,473.798,1026.56,473.798,868.629,1105.53,947.595,868.629,236.899,631.73
23,521,236.899,394.831,315.865,789.663,394.831,710.696,947.595,1026.56,868.629,315.865,552.764
24,521,236.899,315.865,236.899,789.663,315.865,473.798,631.73,789.663,631.73,473.798,789.663
25,521,236.899,236.899,236.899,631.73,236.899,315.865,236.899,552.764,394.831,236.899,789.663
26,521,236.899,157.933,236.899,157.933,236.899,236.899,236.899,394.831,315.865,157.933,631.73
27,521,236.899,236.899,78.9663,236.899,157.933,236.899,236.899,473.798,315.865,157.933,315.865
28,521,236.899,236.899,157.933,236.899,78.9663,157.933,157.933,236.899,236.899,157.933,394.831
29,521,236.899,157.933,236.899,157.933,157.933,78.9663,78.9663,78.9663,78.9663,157.933,394.831
4,522,315.865,473.798,394.831,394.831,157.933,157.933,236.899,157.933,157.933,78.9663,236.899
7,522,552.764,631.73,473.798,394.831,552.764,315.865,236.899,157.933,157.933,315.865,78.9663
8,522,473.798,552.764,394.831,947.595,394.831,473.798,157.933,157.933,236.899,473.798,78.9663
9,522,315.865,394.831,315.865,631.73,394.831,236.899,157.933,157.933,157.933,473.798,157.933
10,522,552.764,315.865,236.899,236.899,236.899,236.899,157.933,236.899,78.9663,394.831,157.933
11,522,868.629,236.899,236.899,236.899,236.899,236.899,157.933,157.933,157.933,236.899,157.933
12,522,789.663,394.831,236.899,315.865,236.899,236.899,236.899,157.933,236.899,315.865,157.933
13,522,947.595,394.831,710.696,394.831,315.865,236.899,315.865,236.899,394.831,552.764,157.933
14,522,1421.39,552.764,1895.19,394.831,631.73,315.865,315.865,315.865,315.865,789.663,394.831
15,522,1658.29,710.696,2447.95,315.865,947.595,394.831,473.798,394.831,315.865,868.629,473.798
16,522,1579.33,868.629,1816.22,236.899,947.595,710.696,947.595,473.798,394.831,868.629,315.865
17,522,1105.53,1026.56,1421.39,236.899,868.629,710.696,868.629,473.798,315.865,868.629,315.865
18,522,947.595,1342.43,1421.39,394.831,1342.43,473.798,552.764,315.865,315.865,631.73,315.865
19,522,631.73,1342.43,1026.56,789.663,1184.49,1026.56,947.595,315.865,710.696,473.798,157.933
20,522,473.798,868.629,710.696,947.595,947.595,1105.53,1184.49,710.696,789.663,631.73,315.865
21,522,315.865,552.764,473.798,1105.53,947.595,710.696,789.663,552.764,552.764,473.798,552.764
22,522,236.899,552.764,315.865,1816.22,552.764,789.663,631.73,631.73,789.663,315.865,552.764
23,522,157.933,315.865,315.865,1105.53,473.798,789.663,552.764,789.663,789.663,315.865,552.764
24,522,157.933,236.899,315.865,631.73,473.798,631.73,473.798,868.629,631.73,315.865,710.696
25,522,157.933,236.899,315.865,315.865,236.899,394.831,315.865,710.696,394.831,157.933,789.663
26,522,157.933,157.933,236.899,157.933,157.933,236.899,315.865,394.831,315.865,157.933,631.73
27,522,157.933,157.933,157.933,236.899,157.933,236.899,236.899,315.865,236.899,157.933,394.831
28,522,157.933,157.933,236.899,157.933,78.9663,157.933,157.933,157.933,157.933,78.9663,394.831
2,523,473.798,236.899,394.831,157.933,157.933,157.933,157.933,157.933,78.9663,315.865,157.933
4,523,394.831,473.798,236.899,473.798,78.9663,157.933,78.9663,78.9663,78.9663,157.933,78.9663
5,523,552.764,394.831,473.798,552.764,157.933,78.9663,157.933,78.9663,78.9663,78.9663,157.933
6,523,710.696,236.899,789.663,473.798,157.933,157.933,78.9663,78.9663,157.933,157.933,78.9663
8,523,315.865,315.865,789.663,315.865,394.831,315.865,315.865,315.865,157.933,552.764,157.933
9,523,315.865,236.899,394.831,236.899,315.865,236.899,236.899,236.899,157.933,631.73,236.899
10,523,394.831,394.831,236.899,157.933,315.865,394.831,394.831,315.865,394.831,552.764,157.933
11,523,631.73,473.798,236.899,394.831,315.865,394.831,315.865,473.798,473.798,473.798,157.933
12,523,1421.39,394.831,868.629,394.831,157.933,315.865,315.865,394.831,315.865,552.764,315.865
13,523,1816.22,868.629,1579.33,236.899,236.899,157.933,157.933,157.933,157.933,631.73,473.798
14,523,1421.39,868.629,1658.29,236.899,315.865,236.899,315.865,157.933,236.899,710.696,315.865
15,523,1026.56,552.764,1184.49,236.899,710.696,315.865,315.865,157.933,236.899,552.764,157.933
16,523,947.595,631.73,1026.56,789.663,1737.26,473.798,394.831,236.899,236.899,631.73,236.899
17,523,789.663,789.663,1579.33,1184.49,2368.99,1026.56,710.696,236.899,552.764,868.629,157.933
18,523,552.764,947.595,1184.49,947.595,2211.06,1895.19,1421.39,631.73,1105.53,710.696,157.933
19,523,394.831,789.663,552.764,1184.49,1026.56,2053.12,1737.26,1421.39,1500.36,473.798,394.831
20,523,315.865,631.73,473.798,1421.39,1105.53,1105.53,1105.53,1184.49,1026.56,394.831,947.595
21,523,236.899,710.696,473.798,2211.06,1184.49,1342.43,947.595,947.595,1026.56,236.899,1026.56
22,523,236.899,473.798,552.764,1421.39,473.798,1421.39,1105.53,1342.43,1184.49,157.933,789.663
23,523,236.899,236.899,552.764,552.764,315.865,631.73,710.696,1184.49,789.663,236.899,1105.53
24,523,157.933,157.933,315.865,473.798,236.899,315.865,473.798,789.663,394.831,157.933,1263.46
25,523,157.933,157.933,236.899,236.899,157.933,157.933,236.899,394.831,236.899,157.933,868.629
26,523,157.933,236.899,157.933,157.933,315.865,157.933,157.933,236.899,157.933,236.899,552.764
27,523,157.933,157.933,157.933,157.933,157.933,315.865,236.899,236.899,157.933,157.933,315.865
2,524,315.865,236.899,552.764,236.899,157.933,157.933,78.9663,157.933,78.9663,157.933,236.899
5,524,868.629,631.73,394.831,236.899,315.865,157.933,157.933,157.933,157.933,78.9663,157.933
6,524,868.629,315.865,710.696,394.831,236.899,236.899,236.899,236.899,315.865,78.9663,157.933
7,524,473.798,473.798,789.663,236.899,473.798,236.899,157.933,157.933,236.899,236.899,157.933
8,524,315.865,394.831,789.663,552.764,1105.53,315.865,236.899,157.933,236.899,710.696,236.899
9,524,315.865,236.899,552.764,710.696,868.629,552.764,394.831,157.933,315.865,1026.56,157.933
10,524,552.764,236.899,394.831,315.865,631.73,552.764,473.798,315.865,473.798,1026.56,157.933
11,524,1026.56,236.899,473.798,157.933,394.831,394.831,394.831,552.764,394.831,710.696,236.899
12,524,1105.53,315.865,552.764,315.865,236.899,236.899,236.899,394.831,236.899,394.831,473.798
13,524,947.595,473.798,552.764,315.865,315.865,157.933,157.933,157.933,78.9663,315.865,394.831
14,524,947.595,710.696,1263.46,236.899,631.73,236.899,236.899,157.933,315.865,315.865,157.933
15,524,1184.49,1421.39,2053.12,473.798,1105.53,473.798,473.798,394.831,631.73,552.764,236.899
16,524,1026.56,1658.29,1895.19,1500.36,1105.53,1026.56,1105.53,552.764,947.595,868.629,473.798
17,524,631.73,1263.46,1579.33,1500.36,947.595,1342.43,1816.22,789.663,1105.53,1026.56,631.73
18,524,473.798,1263.46,868.629,1579.33,710.696,1263.46,1974.16,1263.46,1026.56,631.73,631.73
19,524,394.831,1105.53,631.73,1816.22,394.831,789.663,1263.46,1342.43,789.663,315.865,710.696
20,524,394.831,789.663,710.696,1658.29,631.73,631.73,868.629,947.595,789.663,236.899,789.663
21,524,394.831,552.764,552.764,1342.43,394.831,1026.56,1263.46,1342.43,1026.56,157.933,710.696
22,524,236.899,236.899,394.831,710.696,157.933,473.798,789.663,1263.46,710.696,236.899,947.595
23,524,157.933,236.899,236.899,789.663,236.899,157.933,236.899,552.764,236.899,236.899,1263.46
24,524,157.933,236.899,236.899,473.798,315.865,236.899,157.933,315.865,236.899,157.933,789.663
25,524,157.933,157.933,315.865,157.933,394.831,236.899,157.933,315.865,236.899,157.933,394.831
4,525,631.73,157.933,236.899,315.865,394.831,315.865,157.933,78.9663,157.933,78.9663,157.933
5,525,789.663,473.798,315.865,315.865,315.865,315.865,236.899,78.9663,157.933,157.933,78.9663
6,525,947.595,631.73,789.663,236.899,394.831,236.899,315.865,236.899,236.899,157.933,78.9663
7,525,710.696,552.764,1342.43,315.865,710.696,473.798,473.798,394.831,394.831,236.899,236.899
8,525,394.831,394.831,1816.22,394.831,789.663,631.73,631.73,315.865,394.831,473.798,394.831
9,525,394.831,315.865,1342.43,631.73,552.764,631.73,789.663,236.899,315.865,552.764,315.865
10,525,394.831,236.899,710.696,315.865,473.798,473.798,631.73,315.865,236.899,473.798,236.899
12,525,789.663,236.899,789.663,394.831,394.831,236.899,236.899,157.933,157.933,315.865,236.899
13,525,1579.33,631.73,1342.43,236.899,552.764,315.865,315.865,78.9663,157.933,552.764,157.933
14,525,1500.36,1105.53,1500.36,236.899,631.73,394.831,473.798,236.899,394.831,789.663,157.933
15,525,1105.53,1421.39,1105.53,394.831,631.73,552.764,789.663,473.798,631.73,789.663,236.899
16,525,789.663,1263.46,631.73,947.595,789.663,552.764,947.595,552.764,631.73,631.73,552.764
17,525,552.764,1105.53,394.831,1263.46,947.595,631.73,631.73,473.798,394.831,315.865,710.696
18,525,552.764,947.595,236.899,2053.12,789.663,947.595,631.73,552.764,552.764,157.933,473.798
19,525,394.831,710.696,315.865,1579.33,552.764,868.629,552.764,710.696,789.663,78.9663,315.865
20,525,315.865,394.831,394.831,947.595,315.865,710.696,710.696,1026.56,868.629,157.933,473.798
21,525,236.899,236.899,236.899,631.73,157.933,473.798,552.764,1105.53,631.73,236.899,789.663
22,525,236.899,236.899,236.899,552.764,236.899,157.933,157.933,473.798,236.899,236.899,1026.56
23,525,236.899,315.865,236.899,394.831,394.831,315.865,236.899,315.865,315.865,157.933,710.696
24,525,157.933,157.933,315.865,236.899,315.865,394.831,394.831,473.798,394.831,78.9663,394.831
25,525,157.933,157.933,315.865,236.899,157.933,315.865,315.865,394.831,315.865,78.9663,473.798
26,525,157.933,157.933,157.933,315.865,78.9663,157.933,236.899,236.899,157.933,157.933,552.764
4,526,473.798,236.899,315.865,552.764,157.933,315.865,394.831,315.865,315.865,78.9663,157.933
5,526,789.663,394.831,473.798,947.595,157.933,236.899,315.865,236.899,157.933,157.933,315.865
6,526,1105.53,789.663,789.663,552.764,236.899,157.933,236.899,157.933,78.9663,78.9663,236.899
8,526,552.764,473.798,631.73,315.865,868.629,631.73,631.73,552.764,473.798,315.865,236.899
9,526,315.865,473.798,631.73,315.865,868.629,789.663,552.764,473.798,473.798,473.798,473.798
10,526,473.798,236.899,631.73,236.899,789.663,552.764,394.831,236.899,315.865,473.798,315.865
11,526,710.696,236.899,473.798,157.933,789.663,473.798,315.865,157.933,394.831,473.798,157.933
12,526,710.696,473.798,789.663,236.899,710.696,552.764,394.831,236.899,473.798,394.831,157.933
13,526,631.73,552.764,789.663,236.899,394.831,552.764,394.831,315.865,394.831,394.831,236.899
14,526,473.798,552.764,552.764,394.831,394.831,315.865,473.798,315.865,236.899,315.865,236.899
15,526,473.798,789.663,710.696,1026.56,710.696,315.865,473.798,315.865,236.899,236.899,236.899
16,526,394.831,947.595,710.696,1500.36,789.663,552.764,631.73,315.865,394.831,157.933,236.899
17,526,315.865,868.629,552.764,1184.49,552.764,1026.56,1105.53,710.696,868.629,315.865,236.899
18,526,315.865,473.798,394.831,1184.49,315.865,1026.56,1263.46,1263.46,1105.53,315.865,394.831
19,526,236.899,315.865,315.865,1105.53,236.899,631.73,789.663,1184.49,947.595,236.899,789.663
20,526,157.933,236.899,236.899,868.629,236.899,315.865,473.798,947.595,631.73,236.899,947.595
21,526,236.899,236.899,315.865,631.73,236.899,236.899,236.899,710.696,315.865,157.933,947.595
22,526,315.865,315.865,394.831,394.831,315.865,236.899,236.899,394.831,236.899,78.9663,710.696
23,526,236.899,236.899,315.865,157.933,236.899,236.899,315.865,394.831,315.865,78.9663,473.798
24,526,157.933,157.933,236.899,157.933,78.9663,236.899,394.831,394.831,315.865,157.933,473.798
25,526,157.933,157.933,157.933,315.865,78.9663,157.933,236.899,236.899,157.933,236.899,552.764
26,526,157.933,157.933,236.899,157.933,157.933,78.9663,78.9663,78.9663,78.9663,157.933,315.865
2,527,236.899,394.831,157.933,394.831,78.9663,157.933,157.933,78.9663,78.9663,157.933,157.933
5,527,789.663,710.696,236.899,552.764,236.899,78.9663,157.933,157.933,157.933,157.933,236.899
6,527,552.764,947.595,473.798,868.629,157.933,157.933,78.9663,78.9663,157.933,157.933,236.899
7,527,473.798,552.764,631.73,710.696,157.933,157.933,157.933,78.9663,157.933,157.933,157.933
9,527,315.865,394.831,868.629,947.595,868.629,789.663,947.595,631.73,631.73,552.764,236.899
10,527,315.865,394.831,868.629,789.663,1026.56,1105.53,947.595,710.696,868.629,710.696,473.798
11,527,394.831,236.899,552.764,394.831,947.595,1184.49,1026.56,868.629,868.629,631.73,552.764
12,527,552.764,315.865,236.899,236.899,473.798,947.595,947.595,868.629,710.696,315.865,710.696
13,527,710.696,789.663,315.865,236.899,236.899,473.798,473.798,631.73,394.831,157.933,710.696
14,527,710.696,947.595,631.73,394.831,315.865,236.899,236.899,236.899,157.933,157.933,473.798
15,527,473.798,631.73,710.696,631.73,394.831,236.899,315.865,157.933,315.865,236.899,157.933
16,527,315.865,552.764,473.798,1026.56,315.865,394.831,552.764,315.865,473.798,473.798,157.933
17,527,315.865,552.764,394.831,1342.43,236.899,394.831,710.696,552.764,552.764,631.73,315.865
18,527,236.899,473.798,315.865,1421.39,236.899,394.831,473.798,631.73,394.831,552.764,552.764
19,527,236.899,315.865,236.899,789.663,236.899,315.865,236.899,552.764,315.865,315.865,631.73
20,527,236.899,236.899,315.865,473.798,236.899,236.899,236.899,473.798,315.865,157.933,552.764
21,527,236.899,236.899,315.865,394.831,236.899,236.899,236.899,394.831,236.899,157.933,473.798
22,527,157.933,157.933,236.899,157.933,157.933,157.933,236.899,236.899,157.933,157.933,394.831
23,527,157.933,157.933,157.933,157.933,78.9663,157.933,236.899,236.899,157.933,236.899,394.831
24,527,157.933,157.933,78.9663,315.865,78.9663,157.933,157.933,236.899,157.933,236.899,315.865
6,528,631.73,1105.53,157.933,473.798,236.899,236.899,236.899,78.9663,236.899,78.9663,78.9663
7,528,789.663,1263.46,315.865,1105.53,157.933,315.865,236.899,236.899,315.865,78.9663,157.933
8,528,789.663,1421.39,473.798,1500.36,236.899,236.899,315.865,236.899,315.865,78.9663,236.899
9,528,473.798,1263.46,631.73,1263.46,236.899,315.865,631.73,394.831,394.831,78.9663,236.899
12,528,315.865,315.865,236.899,394.831,631.73,315.865,473.798,631.73,315.865,78.9663,789.663
13,528,473.798,473.798,315.865,315.865,631.73,473.798,315.865,315.865,236.899,157.933,552.764
14,528,394.831,394.831,157.933,315.865,394.831,552.764,394.831,315.865,394.831,236.899,236.899
15,528,315.865,473.798,157.933,789.663,315.865,552.764,473.798,473.798,552.764,236.899,236.899
16,528,236.899,552.764,236.899,1263.46,236.899,394.831,394.831,473.798,473.798,315.865,394.831
17,528,315.865,473.798,315.865,868.629,236.899,394.831,394.831,473.798,394.831,315.865,473.798
18,528,315.865,315.865,315.865,394.831,236.899,394.831,394.831,631.73,394.831,236.899,394.831
19,528,236.899,236.899,236.899,315.865,157.933,236.899,315.865,552.764,394.831,157.933,394.831
21,528,157.933,157.933,157.933,236.899,157.933,157.933,157.933,236.899,157.933,157.933,473.798
22,528,157.933,157.933,157.933,157.933,157.933,157.933,157.933,157.933,78.9663,157.933,394.831
7,529,473.798,631.73,236.899,473.798,78.9663,157.933,236.899,315.865,315.865,78.9663,157.933
8,529,315.865,552.764,236.899,710.696,157.933,157.933,236.899,473.798,315.865,78.9663,315.865
9,529,236.899,473.798,236.899,789.663,394.831,236.899,236.899,315.865,315.865,157.933,473.798
10,529,236.899,631.73,315.865,947.595,473.798,394.831,315.865,394.831,315.865,157.933,394.831
11,529,236.899,552.764,394.831,1263.46,552.764,552.764,315.865,394.831,394.831,157.933,315.865
12,529,236.899,315.865,394.831,947.595,552.764,710.696,552.764,552.764,552.764,157.933,315.865
13,529,236.899,315.865,394.831,473.798,315.865,789.663,710.696,710.696,631.73,157.933,315.865
14,529,315.865,394.831,236.899,473.798,157.933,394.831,552.764,710.696,631.73,157.933,473.798
15,529,315.865,394.831,236.899,552.764,157.933,236.899,315.865,552.764,394.831,157.933,631.73
16,529,157.933,236.899,315.865,394.831,157.933,157.933,315.865,394.831,315.865,78.9663,631.73
17,529,157.933,157.933,157.933,473.798,78.9663,157.933,236.899,394.831,236.899,78.9663,473.798
18,529,157.933,157.933,157.933,473.798,157.933,78.9663,236.899,315.865,236.899,236.899,394.831
19,529,157.933,157.933,157.933,394.831,315.865,157.933,78.9663,157.933,157.933,236.899,394.831
20,529,157.933,236.899,236.899,315.865,236.899,157.933,78.9663,236.899,157.933,236.899,394.831
8,530,473.798,631.73,315.865,710.696,78.9663,78.9663,157.933,236.899,157.933,78.9663,157.933
9,530,473.798,710.696,394.831,947.595,78.9663,157.933,315.865,236.899,236.899,157.933,236.899
10,530,394.831,789.663,473.798,789.663,78.9663,315.865,473.798,394.831,394.831,157.933,315.865
11,530,236.899,394.831,394.831,552.764,157.933,315.865,552.764,631.73,552.764,236.899,394.831
12,530,157.933,236.899,315.865,473.798,157.933,236.899,552.764,789.663,473.798,236.899,552.764
13,530,157.933,315.865,157.933,552.764,157.933,157.933,394.831,552.764,315.865,157.933,710.696
14,530,236.899,157.933,157.933,394.831,157.933,157.933,157.933,315.865,157.933,78.9663,631.73
15,530,157.933,157.933,157.933,315.865,236.899,236.899,157.933,157.933,157.933,78.9663,394.831
16,530,157.933,315.865,157.933,631.73,157.933,236.899,157.933,236.899,157.933,78.9663,236.899
17,530,236.899,394.831,236.899,473.798,157.933,157.933,157.933,157.933,157.933,157.933,236.899
8,531,315.865,236.899,157.933,315.865,78.9663,157.933,157.933,236.899,315.865,78.9663,157.933
9,531,315.865,236.899,157.933,631.73,157.933,157.933,157.933,236.899,236.899,78.9663,236.899
10,531,236.899,236.899,236.899,552.764,157.933,157.933,157.933,236.899,236.899,78.9663,315.865
11,531,236.899,236.899,315.865,473.798,157.933,157.933,157.933,315.865,157.933,78.9663,315.865
12,531,236.899,236.899,315.865,552.764,236.899,157.933,157.933,236.899,157.933,78.9663,315.865
13,531,157.933,236.899,315.865,394.831,236.899,157.933,78.9663,157.933,157.933,78.9663,315.865
16,531,315.865,236.899,157.933,315.865,78.9663,157.933,157.933,236.899,236.899,157.933,236.899
17,531,315.865,236.899,236.899,157.933,78.9663,78.9663,157.933,157.933,157.933,78.9663,315.865
9,532,315.865,157.933,157.933,315.865,78.9663,78.9663,78.9663,236.899,157.933,78.9663,315.865