439,506,236.899,236.899,315.865,157.933,315.865,157.933,78.9663,78.9663,236.899,157.933,236.899
440,506,157.933,157.933,236.899,157.933,157.933,157.933,157.933,236.899,157.933,236.899,315.865
434,507,157.933,157.933,157.933,157.933,236.899,157.933,157.933,157.933,473.798,157.933,236.899
435,507,157.933,157.933,78.9663,157.933,236.899,315.865,236.899,236.899,473.798,157.933,315.865
439,507,315.865,157.933,552.764,473.798,157.933,157.933,157.933,157.933,157.933,78.9663,236.899
447,507,236.899,315.865,315.865,315.865,473.798,473.798,236.899,157.933,315.865,236.899,78.9663
451,507,157.933,236.899,394.831,315.865,315.865,157.933,315.865,236.899,473.798,78.9663,315.865
452,507,236.899,78.9663,315.865,236.899,315.865,394.831,236.899,315.865,394.831,157.933,473.798
432,508,157.933,78.9663,157.933,157.933,78.9663,157.933,157.933,157.933,394.831,78.9663,236.899
433,508,157.933,157.933,236.899,157.933,315.865,315.865,236.899,236.899,394.831,78.9663,473.798
434,508,236.899,157.933,236.899,236.899,473.798,315.865,315.865,394.831,315.865,236.899,473.798
440,508,473.798,473.798,236.899,236.899,315.865,315.865,236.899,236.899,315.865,157.933,157.933
441,508,236.899,236.899,236.899,236.899,315.865,236.899,157.933,315.865,394.831,157.933,236.899
442,508,236.899,157.933,236.899,315.865,236.899,236.899,315.865,394.831,315.865,236.899,315.865
447,508,236.899,157.933,315.865,868.629,236.899,236.899,315.865,157.933,315.865,157.933,157.933
450,508,473.798,157.933,552.764,394.831,473.798,473.798,236.899,157.933,315.865,236.899,236.899
451,508,236.899,394.831,552.764,236.899,552.764,315.865,315.865,315.865,315.865,157.933,473.798
452,508,315.865,157.933,552.764,394.831,473.798,473.798,473.798,473.798,236.899,78.9663,552.764
454,508,236.899,315.865,473.798,710.696,236.899,394.831,236.899,157.933,157.933,157.933,157.933
455,508,394.831,236.899,236.899,315.865,315.865,157.933,157.933,236.899,236.899,78.9663,315.865
431,509,78.9663,78.9663,157.933,157.933,78.9663,78.9663,157.933,157.933,473.798,78.9663,315.865
432,509,157.933,157.933,157.933,157.933,157.933,315.865,315.865,394.831,315.865,236.899,552.764
433,509,157.933,157.933,236.899,236.899,394.831,315.865,236.899,394.831,157.933,315.865,473.798
436,509,236.899,236.899,236.899,315.865,236.899,157.933,157.933,157.933,315.865,394.831,236.899
437,509,236.899,236.899,236.899,315.865,394.831,473.798,315.865,315.865,236.899,473.798,236.899
438,509,236.899,315.865,236.899,236.899,473.798,473.798,315.865,315.865,236.899,394.831,236.899
439,509,236.899,315.865,315.865,394.831,236.899,236.899,236.899,236.899,157.933,236.899,236.899
440,509,315.865,236.899,394.831,631.73,236.899,315.865,236.899,236.899,78.9663,315.865,236.899
444,509,236.899,315.865,236.899,394.831,157.933,157.933,78.9663,157.933,157.933,157.933,157.933
449,509,315.865,710.696,394.831,394.831,157.933,236.899,394.831,236.899,315.865,157.933,157.933
450,509,789.663,236.899,710.696,552.764,236.899,236.899,315.865,236.899,236.899,473.798,315.865
451,509,710.696,631.73,473.798,236.899,315.865,473.798,394.831,394.831,78.9663,473.798,236.899
454,509,315.865,473.798,473.798,868.629,157.933,157.933,157.933,157.933,78.9663,157.933,78.9663
455,509,552.764,473.798,157.933,315.865,157.933,78.9663,78.9663,157.933,236.899,78.9663,236.899
456,509,236.899,473.798,315.865,552.764,157.933,78.9663,157.933,157.933,157.933,157.933,236.899
430,510,157.933,78.9663,157.933,157.933,157.933,78.9663,78.9663,78.9663,473.798,78.9663,236.899
431,510,157.933,157.933,157.933,157.933,78.9663,157.933,236.899,394.831,236.899,315.865,552.764
432,510,157.933,78.9663,78.9663,236.899,157.933,315.865,236.899,473.798,236.899,394.831,315.865
433,510,157.933,157.933,394.831,394.831,157.933,157.933,157.933,157.933,473.798,157.933,157.933
434,510,315.865,236.899,552.764,394.831,552.764,552.764,315.865,394.831,552.764,236.899,315.865
435,510,552.764,394.831,236.899,315.865,1026.56,552.764,315.865,473.798,552.764,710.696,631.73
436,510,315.865,236.899,315.865,473.798,473.798,552.764,631.73,789.663,236.899,1026.56,631.73
437,510,236.899,315.865,473.798,552.764,631.73,631.73,473.798,631.73,315.865,631.73,394.831
438,510,315.865,315.865,473.798,868.629,394.831,236.899,157.933,236.899,473.798,236.899,394.831
439,510,315.865,394.831,315.865,789.663,394.831,315.865,315.865,315.865,236.899,157.933,315.865
441,510,394.831,473.798,473.798,473.798,315.865,315.865,157.933,78.9663,315.865,157.933,78.9663
442,510,315.865,394.831,552.764,315.865,157.933,236.899,236.899,157.933,157.933,315.865,157.933
443,510,236.899,315.865,315.865,236.899,315.865,394.831,236.899,157.933,78.9663,631.73,78.9663
448,510,552.764,236.899,1579.33,473.798,473.798,157.933,157.933,78.9663,157.933,236.899,78.9663
449,510,789.663,236.899,552.764,236.899,157.933,78.9663,157.933,78.9663,315.865,78.9663,157.933
450,510,394.831,236.899,236.899,157.933,236.899,157.933,236.899,394.831,552.764,236.899,315.865
451,510,631.73,315.865,236.899,552.764,157.933,315.865,552.764,473.798,236.899,236.899,236.899
452,510,394.831,315.865,394.831,1105.53,394.831,552.764,394.831,236.899,78.9663,157.933,157.933
453,510,394.831,631.73,552.764,315.865,552.764,315.865,157.933,78.9663,157.933,157.933,78.9663
454,510,473.798,473.798,394.831,473.798,236.899,157.933,157.933,78.9663,157.933,157.933,78.9663
455,510,552.764,315.865,157.933,157.933,157.933,157.933,157.933,78.9663,315.865,157.933,78.9663
456,510,236.899,315.865,236.899,236.899,157.933,157.933,157.933,236.899,236.899,157.933,236.899
430,511,157.933,157.933,157.933,157.933,157.933,78.9663,78.9663,157.933,236.899,157.933,394.831
431,511,157.933,157.933,78.9663,236.899,78.9663,157.933,157.933,394.831,236.899,394.831,315.865
432,511,157.933,78.9663,157.933,315.865,157.933,78.9663,157.933,157.933,789.663,394.831,157.933
433,511,157.933,236.899,315.865,315.865,236.899,473.798,631.73,710.696,552.764,394.831,710.696
434,511,315.865,394.831,394.831,552.764,947.595,1263.46,868.629,947.595,473.798,710.696,710.696
435,511,473.798,236.899,947.595,1263.46,947.595,552.764,394.831,552.764,473.798,868.629,552.764
436,511,315.865,315.865,1105.53,710.696,315.865,473.798,552.764,552.764,157.933,473.798,394.831
437,511,394.831,473.798,631.73,710.696,789.663,631.73,394.831,236.899,236.899,236.899,157.933
440,511,315.865,473.798,552.764,394.831,394.831,315.865,236.899,236.899,157.933,394.831,157.933
441,511,315.865,394.831,631.73,710.696,236.899,157.933,157.933,157.933,394.831,394.831,157.933
442,511,394.831,394.831,394.831,552.764,315.865,315.865,394.831,394.831,236.899,552.764,315.865
443,511,315.865,631.73,236.899,236.899,473.798,552.764,394.831,315.865,236.899,789.663,157.933
444,511,394.831,394.831,473.798,394.831,552.764,236.899,236.899,157.933,473.798,394.831,236.899
445,511,473.798,394.831,631.73,394.831,394.831,552.764,394.831,315.865,157.933,236.899,394.831
446,511,552.764,394.831,473.798,394.831,1421.39,710.696,236.899,157.933,157.933,473.798,236.899
447,511,394.831,552.764,868.629,631.73,710.696,157.933,78.9663,78.9663,394.831,236.899,157.933
448,511,710.696,789.663,473.798,473.798,157.933,78.9663,157.933,157.933,236.899,236.899,236.899
449,511,1500.36,394.831,552.764,157.933,157.933,315.865,315.865,236.899,157.933,157.933,157.933
454,511,552.764,473.798,710.696,236.899,236.899,78.9663,157.933,78.9663,157.933,236.899,78.9663
455,511,473.798,157.933,236.899,236.899,157.933,157.933,236.899,157.933,236.899,315.865,157.933
456,511,157.933,157.933,315.865,236.899,236.899,236.899,236.899,315.865,236.899,236.899,315.865
460,511,236.899,315.865,236.899,315.865,157.933,236.899,157.933,236.899,157.933,157.933,236.899
429,512,78.9663,78.9663,157.933,157.933,236.899,157.933,78.9663,78.9663,315.865,236.899,157.933
432,512,157.933,157.933,236.899,236.899,236.899,236.899,236.899,315.865,473.798,315.865,552.764
433,512,157.933,157.933,157.933,631.73,236.899,473.798,631.73,789.663,315.865,1026.56,789.663
434,512,315.865,236.899,473.798,1895.19,394.831,473.798,394.831,394.831,868.629,947.595,315.865
435,512,315.865,631.73,1105.53,1421.39,315.865,394.831,473.798,552.764,552.764,315.865,473.798
436,512,789.663,947.595,789.663,789.663,1105.53,1263.46,1026.56,789.663,236.899,473.798,315.865
437,512,868.629,473.798,552.764,1500.36,1500.36,868.629,473.798,315.865,473.798,868.629,236.899
438,512,394.831,473.798,1263.46,868.629,631.73,315.865,315.865,315.865,552.764,789.663,394.831
439,512,394.831,631.73,1263.46,710.696,473.798,394.831,315.865,315.865,473.798,552.764,394.831
440,512,631.73,473.798,947.595,789.663,473.798,315.865,236.899,236.899,157.933,315.865,315.865
441,512,710.696,710.696,473.798,315.865,394.831,394.831,315.865,157.933,394.831,236.899,157.933
442,512,710.696,473.798,315.865,236.899,552.764,315.865,394.831,315.865,473.798,473.798,473.798
443,512,473.798,394.831,631.73,394.831,394.831,552.764,473.798,394.831,157.933,473.798,236.899
444,512,315.865,315.865,315.865,315.865,710.696,552.764,315.865,236.899,394.831,315.865,157.933
446,512,552.764,315.865,1026.56,789.663,710.696,710.696,473.798,473.798,236.899,394.831,236.899
447,512,552.764,552.764,3000.72,236.899,552.764,236.899,157.933,78.9663,315.865,236.899,236.899
448,512,1342.43,315.865,1263.46,157.933,552.764,236.899,236.899,236.899,236.899,394.831,315.865
450,512,552.764,157.933,394.831,473.798,552.764,394.831,157.933,157.933,236.899,473.798,78.9663
451,512,315.865,236.899,1184.49,236.899,315.865,157.933,157.933,78.9663,157.933,473.798,78.9663
453,512,315.865,394.831,473.798,157.933,394.831,315.865,157.933,78.9663,157.933,315.865,78.9663
454,512,710.696,315.865,473.798,157.933,552.764,236.899,157.933,78.9663,315.865,473.798,157.933
455,512,710.696,157.933,394.831,157.933,236.899,236.899,236.899,236.899,394.831,473.798,394.831
456,512,236.899,157.933,315.865,315.865,473.798,394.831,315.865,394.831,315.865,236.899,552.764
457,512,315.865,157.933,394.831,552.764,473.798,394.831,315.865,315.865,157.933,157.933,473.798
458,512,236.899,315.865,315.865,631.73,394.831,315.865,157.933,157.933,236.899,236.899,315.865
460,512,315.865,394.831,236.899,473.798,157.933,236.899,315.865,315.865,157.933,78.9663,315.865
429,513,157.933,157.933,236.899,236.899,157.933,78.9663,78.9663,236.899,315.865,157.933,315.865
431,513,236.899,236.899,157.933,394.831,236.899,394.831,315.865,236.899,236.899,236.899,157.933
432,513,157.933,157.933,236.899,552.764,157.933,236.899,157.933,236.899,315.865,473.798,394.831
433,513,236.899,157.933,236.899,947.595,157.933,236.899,236.899,315.865,710.696,1342.43,315.865
434,513,157.933,315.865,315.865,947.595,394.831,552.764,473.798,473.798,710.696,631.73,394.831
435,513,315.865,947.595,315.865,631.73,1263.46,1342.43,1421.39,1026.56,394.831,631.73,473.798
436,513,868.629,947.595,394.831,1816.22,1658.29,1342.43,1026.56,552.764,1105.53,1737.26,236.899
437,513,552.764,473.798,1737.26,1263.46,710.696,552.764,552.764,473.798,1026.56,1263.46,710.696
438,513,868.629,1500.36,1816.22,473.798,1342.43,1500.36,1026.56,789.663,552.764,552.764,868.629
439,513,1421.39,1263.46,710.696,394.831,2132.09,1026.56,631.73,552.764,236.899,394.831,473.798
440,513,1105.53,394.831,710.696,473.798,710.696,315.865,394.831,394.831,157.933,315.865,157.933
441,513,868.629,473.798,552.764,473.798,236.899,236.899,315.865,157.933,552.764,157.933,236.899
442,513,552.764,552.764,710.696,236.899,236.899,157.933,315.865,394.831,789.663,394.831,789.663
443,513,473.798,473.798,1263.46,710.696,236.899,710.696,1026.56,947.595,236.899,473.798,552.764
444,513,710.696,236.899,789.663,789.663,947.595,1421.39,710.696,315.865,315.865,473.798,157.933
445,513,394.831,552.764,631.73,947.595,1263.46,394.831,236.899,394.831,473.798,631.73,236.899
446,513,315.865,631.73,789.663,1895.19,394.831,394.831,473.798,394.831,236.899,236.899,236.899
447,513,868.629,1974.16,947.595,473.798,710.696,789.663,631.73,315.865,473.798,552.764,157.933
448,513,2526.92,1421.39,868.629,157.933,1026.56,473.798,236.899,157.933,473.798,710.696,157.933
449,513,1184.49,236.899,1263.46,315.865,394.831,394.831,315.865,236.899,315.865,315.865,157.933
450,513,394.831,157.933,473.798,552.764,789.663,394.831,236.899,236.899,631.73,631.73,157.933
451,513,394.831,631.73,1421.39,236.899,552.764,552.764,394.831,473.798,473.798,473.798,315.865
452,513,868.629,315.865,552.764,157.933,789.663,631.73,394.831,394.831,473.798,394.831,315.865
453,513,473.798,236.899,631.73,236.899,789.663,789.663,552.764,394.831,552.764,552.764,315.865
454,513,552.764,394.831,868.629,157.933,1263.46,789.663,394.831,315.865,710.696,631.73,473.798
455,513,552.764,315.865,1263.46,315.865,947.595,710.696,552.764,473.798,631.73,631.73,947.595
456,513,394.831,236.899,473.798,552.764,1105.53,947.595,631.73,631.73,236.899,315.865,868.629
457,513,315.865,315.865,947.595,552.764,868.629,552.764,394.831,394.831,394.831,157.933,631.73
458,513,394.831,394.831,631.73,315.865,315.865,236.899,236.899,236.899,394.831,315.865,710.696
459,513,236.899,394.831,394.831,236.899,315.865,315.865,157.933,315.865,157.933,315.865,473.798
431,514,157.933,157.933,157.933,710.696,315.865,236.899,157.933,157.933,552.764,315.865,157.933
432,514,157.933,236.899,236.899,394.831,236.899,315.865,315.865,394.831,789.663,394.831,473.798
433,514,236.899,315.865,157.933,631.73,394.831,868.629,947.595,868.629,631.73,789.663,552.764
434,514,315.865,394.831,157.933,1026.56,1026.56,1342.43,1184.49,868.629,236.899,315.865,552.764
435,514,236.899,473.798,315.865,1658.29,1263.46,947.595,947.595,394.831,1105.53,1026.56,236.899
436,514,394.831,552.764,710.696,1026.56,868.629,394.831,552.764,552.764,1500.36,1184.49,631.73
437,514,394.831,1342.43,1421.39,631.73,1263.46,1737.26,2368.99,1579.33,789.663,394.831,947.595
438,514,1579.33,1895.19,710.696,1737.26,3632.45,2684.85,1974.16,789.663,947.595,315.865,631.73
439,514,1500.36,789.663,2447.95,789.663,1895.19,710.696,473.798,631.73,394.831,236.899,552.764
440,514,710.696,868.629,2684.85,236.899,868.629,1026.56,394.831,394.831,157.933,315.865,236.899
441,514,868.629,552.764,710.696,236.899,1500.36,473.798,157.933,236.899,236.899,315.865,236.899
442,514,631.73,394.831,315.865,315.865,473.798,394.831,236.899,236.899,236.899,236.899,473.798
444,514,1105.53,394.831,394.831,1816.22,394.831,710.696,947.595,315.865,473.798,236.899,236.899
445,514,710.696,710.696,710.696,631.73,552.764,552.764,552.764,473.798,315.865,236.899,315.865
446,514,394.831,947.595,1184.49,631.73,710.696,789.663,789.663,473.798,394.831,236.899,236.899
447,514,552.764,868.629,789.663,315.865,552.764,473.798,552.764,473.798,1421.39,710.696,473.798
448,514,789.663,631.73,1342.43,868.629,394.831,473.798,552.764,789.663,1263.46,552.764,947.595
449,514,789.663,473.798,1500.36,394.831,868.629,1579.33,1184.49,1026.56,552.764,236.899,710.696
450,514,1105.53,315.865,631.73,236.899,1737.26,1342.43,710.696,552.764,710.696,631.73,394.831
451,514,473.798,552.764,1737.26,473.798,1421.39,1263.46,1026.56,947.595,552.764,394.831,394.831
452,514,1184.49,473.798,1342.43,473.798,1579.33,947.595,710.696,710.696,710.696,315.865,710.696
453,514,473.798,394.831,1184.49,473.798,552.764,710.696,789.663,947.595,552.764,552.764,789.663
454,514,710.696,394.831,947.595,710.696,1105.53,1105.53,868.629,789.663,631.73,473.798,868.629
455,514,710.696,552.764,1421.39,710.696,1026.56,789.663,947.595,868.629,473.798,552.764,1579.33
456,514,947.595,315.865,1105.53,1263.46,947.595,1105.53,947.595,710.696,236.899,315.865,1026.56
457,514,473.798,710.696,1658.29,1105.53,1026.56,552.764,315.865,236.899,552.764,157.933,552.764
458,514,947.595,631.73,1342.43,473.798,315.865,236.899,394.831,552.764,473.798,394.831,1026.56
459,514,552.764,552.764,394.831,631.73,394.831,631.73,552.764,552.764,157.933,394.831,631.73
430,515,78.9663,157.933,236.899,394.831,236.899,473.798,315.865,315.865,315.865,315.865,157.933
431,515,157.933,157.933,236.899,710.696,394.831,394.831,394.831,315.865,631.73,236.899,315.865
432,515,157.933,394.831,315.865,552.764,631.73,631.73,710.696,789.663,394.831,236.899,710.696
433,515,315.865,315.865,236.899,1579.33,552.764,947.595,1105.53,947.595,315.865,315.865,552.764
434,515,236.899,236.899,394.831,1895.19,789.663,789.663,631.73,394.831,315.865,473.798,315.865
435,515,315.865,710.696,789.663,1105.53,631.73,473.798,315.865,236.899,1026.56,1184.49,236.899
436,515,394.831,1500.36,1105.53,315.865,789.663,473.798,1105.53,789.663,710.696,552.764,789.663
437,515,710.696,1263.46,1105.53,947.595,1342.43,1658.29,2211.06,1184.49,1974.16,947.595,631.73
438,515,947.595,868.629,1974.16,1105.53,1658.29,1184.49,1184.49,1184.49,2526.92,1421.39,1895.19
439,515,868.629,2211.06,5369.71,473.798,1421.39,1974.16,1895.19,3000.72,552.764,552.764,2132.09
440,515,2842.79,2211.06,2368.99,1816.22,3079.68,2684.85,1500.36,1184.49,710.696,315.865,473.798
441,515,2526.92,394.831,1105.53,1026.56,1737.26,710.696,552.764,631.73,631.73,315.865,315.865
442,515,631.73,473.798,1816.22,710.696,1026.56,1421.39,789.663,710.696,315.865,394.831,236.899
443,515,552.764,315.865,947.595,552.764,1816.22,1184.49,394.831,236.899,315.865,552.764,157.933
444,515,473.798,315.865,394.831,473.798,1105.53,473.798,315.865,315.865,473.798,315.865,236.899
446,515,552.764,1263.46,473.798,1026.56,631.73,789.663,473.798,394.831,236.899,236.899,157.933
447,515,789.663,473.798,552.764,552.764,394.831,236.899,236.899,315.865,710.696,710.696,394.831
448,515,473.798,631.73,473.798,710.696,315.865,631.73,1263.46,1342.43,473.798,789.663,789.663
449,515,1184.49,1026.56,394.831,947.595,868.629,1500.36,1816.22,1421.39,315.865,236.899,631.73
450,515,1342.43,710.696,1184.49,947.595,868.629,868.629,789.663,631.73,394.831,394.831,394.831
452,515,1263.46,789.663,2053.12,1105.53,1105.53,868.629,552.764,552.764,394.831,315.865,631.73
453,515,1184.49,1026.56,1895.19,1342.43,473.798,315.865,552.764,710.696,236.899,552.764,710.696
454,515,1184.49,789.663,631.73,1816.22,394.831,552.764,631.73,552.764,315.865,236.899,473.798
455,515,868.629,1421.39,1026.56,1421.39,552.764,315.865,473.798,552.764,315.865,315.865,1263.46
456,515,1105.53,1184.49,1026.56,1421.39,236.899,473.798,631.73,473.798,157.933,315.865,789.663
457,515,1026.56,1342.43,710.696,710.696,473.798,394.831,236.899,236.899,315.865,157.933,315.865
458,515,1342.43,947.595,947.595,710.696,394.831,315.865,473.798,552.764,236.899,236.899,710.696
459,515,1026.56,394.831,315.865,1500.36,394.831,473.798,631.73,394.831,78.9663,236.899,473.798
461,515,394.831,631.73,631.73,236.899,236.899,157.933,78.9663,157.933,157.933,78.9663,236.899
428,516,157.933,157.933,157.933,394.831,157.933,236.899,157.933,157.933,315.865,157.933,157.933
429,516,236.899,315.865,394.831,394.831,236.899,157.933,236.899,394.831,552.764,78.9663,394.831
430,516,236.899,315.865,315.865,473.798,157.933,315.865,473.798,552.764,315.865,78.9663,394.831
432,516,236.899,394.831,394.831,473.798,789.663,552.764,394.831,315.865,236.899,315.865,315.865
433,516,315.865,236.899,868.629,1184.49,315.865,236.899,394.831,236.899,789.663,236.899,236.899
434,516,315.865,473.798,710.696,947.595,315.865,394.831,552.764,631.73,552.764,631.73,552.764
435,516,473.798,947.595,552.764,710.696,631.73,1026.56,552.764,789.663,631.73,1263.46,631.73
436,516,631.73,947.595,868.629,947.595,1026.56,631.73,868.629,552.764,236.899,631.73,552.764
437,516,789.663,868.629,1026.56,710.696,1263.46,868.629,710.696,473.798,1658.29,1421.39,473.798
438,516,868.629,1421.39,2368.99,631.73,868.629,552.764,1579.33,1737.26,1421.39,1658.29,2211.06
439,516,1737.26,2447.95,2368.99,1263.46,1579.33,2447.95,2763.82,2684.85,394.831,552.764,1579.33
440,516,3553.48,868.629,1974.16,3237.62,2132.09,1263.46,868.629,631.73,1263.46,157.933,552.764
441,516,1421.39,1263.46,3790.38,1579.33,394.831,631.73,947.595,1500.36,868.629,236.899,1421.39
442,516,1342.43,2132.09,1658.29,1737.26,1105.53,1658.29,1500.36,1658.29,631.73,315.865,868.629
443,516,1658.29,868.629,1105.53,1974.16,1421.39,1105.53,1026.56,868.629,473.798,394.831,473.798
444,516,1026.56,868.629,1105.53,552.764,789.663,1184.49,789.663,473.798,236.899,315.865,236.899
446,516,394.831,315.865,710.696,1342.43,552.764,315.865,236.899,236.899,78.9663,631.73,157.933
447,516,315.865,1105.53,868.629,1026.56,473.798,236.899,236.899,157.933,315.865,394.831,78.9663
448,516,473.798,868.629,236.899,552.764,394.831,236.899,552.764,315.865,473.798,710.696,157.933
450,516,473.798,473.798,1263.46,789.663,1105.53,631.73,236.899,157.933,157.933,394.831,157.933
451,516,1026.56,868.629,710.696,789.663,631.73,315.865,394.831,315.865,157.933,394.831,157.933
452,516,947.595,1500.36,473.798,1263.46,394.831,315.865,315.865,157.933,157.933,315.865,157.933
453,516,1658.29,1263.46,710.696,789.663,315.865,157.933,157.933,236.899,78.9663,552.764,236.899
454,516,1500.36,710.696,552.764,868.629,157.933,236.899,315.865,157.933,157.933,236.899,157.933
455,516,710.696,1263.46,710.696,789.663,473.798,236.899,157.933,236.899,315.865,236.899,552.764
456,516,1026.56,947.595,1105.53,947.595,236.899,236.899,315.865,394.831,157.933,236.899,473.798
457,516,1105.53,1105.53,315.865,631.73,315.865,315.865,236.899,236.899,157.933,157.933,157.933
458,516,710.696,868.629,394.831,552.764,315.865,236.899,236.899,236.899,157.933,157.933,315.865
459,516,710.696,315.865,315.865,947.595,394.831,236.899,236.899,157.933,236.899,78.9663,236.899
460,516,315.865,631.73,631.73,315.865,157.933,157.933,157.933,236.899,157.933,78.9663,236.899
461,516,473.798,710.696,315.865,315.865,236.899,236.899,157.933,157.933,78.9663,157.933,315.865
429,517,157.933,315.865,157.933,236.899,236.899,236.899,236.899,236.899,552.764,78.9663,552.764
432,517,157.933,552.764,473.798,315.865,394.831,315.865,236.899,236.899,394.831,315.865,157.933
433,517,394.831,473.798,1105.53,394.831,552.764,552.764,315.865,315.865,868.629,552.764,473.798
434,517,631.73,473.798,631.73,631.73,710.696,473.798,947.595,1105.53,789.663,394.831,947.595
435,517,631.73,552.764,394.831,1421.39,552.764,1342.43,1105.53,1184.49,1105.53,631.73,710.696
436,517,473.798,789.663,868.629,1737.26,1342.43,1342.43,1342.43,868.629,631.73,315.865,631.73
437,517,789.663,947.595,1026.56,710.696,1895.19,1816.22,947.595,631.73,315.865,552.764,315.865
438,517,868.629,789.663,3000.72,394.831,1816.22,552.764,631.73,473.798,236.899,710.696,473.798
439,517,1816.22,552.764,2211.06,710.696,315.865,473.798,947.595,473.798,710.696,315.865,315.865
440,517,1737.26,1263.46,3474.52,1263.46,315.865,236.899,315.865,473.798,1026.56,631.73,1184.49
441,517,2211.06,2368.99,3474.52,1184.49,236.899,631.73,789.663,1184.49,315.865,1579.33,1579.33
442,517,3711.41,1421.39,552.764,3158.65,552.764,947.595,552.764,473.798,710.696,1263.46,552.764
443,517,1263.46,1500.36,868.629,1737.26,1105.53,473.798,789.663,1026.56,947.595,315.865,1026.56
444,517,947.595,2290.02,1184.49,2211.06,868.629,1658.29,1500.36,1658.29,394.831,236.899,868.629
445,517,1026.56,1026.56,552.764,1500.36,1737.26,1421.39,789.663,868.629,473.798,947.595,157.933
446,517,552.764,631.73,1026.56,1105.53,710.696,789.663,631.73,473.798,552.764,2132.09,157.933
447,517,473.798,473.798,552.764,552.764,1105.53,947.595,473.798,315.865,552.764,947.595,236.899
448,517,710.696,473.798,552.764,394.831,1184.49,552.764,552.764,394.831,868.629,236.899,631.73
449,517,394.831,868.629,473.798,473.798,789.663,1105.53,1184.49,868.629,315.865,236.899,868.629
450,517,631.73,947.595,1421.39,789.663,1342.43,1105.53,631.73,552.764,157.933,473.798,236.899
451,517,1105.53,552.764,1658.29,552.764,631.73,394.831,157.933,157.933,157.933,394.831,157.933
452,517,631.73,394.831,394.831,552.764,315.865,236.899,236.899,236.899,157.933,236.899,157.933
453,517,394.831,552.764,236.899,315.865,315.865,315.865,157.933,236.899,157.933,394.831,157.933
454,517,552.764,631.73,394.831,315.865,315.865,315.865,236.899,157.933,78.9663,157.933,157.933
455,517,552.764,315.865,236.899,236.899,473.798,236.899,157.933,157.933,236.899,157.933,157.933
456,517,710.696,315.865,552.764,552.764,315.865,236.899,315.865,236.899,157.933,157.933,236.899
457,517,789.663,315.865,394.831,552.764,552.764,315.865,315.865,236.899,157.933,157.933,157.933
458,517,394.831,315.865,473.798,315.865,236.899,157.933,157.933,157.933,236.899,78.9663,236.899
459,517,394.831,473.798,315.865,236.899,236.899,157.933,157.933,236.899,236.899,78.9663,236.899
460,517,394.831,552.764,631.73,394.831,157.933,315.865,315.865,315.865,157.933,157.933,236.899
461,517,552.764,236.899,236.899,473.798,473.798,315.865,236.899,157.933,78.9663,157.933,236.899
429,518,236.899,157.933,473.798,157.933,236.899,394.831,552.764,394.831,236.899,236.899,473.798
431,518,236.899,236.899,789.663,710.696,552.764,157.933,236.899,236.899,789.663,157.933,236.899
432,518,315.865,552.764,552.764,236.899,315.865,473.798,710.696,789.663,394.831,315.865,473.798
433,518,394.831,552.764,473.798,315.865,789.663,1184.49,710.696,552.764,236.899,631.73,236.899
434,518,552.764,236.899,1026.56,315.865,1105.53,473.798,394.831,473.798,473.798,394.831,315.865
435,518,552.764,394.831,868.629,1263.46,394.831,552.764,947.595,947.595,868.629,473.798,394.831
436,518,394.831,710.696,631.73,2053.12,394.831,868.629,1500.36,1184.49,710.696,315.865,868.629
437,518,789.663,1263.46,947.595,1026.56,789.663,1342.43,1500.36,1184.49,157.933,157.933,710.696
438,518,1026.56,1026.56,2447.95,1579.33,1026.56,868.629,473.798,315.865,315.865,394.831,236.899
439,518,2368.99,710.696,1816.22,789.663,394.831,236.899,157.933,236.899,868.629,315.865,473.798
440,518,1895.19,710.696,789.663,473.798,157.933,157.933,315.865,710.696,1737.26,1026.56,1342.43
441,518,2842.79,868.629,1263.46,1895.19,157.933,473.798,1105.53,1184.49,1342.43,2368.99,1342.43
442,518,2684.85,394.831,552.764,2526.92,710.696,2211.06,1658.29,1026.56,315.865,1500.36,394.831
443,518,552.764,1500.36,947.595,947.595,2526.92,1737.26,868.629,552.764,394.831,473.798,552.764
444,518,947.595,1342.43,1263.46,2290.02,1026.56,552.764,1026.56,789.663,315.865,947.595,631.73
445,518,710.696,947.595,868.629,1500.36,947.595,552.764,473.798,394.831,473.798,631.73,236.899
446,518,552.764,1974.16,1658.29,1816.22,1342.43,473.798,710.696,631.73,1026.56,1658.29,315.865
447,518,947.595,1184.49,710.696,1421.39,868.629,868.629,1105.53,789.663,631.73,947.595,631.73
448,518,710.696,1658.29,1579.33,631.73,1421.39,947.595,789.663,710.696,473.798,236.899,789.663
449,518,789.663,710.696,1895.19,631.73,789.663,710.696,789.663,1026.56,157.933,315.865,947.595
450,518,552.764,789.663,1184.49,1895.19,868.629,394.831,394.831,473.798,315.865,315.865,236.899
451,518,1658.29,1184.49,1500.36,1974.16,236.899,157.933,236.899,157.933,157.933,236.899,236.899
452,518,1342.43,1026.56,394.831,473.798,236.899,236.899,315.865,236.899,315.865,236.899,157.933
453,518,552.764,394.831,394.831,789.663,236.899,157.933,236.899,157.933,236.899,315.865,315.865
454,518,394.831,236.899,473.798,315.865,315.865,315.865,315.865,236.899,157.933,236.899,236.899
458,518,473.798,315.865,710.696,315.865,236.899,315.865,157.933,157.933,157.933,236.899,315.865
428,519,157.933,78.9663,236.899,315.865,394.831,315.865,157.933,157.933,394.831,157.933,157.933
430,519,473.798,236.899,315.865,473.798,315.865,552.764,394.831,236.899,236.899,157.933,157.933
431,519,315.865,394.831,631.73,236.899,394.831,236.899,157.933,236.899,710.696,78.9663,394.831
432,519,552.764,473.798,552.764,315.865,315.865,315.865,631.73,947.595,631.73,157.933,947.595
434,519,394.831,394.831,710.696,631.73,394.831,789.663,394.831,394.831,157.933,710.696,78.9663
435,519,552.764,473.798,710.696,710.696,868.629,394.831,236.899,157.933,236.899,947.595,157.933
436,519,473.798,315.865,473.798,1421.39,552.764,236.899,315.865,236.899,315.865,394.831,315.865
437,519,394.831,1500.36,315.865,631.73,473.798,394.831,473.798,315.865,236.899,236.899,236.899
438,519,1026.56,1737.26,789.663,631.73,947.595,473.798,394.831,236.899,473.798,473.798,157.933
439,519,1342.43,1342.43,947.595,315.865,789.663,315.865,236.899,315.865,315.865,236.899,394.831
440,519,1184.49,947.595,315.865,315.865,552.764,394.831,315.865,473.798,947.595,236.899,552.764
441,519,1026.56,236.899,710.696,947.595,552.764,315.865,1026.56,1342.43,1263.46,947.595,1184.49
442,519,1658.29,394.831,473.798,1658.29,394.831,1579.33,2290.02,2053.12,315.865,710.696,1105.53
443,519,789.663,868.629,710.696,2290.02,1342.43,1579.33,789.663,473.798,947.595,1026.56,236.899
444,519,947.595,1184.49,1816.22,552.764,947.595,315.865,631.73,631.73,1500.36,1974.16,631.73
445,519,1026.56,1026.56,1184.49,1026.56,1105.53,2211.06,1737.26,1184.49,394.831,789.663,631.73
446,519,710.696,1579.33,1421.39,710.696,4264.18,2290.02,789.663,552.764,473.798,315.865,236.899
447,519,1184.49,789.663,2842.79,552.764,1579.33,473.798,868.629,552.764,394.831,236.899,473.798
448,519,631.73,868.629,1895.19,868.629,631.73,710.696,789.663,631.73,157.933,473.798,394.831
449,519,2053.12,710.696,3553.48,947.595,473.798,552.764,394.831,473.798,315.865,236.899,236.899
450,519,1816.22,1026.56,1263.46,789.663,473.798,236.899,157.933,157.933,552.764,236.899,157.933
451,519,1263.46,868.629,868.629,868.629,315.865,315.865,315.865,473.798,236.899,315.865,315.865
452,519,1184.49,868.629,394.831,631.73,315.865,236.899,157.933,236.899,394.831,315.865,157.933
453,519,552.764,552.764,473.798,631.73,315.865,315.865,394.831,315.865,157.933,236.899,315.865
454,519,473.798,473.798,394.831,315.865,631.73,552.764,394.831,236.899,394.831,315.865,236.899
455,519,552.764,315.865,789.663,236.899,552.764,236.899,236.899,236.899,157.933,315.865,315.865
456,519,394.831,236.899,1184.49,473.798,473.798,473.798,236.899,157.933,315.865,157.933,157.933
457,519,394.831,394.831,473.798,315.865,473.798,236.899,315.865,315.865,394.831,394.831,236.899
458,519,473.798,631.73,710.696,631.73,473.798,631.73,473.798,394.831,157.933,315.865,236.899
430,520,394.831,236.899,394.831,789.663,157.933,315.865,236.899,157.933,78.9663,157.933,236.899
431,520,394.831,552.764,236.899,157.933,236.899,157.933,157.933,157.933,236.899,236.899,236.899
432,520,394.831,631.73,473.798,394.831,315.865,236.899,157.933,315.865,315.865,236.899,552.764
433,520,473.798,315.865,394.831,1737.26,947.595,236.899,394.831,631.73,315.865,157.933,473.798
434,520,473.798,552.764,394.831,1421.39,473.798,473.798,631.73,710.696,315.865,394.831,236.899
435,520,394.831,868.629,315.865,394.831,315.865,473.798,473.798,315.865,236.899,473.798,157.933
436,520,473.798,631.73,1026.56,236.899,236.899,315.865,473.798,157.933,157.933,315.865,157.933
437,520,473.798,394.831,789.663,315.865,236.899,394.831,552.764,157.933,315.865,394.831,157.933
438,520,394.831,473.798,710.696,473.798,473.798,394.831,394.831,315.865,1026.56,394.831,394.831
439,520,552.764,552.764,1105.53,236.899,552.764,394.831,631.73,631.73,868.629,315.865,789.663
440,520,631.73,552.764,710.696,315.865,394.831,789.663,789.663,552.764,236.899,315.865,394.831
441,520,552.764,394.831,947.595,315.865,947.595,789.663,315.865,315.865,236.899,315.865,315.865
442,520,947.595,394.831,947.595,1500.36,1026.56,315.865,710.696,631.73,157.933,473.798,552.764
443,520,552.764,631.73,710.696,1895.19,315.865,473.798,473.798,236.899,473.798,631.73,236.899
444,520,789.663,2447.95,1184.49,789.663,552.764,315.865,789.663,710.696,1026.56,789.663,631.73
445,520,1500.36,868.629,1263.46,1816.22,394.831,1263.46,2605.89,1658.29,552.764,394.831,789.663
446,520,710.696,1184.49,2053.12,868.629,2132.09,1737.26,1184.49,631.73,315.865,394.831,236.899
447,520,1974.16,2132.09,7580.76,315.865,947.595,394.831,315.865,315.865,236.899,789.663,236.899
448,520,3079.68,631.73,3079.68,315.865,631.73,394.831,315.865,236.899,236.899,789.663,236.899
449,520,1895.19,710.696,1342.43,710.696,710.696,315.865,236.899,157.933,394.831,236.899,236.899
450,520,2368.99,473.798,868.629,394.831,394.831,236.899,236.899,394.831,315.865,315.865,394.831
451,520,789.663,552.764,394.831,394.831,394.831,473.798,473.798,631.73,236.899,394.831,315.865
452,520,631.73,236.899,631.73,1105.53,473.798,236.899,236.899,236.899,236.899,315.865,315.865
454,520,394.831,394.831,631.73,631.73,473.798,394.831,315.865,157.933,631.73,552.764,236.899
455,520,552.764,315.865,1026.56,394.831,394.831,473.798,552.764,552.764,157.933,473.798,631.73
456,520,789.663,473.798,868.629,789.663,1263.46,947.595,394.831,236.899,394.831,236.899,157.933
457,520,789.663,315.865,1184.49,473.798,868.629,236.899,394.831,394.831,394.831,473.798,236.899
458,520,473.798,473.798,947.595,552.764,473.798,710.696,631.73,394.831,157.933,236.899,236.899
460,520,473.798,631.73,1184.49,552.764,236.899,236.899,236.899,236.899,236.899,236.899,157.933
430,521,236.899,236.899,315.865,394.831,236.899,236.899,157.933,157.933,394.831,157.933,78.9663
431,521,236.899,473.798,157.933,315.865,236.899,236.899,394.831,394.831,552.764,315.865,157.933
432,521,236.899,394.831,236.899,394.831,473.798,789.663,789.663,473.798,394.831,473.798,236.899
433,521,394.831,315.865,315.865,473.798,1026.56,868.629,552.764,394.831,157.933,552.764,236.899
434,521,236.899,394.831,1342.43,552.764,710.696,552.764,236.899,236.899,157.933,315.865,157.933
435,521,631.73,710.696,947.595,552.764,473.798,236.899,157.933,157.933,473.798,157.933,78.9663
436,521,631.73,631.73,473.798,394.831,394.831,315.865,236.899,315.865,473.798,473.798,394.831
437,521,710.696,631.73,552.764,236.899,473.798,473.798,394.831,473.798,157.933,315.865,236.899
438,521,789.663,236.899,710.696,236.899,473.798,552.764,315.865,315.865,1105.53,473.798,552.764
439,521,710.696,710.696,631.73,473.798,473.798,236.899,473.798,1184.49,1579.33,710.696,1579.33
440,521,868.629,789.663,631.73,1658.29,315.865,789.663,1263.46,1816.22,868.629,1105.53,1342.43
441,521,552.764,394.831,1026.56,1263.46,552.764,1263.46,789.663,552.764,315.865,1342.43,473.798
442,521,789.663,710.696,947.595,473.798,947.595,631.73,315.865,157.933,473.798,710.696,236.899
443,521,789.663,789.663,1579.33,789.663,1342.43,315.865,315.865,394.831,552.764,394.831,236.899
444,521,1026.56,1105.53,631.73,1579.33,473.798,394.831,315.865,473.798,473.798,552.764,315.865
445,521,1105.53,552.764,1105.53,2290.02,552.764,473.798,710.696,710.696,473.798,394.831,473.798
446,521,1026.56,1421.39,552.764,473.798,710.696,631.73,710.696,789.663,394.831,315.865,473.798
447,521,2053.12,2684.85,2211.06,710.696,789.663,789.663,631.73,631.73,394.831,552.764,394.831
448,521,5369.71,789.663,1342.43,789.663,947.595,789.663,631.73,315.865,552.764,315.865,315.865
449,521,1895.19,631.73,1263.46,236.899,1263.46,1026.56,710.696,394.831,473.798,315.865,473.798
450,521,947.595,473.798,1816.22,315.865,947.595,631.73,473.798,473.798,157.933,473.798,473.798
451,521,868.629,394.831,868.629,236.899,236.899,394.831,394.831,315.865,394.831,552.764,157.933
452,521,473.798,315.865,631.73,394.831,236.899,157.933,157.933,236.899,236.899,394.831,315.865
453,521,789.663,236.899,789.663,315.865,315.865,315.865,315.865,315.865,473.798,394.831,236.899
454,521,552.764,236.899,552.764,710.696,394.831,236.899,315.865,236.899,552.764,789.663,315.865
455,521,710.696,394.831,710.696,315.865,394.831,789.663,1026.56,631.73,236.899,394.831,394.831
456,521,789.663,552.764,552.764,552.764,1421.39,1026.56,552.764,236.899,473.798,236.899,157.933
457,521,710.696,631.73,2053.12,394.831,789.663,236.899,394.831,473.798,315.865,473.798,394.831
458,521,1026.56,552.764,1421.39,552.764,552.764,631.73,552.764,394.831,157.933,157.933,157.933
459,521,552.764,473.798,552.764,552.764,631.73,315.865,236.899,157.933,315.865,315.865,157.933
460,521,631.73,552.764,789.663,473.798,236.899,315.865,315.865,315.865,236.899,394.831,236.899
461,521,710.696,394.831,236.899,315.865,315.865,315.865,236.899,315.865,157.933,157.933,157.933
430,522,236.899,157.933,236.899,236.899,236.899,236.899,157.933,157.933,315.865,157.933,157.933
431,522,157.933,157.933,157.933,473.798,315.865,157.933,394.831,473.798,631.73,157.933,473.798
432,522,157.933,236.899,236.899,1263.46,157.933,394.831,710.696,789.663,789.663,552.764,710.696
433,522,236.899,473.798,315.865,947.595,236.899,473.798,789.663,789.663,631.73,868.629,631.73
434,522,473.798,947.595,947.595,947.595,394.831,868.629,710.696,789.663,473.798,394.831,315.865
435,522,1105.53,473.798,1105.53,710.696,552.764,868.629,631.73,552.764,552.764,315.865,394.831
436,522,868.629,473.798,315.865,394.831,473.798,473.798,552.764,631.73,394.831,789.663,710.696
437,522,473.798,394.831,473.798,473.798,315.865,394.831,552.764,631.73,157.933,631.73,473.798
438,522,552.764,315.865,1184.49,236.899,473.798,315.865,473.798,315.865,394.831,1263.46,394.831
439,522,789.663,236.899,710.696,473.798,394.831,394.831,315.865,789.663,710.696,1895.19,1263.46
440,522,631.73,315.865,631.73,1342.43,868.629,315.865,631.73,1500.36,710.696,1342.43,1263.46
441,522,552.764,710.696,1026.56,2684.85,789.663,552.764,789.663,710.696,394.831,1421.39,710.696
442,522,868.629,1421.39,947.595,631.73,789.663,947.595,789.663,236.899,552.764,1105.53,315.865
443,522,947.595,1658.29,1184.49,947.595,1421.39,552.764,315.865,394.831,947.595,868.629,552.764
444,522,1342.43,631.73,3316.58,789.663,631.73,473.798,552.764,552.764,631.73,1026.56,631.73
445,522,789.663,631.73,1658.29,1737.26,710.696,473.798,473.798,315.865,473.798,789.663,552.764
446,522,1342.43,1737.26,868.629,552.764,789.663,710.696,552.764,315.865,157.933,394.831,394.831
447,522,1184.49,1658.29,1263.46,947.595,1737.26,789.663,394.831,236.899,236.899,315.865,157.933
448,522,1421.39,473.798,947.595,789.663,1105.53,315.865,552.764,236.899,315.865,552.764,157.933
449,522,789.663,710.696,1105.53,394.831,394.831,473.798,789.663,552.764,236.899,947.595,315.865
450,522,1184.49,710.696,1263.46,473.798,473.798,315.865,315.865,394.831,157.933,789.663,315.865
451,522,1579.33,315.865,947.595,315.865,236.899,157.933,157.933,157.933,315.865,868.629,157.933
452,522,631.73,315.865,473.798,236.899,315.865,157.933,236.899,236.899,157.933,631.73,315.865
453,522,868.629,315.865,710.696,236.899,394.831,236.899,236.899,157.933,631.73,631.73,236.899
454,522,631.73,236.899,868.629,315.865,552.764,236.899,394.831,473.798,473.798,789.663,394.831
455,522,631.73,473.798,868.629,473.798,473.798,789.663,947.595,552.764,473.798,315.865,315.865
456,522,631.73,552.764,473.798,631.73,868.629,789.663,473.798,315.865,552.764,394.831,473.798
457,522,631.73,1184.49,1026.56,631.73,710.696,552.764,631.73,552.764,236.899,552.764,473.798
458,522,1342.43,631.73,868.629,789.663,789.663,710.696,473.798,315.865,394.831,157.933,157.933
459,522,710.696,552.764,631.73,394.831,552.764,236.899,236.899,315.865,473.798,315.865,473.798
460,522,473.798,552.764,631.73,394.831,315.865,315.865,394.831,394.831,157.933,394.831,394.831
462,522,315.865,315.865,631.73,394.831,236.899,157.933,157.933,157.933,236.899,157.933,157.933
429,523,157.933,157.933,236.899,394.831,236.899,236.899,236.899,236.899,236.899,315.865,236.899
430,523,236.899,315.865,315.865,315.865,315.865,473.798,236.899,236.899,157.933,473.798,78.9663
432,523,157.933,236.899,236.899,473.798,315.865,157.933,157.933,315.865,394.831,236.899,315.865
433,523,157.933,394.831,236.899,631.73,157.933,157.933,315.865,315.865,552.764,394.831,473.798
435,523,552.764,394.831,789.663,1184.49,315.865,473.798,473.798,473.798,315.865,947.595,236.899
436,523,631.73,473.798,631.73,552.764,315.865,315.865,315.865,157.933,236.899,1816.22,236.899
437,523,394.831,552.764,315.865,552.764,868.629,947.595,473.798,236.899,157.933,1105.53,157.933
438,523,473.798,473.798,473.798,552.764,1816.22,710.696,315.865,315.865,631.73,1105.53,157.933
439,523,1342.43,394.831,947.595,1263.46,710.696,631.73,710.696,473.798,631.73,1737.26,236.899
440,523,868.629,315.865,947.595,789.663,2132.09,2053.12,1026.56,552.764,394.831,710.696,394.831
442,523,947.595,552.764,2605.89,710.696,1421.39,947.595,947.595,552.764,1184.49,868.629,394.831
443,523,1184.49,1342.43,1263.46,868.629,2290.02,1658.29,1026.56,1342.43,1421.39,552.764,1105.53
444,523,1342.43,1342.43,2605.89,1026.56,3000.72,1658.29,1105.53,1737.26,1500.36,315.865,1500.36
445,523,3079.68,1263.46,1263.46,1184.49,1263.46,1184.49,1184.49,1263.46,1184.49,631.73,1184.49
446,523,1658.29,631.73,789.663,1026.56,1579.33,1816.22,1579.33,868.629,710.696,1105.53,552.764
447,523,868.629,631.73,789.663,789.663,2526.92,1816.22,1105.53,473.798,394.831,1500.36,236.899
448,523,1026.56,710.696,1974.16,473.798,1421.39,789.663,394.831,157.933,157.933,1421.39,157.933
449,523,631.73,1026.56,1658.29,315.865,552.764,315.865,157.933,236.899,157.933,1184.49,157.933
450,523,710.696,473.798,473.798,236.899,394.831,78.9663,157.933,315.865,236.899,631.73,236.899
451,523,789.663,552.764,947.595,394.831,236.899,157.933,157.933,157.933,236.899,947.595,157.933
452,523,631.73,315.865,947.595,552.764,631.73,394.831,236.899,157.933,394.831,947.595,157.933
453,523,789.663,236.899,1263.46,236.899,868.629,552.764,394.831,236.899,868.629,710.696,315.865
454,523,1026.56,315.865,1026.56,315.865,1421.39,710.696,631.73,631.73,473.798,710.696,631.73
455,523,710.696,473.798,1263.46,868.629,1105.53,789.663,789.663,631.73,552.764,315.865,394.831
456,523,868.629,315.865,1105.53,1026.56,631.73,631.73,710.696,552.764,631.73,473.798,631.73
457,523,631.73,1105.53,552.764,789.663,631.73,868.629,789.663,552.764,315.865,394.831,473.798
458,523,789.663,710.696,868.629,710.696,868.629,631.73,394.831,315.865,631.73,157.933,315.865
459,523,631.73,947.595,1184.49,552.764,473.798,315.865,315.865,631.73,473.798,315.865,631.73
460,523,552.764,473.798,631.73,789.663,473.798,552.764,473.798,552.764,157.933,236.899,473.798
462,523,315.865,394.831,789.663,236.899,157.933,157.933,157.933,157.933,236.899,236.899,236.899
428,524,236.899,157.933,394.831,236.899,157.933,157.933,157.933,157.933,473.798,157.933,236.899
429,524,236.899,236.899,236.899,473.798,236.899,157.933,315.865,394.831,552.764,315.865,473.798
430,524,157.933,394.831,315.865,552.764,236.899,473.798,473.798,473.798,315.865,552.764,315.865
431,524,236.899,315.865,157.933,552.764,631.73,394.831,315.865,236.899,315.865,315.865,236.899
433,524,315.865,236.899,789.663,710.696,315.865,315.865,236.899,157.933,157.933,315.865,157.933
435,524,315.865,473.798,394.831,789.663,315.865,236.899,315.865,394.831,631.73,473.798,157.933
436,524,710.696,473.798,947.595,394.831,315.865,631.73,947.595,552.764,394.831,789.663,315.865
437,524,947.595,789.663,473.798,947.595,710.696,1263.46,1421.39,631.73,394.831,394.831,157.933
438,524,552.764,394.831,947.595,1184.49,1026.56,710.696,473.798,394.831,1579.33,473.798,394.831
439,524,631.73,1342.43,2921.75,1816.22,552.764,631.73,1895.19,1421.39,1184.49,710.696,1026.56
440,524,1421.39,789.663,2132.09,1421.39,1421.39,2684.85,2684.85,1263.46,315.865,394.831,631.73
441,524,1737.26,2053.12,2053.12,394.831,2290.02,1579.33,947.595,473.798,1184.49,868.629,157.933
442,524,1500.36,1816.22,5527.64,631.73,947.595,1026.56,2053.12,1421.39,1421.39,710.696,710.696
443,524,2763.82,868.629,1974.16,947.595,2290.02,3395.55,2921.75,2053.12,789.663,236.899,947.595
444,524,1105.53,1105.53,2447.95,1816.22,3553.48,2290.02,1421.39,1500.36,1658.29,473.798,1421.39
445,524,1421.39,868.629,3869.35,3711.41,868.629,868.629,1421.39,1895.19,1500.36,394.831,2053.12
446,524,868.629,1105.53,1184.49,3790.38,710.696,1500.36,1658.29,1500.36,868.629,1421.39,1263.46
447,524,710.696,2132.09,631.73,868.629,710.696,1026.56,1105.53,868.629,868.629,1895.19,710.696
448,524,710.696,1500.36,1500.36,236.899,473.798,868.629,631.73,631.73,552.764,1421.39,552.764
449,524,1105.53,868.629,1105.53,236.899,868.629,789.663,315.865,236.899,315.865,1026.56,236.899
450,524,868.629,552.764,947.595,552.764,868.629,394.831,236.899,236.899,631.73,552.764,157.933
451,524,868.629,394.831,1658.29,473.798,947.595,789.663,710.696,394.831,710.696,1342.43,315.865
452,524,1342.43,236.899,868.629,473.798,2211.06,1342.43,1026.56,394.831,1105.53,1184.49,236.899
453,524,868.629,394.831,2211.06,236.899,1895.19,1263.46,1026.56,631.73,1184.49,631.73,631.73
454,524,1500.36,394.831,2053.12,394.831,1895.19,1500.36,1105.53,947.595,473.798,710.696,710.696
455,524,789.663,947.595,2053.12,1026.56,2132.09,1184.49,710.696,473.798,1026.56,552.764,473.798
456,524,1421.39,552.764,2053.12,868.629,947.595,552.764,710.696,868.629,868.629,394.831,947.595
457,524,947.595,1026.56,868.629,1579.33,710.696,1263.46,947.595,947.595,473.798,236.899,631.73
458,524,631.73,789.663,631.73,1421.39,1263.46,868.629,473.798,552.764,552.764,236.899,473.798
459,524,710.696,868.629,1184.49,868.629,552.764,473.798,552.764,710.696,315.865,315.865,631.73
460,524,710.696,394.831,473.798,789.663,473.798,631.73,552.764,394.831,157.933,157.933,315.865
461,524,315.865,789.663,473.798,394.831,394.831,236.899,157.933,157.933,236.899,78.9663,157.933
462,524,394.831,473.798,789.663,236.899,157.933,157.933,157.933,236.899,236.899,236.899,236.899
427,525,157.933,394.831,157.933,394.831,78.9663,78.9663,157.933,157.933,157.933,315.865,157.933
428,525,315.865,473.798,315.865,236.899,157.933,315.865,157.933,157.933,157.933,157.933,157.933
429,525,394.831,157.933,236.899,236.899,394.831,157.933,157.933,157.933,473.798,157.933,394.831
430,525,157.933,236.899,315.865,236.899,157.933,236.899,394.831,473.798,236.899,236.899,473.798
431,525,236.899,236.899,236.899,473.798,315.865,315.865,236.899,157.933,315.865,236.899,236.899
432,525,236.899,789.663,868.629,394.831,473.798,157.933,315.865,315.865,631.73,473.798,315.865
433,525,710.696,394.831,868.629,236.899,394.831,552.764,789.663,631.73,315.865,552.764,315.865
434,525,631.73,157.933,631.73,473.798,1263.46,1105.53,552.764,394.831,394.831,473.798,236.899
436,525,552.764,394.831,473.798,947.595,236.899,552.764,710.696,710.696,236.899,236.899,315.865
437,525,1105.53,473.798,315.865,394.831,394.831,710.696,552.764,236.899,236.899,157.933,157.933
438,525,631.73,315.865,394.831,394.831,631.73,315.865,315.865,236.899,631.73,157.933,394.831
439,525,710.696,1579.33,947.595,473.798,394.831,315.865,947.595,789.663,473.798,236.899,947.595
440,525,2053.12,789.663,1026.56,789.663,473.798,631.73,1026.56,552.764,157.933,394.831,631.73
441,525,1500.36,1421.39,1816.22,315.865,947.595,394.831,315.865,236.899,552.764,789.663,157.933
442,525,1974.16,2368.99,2605.89,947.595,394.831,315.865,1263.46,868.629,552.764,394.831,552.764
443,525,3237.62,789.663,1500.36,2605.89,315.865,947.595,1816.22,1026.56,552.764,631.73,315.865
444,525,1105.53,2132.09,2132.09,2447.95,552.764,631.73,552.764,473.798,1658.29,1184.49,1026.56
445,525,2132.09,3474.52,2447.95,1105.53,394.831,473.798,947.595,1579.33,1105.53,552.764,2368.99
446,525,2684.85,2211.06,631.73,3079.68,473.798,789.663,947.595,1658.29,473.798,1342.43,1816.22
447,525,1026.56,2053.12,394.831,2684.85,157.933,394.831,710.696,1263.46,868.629,1421.39,1105.53
448,525,868.629,1421.39,315.865,1342.43,236.899,552.764,1026.56,1263.46,1184.49,1816.22,1105.53
449,525,710.696,789.663,473.798,868.629,947.595,1263.46,1105.53,868.629,710.696,1895.19,789.663
450,525,789.663,789.663,947.595,1026.56,2211.06,1263.46,868.629,552.764,1026.56,1026.56,394.831
451,525,1105.53,394.831,2211.06,710.696,1737.26,1263.46,1579.33,868.629,1658.29,1421.39,631.73
452,525,1500.36,789.663,1658.29,631.73,2368.99,1974.16,1737.26,1105.53,1895.19,1184.49,1026.56
453,525,947.595,947.595,3948.31,947.595,2526.92,2132.09,1816.22,1816.22,1263.46,473.798,1184.49
454,525,2526.92,710.696,3079.68,1184.49,1895.19,2368.99,1816.22,1421.39,1105.53,631.73,710.696
455,525,1579.33,1421.39,1342.43,868.629,2368.99,1500.36,868.629,789.663,1421.39,789.663,1026.56
456,525,1816.22,1105.53,2211.06,1026.56,1263.46,947.595,1026.56,1579.33,710.696,473.798,1421.39
457,525,1421.39,789.663,1263.46,2605.89,1026.56,1421.39,1184.49,1105.53,315.865,157.933,710.696
458,525,631.73,631.73,473.798,1026.56,1105.53,710.696,552.764,473.798,473.798,236.899,473.798
459,525,473.798,1421.39,1342.43,789.663,315.865,315.865,394.831,473.798,236.899,236.899,473.798
460,525,710.696,473.798,631.73,552.764,473.798,394.831,315.865,236.899,236.899,78.9663,236.899
461,525,315.865,631.73,315.865,315.865,315.865,236.899,157.933,236.899,236.899,157.933,236.899
462,525,473.798,315.865,394.831,394.831,236.899,315.865,315.865,315.865,157.933,157.933,315.865
427,526,157.933,157.933,157.933,157.933,78.9663,78.9663,236.899,157.933,315.865,473.798,236.899
428,526,157.933,315.865,157.933,236.899,78.9663,236.899,315.865,236.899,157.933,394.831,315.865
430,526,157.933,315.865,631.73,157.933,552.764,157.933,157.933,236.899,473.798,315.865,394.831
431,526,315.865,236.899,473.798,394.831,236.899,236.899,315.865,315.865,315.865,236.899,315.865
432,526,236.899,552.764,236.899,315.865,789.663,631.73,315.865,236.899,789.663,236.899,315.865
433,526,473.798,394.831,552.764,552.764,1105.53,473.798,947.595,947.595,710.696,236.899,631.73
435,526,631.73,552.764,1342.43,947.595,1737.26,1263.46,394.831,552.764,315.865,473.798,315.865
436,526,947.595,473.798,2132.09,1658.29,868.629,315.865,473.798,789.663,157.933,473.798,236.899
437,526,631.73,473.798,631.73,1579.33,315.865,552.764,473.798,315.865,157.933,236.899,78.9663
438,526,394.831,315.865,315.865,473.798,552.764,315.865,236.899,157.933,631.73,315.865,157.933
439,526,315.865,394.831,473.798,394.831,236.899,236.899,552.764,631.73,315.865,552.764,473.798
440,526,473.798,710.696,315.865,473.798,789.663,1263.46,789.663,552.764,394.831,473.798,236.899
441,526,631.73,631.73,631.73,552.764,1895.19,868.629,236.899,394.831,868.629,394.831,315.865
442,526,1184.49,789.663,1342.43,552.764,631.73,631.73,394.831,868.629,315.865,394.831,394.831
443,526,1026.56,710.696,1105.53,1421.39,947.595,789.663,315.865,315.865,631.73,473.798,315.865
444,526,1184.49,1026.56,1342.43,789.663,315.865,236.899,394.831,631.73,789.663,947.595,1263.46
445,526,1579.33,1974.16,868.629,868.629,315.865,552.764,710.696,1026.56,315.865,1263.46,1579.33
446,526,1421.39,1500.36,789.663,2053.12,394.831,236.899,236.899,394.831,394.831,1579.33,631.73
447,526,1026.56,473.798,868.629,1737.26,631.73,631.73,315.865,236.899,315.865,1184.49,236.899
448,526,710.696,1026.56,394.831,1263.46,2132.09,789.663,552.764,473.798,1026.56,2526.92,552.764
449,526,631.73,631.73,1421.39,1105.53,1105.53,947.595,1500.36,1026.56,868.629,2921.75,947.595
450,526,868.629,947.595,1658.29,789.663,2447.95,1816.22,1263.46,789.663,1500.36,1263.46,631.73
451,526,1105.53,1263.46,4501.08,1342.43,1974.16,1263.46,1737.26,1579.33,2290.02,1105.53,1184.49
452,526,1816.22,1105.53,3395.55,1895.19,2447.95,2763.82,2526.92,2526.92,1658.29,947.595,2132.09
453,526,1658.29,2132.09,2605.89,2526.92,3158.65,2526.92,2211.06,2447.95,1263.46,394.831,1579.33
454,526,3079.68,1579.33,3079.68,3237.62,1263.46,1658.29,1895.19,1658.29,1737.26,631.73,1105.53
455,526,1974.16,1895.19,1184.49,1895.19,1658.29,1895.19,1421.39,1658.29,1105.53,947.595,1737.26
456,526,1184.49,2132.09,2211.06,2132.09,1658.29,1500.36,1184.49,1421.39,315.865,473.798,1342.43
457,526,1421.39,947.595,1579.33,1895.19,868.629,789.663,789.663,552.764,552.764,157.933,473.798
458,526,710.696,1026.56,631.73,868.629,394.831,394.831,315.865,473.798,552.764,315.865,631.73
459,526,473.798,1263.46,789.663,1184.49,552.764,631.73,394.831,631.73,236.899,236.899,473.798
460,526,868.629,315.865,315.865,631.73,552.764,473.798,315.865,315.865,236.899,78.9663,236.899
461,526,315.865,552.764,394.831,552.764,236.899,236.899,315.865,315.865,236.899,236.899,315.865
427,527,157.933,236.899,236.899,157.933,78.9663,157.933,78.9663,78.9663,315.865,394.831,157.933
428,527,157.933,236.899,157.933,236.899,236.899,157.933,236.899,236.899,473.798,552.764,394.831
430,527,236.899,315.865,394.831,236.899,552.764,552.764,315.865,157.933,710.696,315.865,236.899
431,527,473.798,394.831,1105.53,236.899,710.696,236.899,552.764,552.764,789.663,394.831,789.663
432,527,789.663,236.899,868.629,236.899,315.865,947.595,1105.53,631.73,315.865,236.899,473.798
433,527,315.865,473.798,868.629,315.865,1184.49,947.595,552.764,473.798,552.764,394.831,473.798
435,527,868.629,868.629,789.663,1105.53,473.798,947.595,552.764,315.865,315.865,157.933,157.933
436,527,1026.56,1263.46,2132.09,394.831,552.764,315.865,315.865,315.865,157.933,236.899,157.933
437,527,1658.29,473.798,1026.56,1184.49,394.831,394.831,315.865,236.899,315.865,157.933,78.9663
438,527,552.764,315.865,552.764,789.663,789.663,315.865,236.899,315.865,631.73,394.831,394.831
439,527,473.798,789.663,631.73,947.595,552.764,394.831,789.663,789.663,473.798,552.764,631.73
440,527,473.798,473.798,315.865,1658.29,394.831,710.696,1105.53,710.696,631.73,236.899,236.899
441,527,394.831,631.73,1026.56,552.764,473.798,552.764,631.73,789.663,1184.49,473.798,1105.53
442,527,789.663,1026.56,2447.95,947.595,631.73,1026.56,1184.49,1895.19,315.865,868.629,1342.43
443,527,1342.43,789.663,710.696,3158.65,1342.43,1184.49,552.764,631.73,236.899,394.831,315.865
444,527,868.629,315.865,1184.49,1974.16,631.73,236.899,236.899,315.865,473.798,394.831,552.764
445,527,1026.56,631.73,868.629,710.696,236.899,236.899,315.865,315.865,1263.46,1263.46,552.764
446,527,947.595,710.696,631.73,394.831,315.865,394.831,868.629,868.629,1895.19,1105.53,868.629
447,527,1421.39,710.696,1500.36,868.629,1263.46,2132.09,1974.16,1579.33,473.798,789.663,1026.56
448,527,1579.33,394.831,1500.36,868.629,2763.82,1974.16,868.629,394.831,710.696,2290.02,236.899
449,527,1184.49,1105.53,4343.14,789.663,1184.49,789.663,1500.36,789.663,1026.56,2526.92,552.764
450,527,2526.92,631.73,3158.65,789.663,2211.06,2132.09,1500.36,868.629,1263.46,1184.49,789.663
451,527,2132.09,1895.19,4027.28,1658.29,2290.02,1421.39,1737.26,1658.29,1579.33,1026.56,1342.43
452,527,3553.48,1026.56,3316.58,2842.79,1816.22,2211.06,2605.89,2211.06,789.663,947.595,1895.19
453,527,2211.06,3000.72,2132.09,2211.06,1974.16,1500.36,1263.46,1263.46,1184.49,394.831,1105.53
454,527,2290.02,2842.79,2842.79,3869.35,868.629,868.629,1500.36,1816.22,1658.29,552.764,1184.49
455,527,1974.16,1737.26,1105.53,4659.01,1263.46,1974.16,1895.19,2053.12,631.73,789.663,1658.29
456,527,1184.49,2526.92,1421.39,2290.02,1421.39,1263.46,868.629,789.663,473.798,236.899,789.663
457,527,1658.29,1737.26,1500.36,1184.49,473.798,394.831,394.831,552.764,868.629,236.899,552.764
458,527,1026.56,1105.53,710.696,1105.53,710.696,868.629,710.696,868.629,473.798,552.764,789.663
459,527,473.798,631.73,315.865,789.663,868.629,789.663,631.73,552.764,236.899,315.865,394.831
460,527,394.831,631.73,631.73,473.798,315.865,236.899,236.899,236.899,315.865,78.9663,236.899
461,527,315.865,710.696,552.764,394.831,236.899,236.899,236.899,315.865,236.899,157.933,394.831
428,528,157.933,236.899,157.933,315.865,236.899,394.831,236.899,236.899,394.831,315.865,236.899
429,528,157.933,236.899,394.831,315.865,473.798,315.865,394.831,315.865,394.831,236.899,473.798
431,528,236.899,552.764,631.73,315.865,394.831,315.865,315.865,315.865,789.663,157.933,631.73
432,528,710.696,473.798,1263.46,315.865,315.865,315.865,868.629,868.629,315.865,394.831,631.73
433,528,789.663,473.798,473.798,236.899,236.899,631.73,552.764,315.865,157.933,789.663,157.933
434,528,631.73,868.629,2211.06,315.865,394.831,315.865,236.899,315.865,157.933,394.831,236.899
435,528,2290.02,394.831,1105.53,710.696,473.798,236.899,236.899,236.899,473.798,157.933,157.933
436,528,789.663,1105.53,473.798,552.764,394.831,236.899,394.831,473.798,315.865,78.9663,236.899
437,528,1263.46,868.629,631.73,473.798,552.764,552.764,473.798,394.831,552.764,157.933,236.899
438,528,631.73,315.865,710.696,473.798,552.764,473.798,394.831,552.764,315.865,157.933,394.831
439,528,710.696,710.696,710.696,631.73,710.696,631.73,394.831,315.865,157.933,157.933,236.899
440,528,631.73,710.696,473.798,947.595,1026.56,473.798,236.899,157.933,157.933,78.9663,157.933
441,528,473.798,789.663,473.798,315.865,631.73,157.933,394.831,315.865,315.865,394.831,552.764
442,528,1105.53,868.629,631.73,710.696,315.865,315.865,631.73,552.764,394.831,789.663,552.764
443,528,1421.39,631.73,631.73,1342.43,394.831,394.831,394.831,394.831,473.798,710.696,315.865
444,528,710.696,1342.43,1816.22,631.73,473.798,315.865,236.899,394.831,473.798,394.831,631.73
445,528,1658.29,947.595,1816.22,631.73,236.899,157.933,315.865,394.831,1105.53,473.798,1026.56
446,528,1105.53,552.764,710.696,868.629,236.899,394.831,1105.53,1342.43,1184.49,473.798,1974.16
447,528,947.595,394.831,1421.39,1895.19,789.663,1184.49,1816.22,1895.19,315.865,1026.56,1895.19
448,528,1974.16,473.798,3632.45,1421.39,868.629,789.663,631.73,394.831,868.629,1895.19,473.798
449,528,2605.89,1816.22,3553.48,710.696,789.663,631.73,1421.39,710.696,1105.53,1737.26,473.798
450,528,4106.25,1026.56,2211.06,868.629,1816.22,1895.19,1658.29,947.595,789.663,1105.53,789.663
451,528,2842.79,1974.16,3237.62,1184.49,2053.12,1184.49,1184.49,947.595,1184.49,947.595,789.663
452,528,3237.62,1421.39,3316.58,2053.12,1026.56,1105.53,1342.43,1184.49,789.663,947.595,1026.56
453,528,2053.12,2132.09,1816.22,1500.36,1500.36,1184.49,789.663,710.696,1105.53,552.764,710.696
454,528,1816.22,2290.02,1342.43,2526.92,1342.43,789.663,1263.46,1500.36,1184.49,473.798,1184.49
455,528,1816.22,1342.43,1263.46,3158.65,710.696,1263.46,1421.39,1421.39,552.764,394.831,1263.46
456,528,1026.56,2211.06,947.595,1184.49,789.663,710.696,552.764,552.764,868.629,236.899,552.764
457,528,1184.49,1895.19,947.595,1184.49,631.73,631.73,710.696,947.595,868.629,394.831,868.629
458,528,947.595,631.73,473.798,789.663,868.629,947.595,947.595,789.663,315.865,552.764,789.663
459,528,394.831,631.73,394.831,631.73,394.831,473.798,394.831,315.865,315.865,236.899,315.865
460,528,315.865,552.764,710.696,552.764,236.899,236.899,236.899,315.865,315.865,78.9663,394.831
461,528,473.798,315.865,236.899,394.831,394.831,394.831,315.865,394.831,236.899,157.933,394.831
427,529,157.933,236.899,157.933,236.899,78.9663,157.933,236.899,236.899,315.865,236.899,315.865
429,529,157.933,315.865,315.865,631.73,394.831,315.865,236.899,236.899,394.831,78.9663,315.865
430,529,315.865,473.798,473.798,315.865,394.831,236.899,236.899,315.865,236.899,236.899,315.865
432,529,473.798,631.73,473.798,315.865,473.798,473.798,236.899,236.899,315.865,315.865,394.831
433,529,631.73,315.865,552.764,315.865,552.764,157.933,315.865,394.831,473.798,552.764,236.899
434,529,394.831,552.764,394.831,315.865,315.865,394.831,552.764,315.865,473.798,394.831,157.933
435,529,947.595,394.831,394.831,315.865,631.73,789.663,710.696,236.899,394.831,78.9663,394.831
436,529,631.73,236.899,473.798,236.899,710.696,789.663,631.73,473.798,394.831,78.9663,315.865
437,529,315.865,473.798,473.798,315.865,631.73,552.764,552.764,473.798,710.696,157.933,394.831
438,529,394.831,236.899,631.73,394.831,552.764,552.764,552.764,868.629,947.595,157.933,789.663
440,529,552.764,394.831,631.73,1184.49,868.629,1263.46,552.764,552.764,394.831,157.933,236.899
441,529,552.764,473.798,1342.43,1026.56,947.595,631.73,315.865,394.831,1026.56,236.899,236.899
442,529,552.764,394.831,552.764,552.764,473.798,710.696,710.696,947.595,1500.36,552.764,710.696
443,529,394.831,473.798,394.831,552.764,1500.36,1737.26,1026.56,1263.46,947.595,1263.46,1105.53
444,529,631.73,1026.56,710.696,710.696,2921.75,1500.36,473.798,631.73,236.899,1421.39,710.696
445,529,1342.43,473.798,868.629,789.663,1579.33,394.831,236.899,315.865,157.933,1105.53,552.764
446,529,1026.56,789.663,710.696,631.73,315.865,157.933,315.865,394.831,157.933,1105.53,947.595
447,529,789.663,789.663,710.696,1500.36,236.899,157.933,315.865,473.798,315.865,1421.39,710.696
448,529,2132.09,710.696,1500.36,1342.43,868.629,315.865,315.865,236.899,1105.53,1184.49,315.865
449,529,2842.79,1342.43,1421.39,394.831,1342.43,868.629,1500.36,1105.53,1105.53,1184.49,789.663
450,529,2526.92,1421.39,2053.12,1026.56,2132.09,2290.02,1737.26,1026.56,1342.43,1184.49,631.73
451,529,2211.06,1342.43,2526.92,947.595,2684.85,1500.36,1105.53,1105.53,2368.99,1105.53,947.595
452,529,2447.95,1737.26,2842.79,1342.43,1737.26,1974.16,1816.22,1895.19,1342.43,1184.49,1658.29
453,529,2368.99,1105.53,1500.36,1579.33,2447.95,2211.06,1263.46,1026.56,1105.53,710.696,1184.49
454,529,1105.53,1342.43,1500.36,1342.43,1579.33,947.595,947.595,1342.43,1184.49,394.831,1579.33
455,529,1184.49,1105.53,1737.26,2132.09,947.595,1263.46,1105.53,1342.43,789.663,315.865,1263.46
456,529,868.629,789.663,552.764,1895.19,1342.43,1105.53,710.696,868.629,868.629,236.899,868.629
457,529,473.798,789.663,710.696,1579.33,947.595,789.663,868.629,1105.53,631.73,315.865,1026.56
458,529,473.798,631.73,710.696,1026.56,631.73,868.629,710.696,789.663,315.865,315.865,710.696
459,529,394.831,631.73,552.764,1026.56,315.865,394.831,236.899,394.831,315.865,78.9663,394.831
460,529,473.798,315.865,315.865,473.798,315.865,315.865,315.865,394.831,236.899,157.933,394.831
461,529,394.831,394.831,315.865,394.831,236.899,315.865,315.865,315.865,157.933,236.899,236.899
428,530,157.933,157.933,236.899,552.764,315.865,473.798,236.899,157.933,157.933,394.831,236.899
430,530,236.899,631.73,394.831,947.595,315.865,157.933,157.933,157.933,473.798,315.865,315.865
431,530,315.865,631.73,552.764,473.798,157.933,157.933,552.764,473.798,315.865,631.73,236.899
432,530,473.798,631.73,473.798,394.831,315.865,631.73,631.73,315.865,157.933,473.798,78.9663
433,530,394.831,236.899,552.764,394.831,473.798,394.831,157.933,157.933,552.764,315.865,236.899
434,530,552.764,394.831,1026.56,315.865,315.865,236.899,552.764,552.764,631.73,473.798,552.764
435,530,552.764,236.899,552.764,236.899,236.899,473.798,789.663,552.764,315.865,236.899,552.764
436,530,315.865,394.831,631.73,315.865,315.865,631.73,552.764,394.831,394.831,157.933,315.865
437,530,473.798,473.798,473.798,473.798,394.831,473.798,552.764,394.831,315.865,236.899,315.865
438,530,394.831,473.798,473.798,552.764,631.73,789.663,473.798,473.798,552.764,157.933,710.696
439,530,394.831,394.831,631.73,868.629,1026.56,394.831,552.764,1184.49,552.764,157.933,1026.56
440,530,473.798,710.696,710.696,2211.06,315.865,552.764,710.696,947.595,315.865,236.899,631.73
441,530,710.696,1263.46,868.629,2290.02,394.831,473.798,473.798,552.764,710.696,315.865,552.764
442,530,1421.39,1105.53,789.663,1658.29,473.798,394.831,1342.43,1184.49,1263.46,394.831,1105.53
443,530,789.663,1184.49,473.798,1105.53,631.73,1342.43,2211.06,1500.36,868.629,631.73,1342.43
444,530,473.798,868.629,1184.49,631.73,1184.49,1579.33,1342.43,710.696,394.831,789.663,710.696
445,530,868.629,1184.49,2605.89,236.899,947.595,631.73,473.798,315.865,315.865,631.73,236.899
446,530,1026.56,552.764,2526.92,473.798,552.764,394.831,473.798,315.865,394.831,710.696,157.933
447,530,868.629,315.865,1816.22,631.73,1026.56,1026.56,710.696,315.865,236.899,710.696,157.933
448,530,1026.56,394.831,1579.33,473.798,2132.09,1105.53,710.696,315.865,868.629,473.798,236.899
449,530,1263.46,473.798,2763.82,473.798,1342.43,789.663,1658.29,1184.49,1342.43,1184.49,710.696
450,530,1737.26,789.663,2211.06,1184.49,1579.33,1974.16,2290.02,1263.46,2211.06,1500.36,789.663
451,530,1737.26,1421.39,2290.02,1026.56,3000.72,2290.02,2290.02,2447.95,2921.75,1263.46,1816.22
452,530,2211.06,2053.12,3079.68,2842.79,2605.89,2921.75,3079.68,3237.62,1579.33,1105.53,2605.89
453,530,2053.12,1026.56,2368.99,2921.75,2132.09,2290.02,1658.29,1579.33,1105.53,552.764,1579.33
454,530,947.595,1816.22,2447.95,1895.19,1500.36,1184.49,1184.49,1658.29,1026.56,315.865,1421.39
455,530,1421.39,1421.39,1658.29,2526.92,1263.46,1579.33,1500.36,1500.36,631.73,315.865,1105.53
456,530,789.663,789.663,947.595,1895.19,1026.56,1026.56,789.663,789.663,631.73,236.899,789.663
457,530,394.831,1421.39,1184.49,1263.46,473.798,473.798,710.696,947.595,394.831,157.933,789.663
458,530,631.73,1105.53,868.629,1026.56,473.798,631.73,552.764,631.73,236.899,78.9663,473.798
459,530,552.764,631.73,473.798,552.764,315.865,315.865,236.899,236.899,157.933,78.9663,315.865
460,530,315.865,394.831,315.865,394.831,157.933,157.933,236.899,315.865,157.933,157.933,315.865
426,531,157.933,78.9663,157.933,236.899,157.933,157.933,78.9663,157.933,394.831,78.9663,236.899
429,531,157.933,315.865,157.933,710.696,473.798,789.663,315.865,157.933,78.9663,394.831,78.9663
430,531,157.933,473.798,473.798,552.764,631.73,315.865,157.933,78.9663,157.933,315.865,157.933
431,531,394.831,394.831,394.831,710.696,315.865,78.9663,157.933,236.899,315.865,473.798,315.865
432,531,315.865,631.73,394.831,236.899,78.9663,236.899,394.831,315.865,157.933,552.764,157.933
433,531,473.798,315.865,236.899,315.865,315.865,394.831,236.899,157.933,157.933,315.865,78.9663
434,531,394.831,710.696,394.831,315.865,315.865,157.933,157.933,315.865,315.865,394.831,315.865
435,531,710.696,394.831,394.831,552.764,78.9663,157.933,315.865,394.831,157.933,394.831,394.831
436,531,394.831,315.865,315.865,473.798,157.933,236.899,236.899,236.899,552.764,236.899,236.899
437,531,394.831,394.831,236.899,236.899,236.899,236.899,552.764,552.764,631.73,394.831,473.798
438,531,315.865,394.831,473.798,394.831,315.865,947.595,947.595,473.798,236.899,315.865,394.831
439,531,394.831,473.798,552.764,394.831,1263.46,868.629,315.865,315.865,394.831,157.933,394.831
440,531,631.73,394.831,1737.26,1026.56,631.73,236.899,315.865,394.831,394.831,631.73,394.831
441,531,868.629,631.73,1026.56,710.696,394.831,631.73,552.764,236.899,315.865,1184.49,157.933
442,531,631.73,710.696,236.899,1421.39,1026.56,947.595,473.798,315.865,236.899,868.629,236.899
443,531,552.764,710.696,631.73,1105.53,1579.33,789.663,552.764,315.865,157.933,552.764,315.865
444,531,394.831,1026.56,1026.56,394.831,1342.43,394.831,394.831,236.899,157.933,710.696,315.865
445,531,1026.56,1421.39,1026.56,157.933,710.696,236.899,315.865,157.933,236.899,868.629,236.899
446,531,1579.33,947.595,789.663,473.798,631.73,315.865,631.73,473.798,315.865,552.764,394.831
447,531,1579.33,394.831,947.595,1500.36,631.73,552.764,947.595,631.73,315.865,236.899,315.865
448,531,1421.39,631.73,1579.33,1500.36,552.764,552.764,473.798,236.899,710.696,315.865,157.933
449,531,1816.22,1579.33,2447.95,631.73,473.798,394.831,1026.56,789.663,1026.56,710.696,473.798
450,531,2368.99,1579.33,1105.53,1658.29,1105.53,1500.36,2211.06,1579.33,1342.43,710.696,868.629
451,531,1658.29,1737.26,1342.43,3079.68,1658.29,1974.16,2447.95,2290.02,1421.39,473.798,1658.29
452,531,1895.19,2368.99,2368.99,3711.41,1026.56,1421.39,2053.12,2211.06,868.629,394.831,1816.22
453,531,2211.06,2368.99,2132.09,3395.55,789.663,947.595,1263.46,1342.43,789.663,236.899,1184.49
454,531,1658.29,2605.89,1579.33,2132.09,868.629,868.629,1263.46,1263.46,473.798,236.899,947.595
455,531,1737.26,1658.29,1105.53,1658.29,631.73,789.663,1026.56,710.696,315.865,236.899,552.764
456,531,1026.56,1184.49,1263.46,1105.53,236.899,315.865,315.865,473.798,394.831,78.9663,473.798
457,531,868.629,1263.46,868.629,868.629,236.899,315.865,473.798,631.73,157.933,78.9663,473.798
458,531,789.663,631.73,315.865,552.764,315.865,315.865,394.831,315.865,157.933,78.9663,315.865
459,531,394.831,473.798,236.899,473.798,157.933,157.933,157.933,157.933,157.933,78.9663,236.899
427,532,157.933,157.933,157.933,315.865,157.933,236.899,157.933,236.899,473.798,78.9663,473.798
430,532,157.933,710.696,157.933,868.629,394.831,394.831,157.933,157.933,157.933,157.933,78.9663
431,532,315.865,1105.53,394.831,394.831,236.899,78.9663,157.933,315.865,315.865,157.933,157.933
432,532,394.831,394.831,473.798,631.73,78.9663,157.933,394.831,552.764,236.899,394.831,236.899
433,532,315.865,315.865,236.899,947.595,236.899,473.798,394.831,315.865,78.9663,394.831,157.933
434,532,236.899,315.865,157.933,552.764,394.831,236.899,157.933,236.899,236.899,236.899,157.933
435,532,236.899,631.73,315.865,394.831,157.933,157.933,157.933,315.865,157.933,473.798,157.933
436,532,394.831,394.831,236.899,473.798,315.865,315.865,157.933,236.899,552.764,394.831,236.899
437,532,236.899,473.798,236.899,947.595,394.831,157.933,394.831,868.629,868.629,315.865,868.629
438,532,236.899,315.865,710.696,1342.43,236.899,710.696,1105.53,947.595,315.865,315.865,710.696
439,532,473.798,315.865,473.798,236.899,868.629,1026.56,552.764,236.899,315.865,157.933,157.933
440,532,473.798,394.831,1026.56,394.831,552.764,236.899,394.831,394.831,631.73,473.798,236.899
441,532,1184.49,236.899,1026.56,315.865,552.764,789.663,947.595,473.798,631.73,1184.49,315.865
442,532,710.696,236.899,236.899,1184.49,868.629,868.629,1263.46,473.798,552.764,1105.53,394.831
443,532,236.899,631.73,710.696,1421.39,631.73,1026.56,947.595,394.831,473.798,789.663,236.899
444,532,631.73,1500.36,1658.29,473.798,789.663,789.663,631.73,473.798,552.764,1105.53,157.933
445,532,1342.43,1184.49,1974.16,236.899,710.696,789.663,631.73,473.798,473.798,1342.43,157.933
446,532,789.663,394.831,1184.49,157.933,1263.46,1184.49,631.73,315.865,473.798,868.629,157.933
447,532,552.764,315.865,1737.26,394.831,2211.06,1263.46,394.831,394.831,631.73,473.798,394.831
448,532,868.629,868.629,1816.22,552.764,2290.02,947.595,473.798,631.73,552.764,315.865,552.764
449,532,1342.43,1579.33,868.629,394.831,1184.49,789.663,947.595,789.663,394.831,157.933,473.798
450,532,1579.33,789.663,789.663,1184.49,552.764,710.696,1026.56,710.696,631.73,157.933,473.798
451,532,710.696,1342.43,789.663,1974.16,552.764,473.798,710.696,789.663,710.696,236.899,868.629
452,532,1263.46,2447.95,710.696,1500.36,710.696,552.764,552.764,868.629,631.73,315.865,947.595
453,532,1737.26,2211.06,552.764,1816.22,789.663,552.764,631.73,868.629,473.798,236.899,710.696
454,532,1263.46,1342.43,473.798,1263.46,552.764,473.798,552.764,631.73,315.865,157.933,552.764
455,532,947.595,1342.43,473.798,947.595,473.798,394.831,315.865,394.831,394.831,78.9663,394.831
456,532,710.696,947.595,473.798,710.696,315.865,315.865,236.899,473.798,236.899,78.9663,394.831
457,532,789.663,473.798,236.899,710.696,236.899,315.865,315.865,315.865,157.933,157.933,315.865
458,532,394.831,315.865,236.899,473.798,236.899,236.899,157.933,157.933,157.933,78.9663,236.899
431,533,236.899,789.663,315.865,315.865,157.933,78.9663,78.9663,157.933,236.899,78.9663,236.899
432,533,394.831,631.73,315.865,236.899,78.9663,78.9663,157.933,315.865,236.899,236.899,315.865
436,533,315.865,236.899,315.865,631.73,473.798,710.696,394.831,236.899,315.865,315.865,157.933
437,533,236.899,473.798,236.899,473.798,868.629,394.831,236.899,552.764,631.73,236.899,631.73
438,533,394.831,315.865,552.764,1421.39,315.865,315.865,710.696,789.663,157.933,394.831,710.696
439,533,473.798,710.696,473.798,394.831,315.865,552.764,315.865,236.899,552.764,473.798,157.933
440,533,631.73,631.73,394.831,552.764,236.899,236.899,631.73,789.663,710.696,236.899,473.798
441,533,631.73,394.831,394.831,1263.46,394.831,947.595,868.629,947.595,394.831,157.933,552.764
442,533,394.831,473.798,552.764,789.663,631.73,710.696,552.764,394.831,315.865,236.899,315.865
443,533,394.831,710.696,789.663,710.696,473.798,394.831,473.798,315.865,315.865,394.831,236.899
444,533,473.798,1105.53,552.764,789.663,947.595,552.764,473.798,394.831,315.865,315.865,236.899
445,533,1026.56,1263.46,710.696,631.73,947.595,394.831,789.663,631.73,631.73,315.865,315.865
446,533,1026.56,789.663,552.764,710.696,473.798,710.696,1500.36,1184.49,552.764,315.865,473.798
447,533,789.663,710.696,1342.43,1500.36,868.629,1579.33,1500.36,1026.56,394.831,394.831,552.764
448,533,1658.29,947.595,3000.72,1421.39,1026.56,1105.53,789.663,631.73,394.831,394.831,552.764
449,533,1737.26,868.629,2842.79,1184.49,394.831,394.831,552.764,473.798,789.663,394.831,394.831
450,533,947.595,1026.56,1184.49,1184.49,710.696,710.696,631.73,789.663,947.595,552.764,710.696
451,533,710.696,868.629,394.831,1105.53,1105.53,1263.46,947.595,1026.56,789.663,631.73,947.595
452,533,552.764,947.595,710.696,1658.29,1026.56,1105.53,789.663,947.595,631.73,473.798,868.629
453,533,473.798,631.73,868.629,1421.39,631.73,552.764,552.764,710.696,394.831,236.899,710.696
454,533,394.831,710.696,868.629,1184.49,394.831,394.831,473.798,473.798,394.831,157.933,473.798
455,533,394.831,710.696,394.831,789.663,552.764,473.798,394.831,394.831,315.865,157.933,394.831
456,533,394.831,552.764,315.865,473.798,236.899,315.865,315.865,394.831,157.933,157.933,315.865
457,533,315.865,315.865,394.831,710.696,157.933,236.899,236.899,236.899,157.933,157.933,236.899
430,534,394.831,552.764,789.663,394.831,236.899,157.933,157.933,78.9663,157.933,78.9663,157.933
431,534,710.696,789.663,552.764,315.865,157.933,78.9663,78.9663,157.933,78.9663,78.9663,236.899
432,534,552.764,394.831,236.899,236.899,78.9663,157.933,78.9663,157.933,157.933,78.9663,236.899
434,534,315.865,236.899,473.798,236.899,157.933,236.899,236.899,157.933,315.865,157.933,157.933
437,534,236.899,394.831,315.865,473.798,394.831,473.798,236.899,236.899,394.831,78.9663,236.899
438,534,236.899,552.764,552.764,710.696,315.865,236.899,394.831,473.798,157.933,157.933,394.831
439,534,473.798,315.865,631.73,552.764,236.899,315.865,315.865,157.933,236.899,236.899,157.933
440,534,315.865,552.764,315.865,315.865,236.899,157.933,315.865,394.831,315.865,157.933,473.798
441,534,315.865,315.865,236.899,1184.49,157.933,236.899,473.798,552.764,236.899,236.899,473.798
442,534,236.899,789.663,473.798,1184.49,236.899,315.865,394.831,394.831,552.764,789.663,394.831
443,534,710.696,1579.33,552.764,552.764,552.764,473.798,710.696,631.73,947.595,1263.46,473.798
444,534,868.629,631.73,394.831,473.798,789.663,947.595,1105.53,868.629,631.73,947.595,473.798
445,534,552.764,552.764,1263.46,552.764,1105.53,1263.46,631.73,394.831,315.865,394.831,236.899
446,534,789.663,789.663,1974.16,394.831,1342.43,789.663,394.831,315.865,315.865,236.899,236.899
447,534,631.73,710.696,868.629,1105.53,1184.49,394.831,394.831,394.831,394.831,236.899,157.933
448,534,868.629,1658.29,552.764,1263.46,868.629,394.831,315.865,236.899,631.73,394.831,236.899
449,534,1974.16,1974.16,552.764,710.696,789.663,631.73,710.696,631.73,631.73,394.831,552.764
450,534,1737.26,1026.56,315.865,947.595,552.764,710.696,1105.53,947.595,473.798,394.831,710.696
451,534,631.73,947.595,789.663,1737.26,315.865,552.764,947.595,710.696,473.798,315.865,631.73
452,534,631.73,868.629,947.595,1342.43,236.899,394.831,473.798,552.764,473.798,315.865,631.73
453,534,868.629,947.595,789.663,1026.56,236.899,315.865,315.865,473.798,315.865,236.899,631.73
454,534,789.663,631.73,552.764,868.629,315.865,394.831,394.831,394.831,236.899,157.933,394.831
455,534,394.831,473.798,236.899,473.798,315.865,315.865,315.865,236.899,157.933,157.933,236.899
456,534,236.899,631.73,473.798,552.764,236.899,236.899,236.899,236.899,157.933,157.933,157.933
458,534,315.865,394.831,157.933,236.899,78.9663,157.933,157.933,236.899,157.933,157.933,236.899
431,535,710.696,631.73,394.831,157.933,78.9663,78.9663,78.9663,78.9663,78.9663,157.933,157.933
435,535,394.831,394.831,315.865,236.899,236.899,315.865,315.865,315.865,236.899,236.899,315.865
437,535,315.865,315.865,631.73,789.663,236.899,236.899,157.933,157.933,157.933,157.933,157.933
438,535,394.831,710.696,394.831,473.798,157.933,157.933,157.933,315.865,157.933,157.933,236.899
439,535,473.798,473.798,236.899,552.764,157.933,157.933,157.933,236.899,236.899,157.933,157.933
440,535,394.831,315.865,236.899,236.899,157.933,157.933,236.899,236.899,394.831,157.933,157.933
441,535,315.865,315.865,236.899,315.865,157.933,394.831,394.831,394.831,631.73,157.933,157.933
442,535,236.899,236.899,157.933,868.629,473.798,710.696,552.764,552.764,473.798,315.865,315.865
443,535,236.899,473.798,236.899,1105.53,710.696,868.629,631.73,552.764,473.798,473.798,394.831
444,535,315.865,789.663,631.73,947.595,631.73,631.73,868.629,868.629,552.764,394.831,631.73
445,535,394.831,868.629,868.629,1184.49,473.798,473.798,1105.53,1026.56,710.696,236.899,631.73
446,535,947.595,1184.49,789.663,1026.56,394.831,868.629,1026.56,947.595,789.663,157.933,631.73
447,535,1421.39,1026.56,947.595,552.764,868.629,1263.46,1026.56,868.629,710.696,236.899,631.73
448,535,868.629,631.73,1342.43,710.696,868.629,1184.49,868.629,789.663,394.831,236.899,552.764
449,535,631.73,394.831,1184.49,868.629,631.73,631.73,631.73,552.764,394.831,157.933,473.798
450,535,394.831,552.764,710.696,1026.56,315.865,315.865,394.831,473.798,631.73,78.9663,394.831
451,535,394.831,789.663,473.798,947.595,315.865,473.798,394.831,631.73,710.696,157.933,631.73
452,535,710.696,868.629,236.899,631.73,552.764,631.73,473.798,710.696,473.798,236.899,789.663
453,535,552.764,710.696,315.865,710.696,552.764,473.798,473.798,552.764,236.899,157.933,710.696
454,535,394.831,236.899,315.865,473.798,394.831,394.831,315.865,315.865,236.899,78.9663,394.831
455,535,236.899,473.798,394.831,473.798,236.899,315.865,236.899,236.899,236.899,78.9663,236.899
456,535,315.865,394.831,315.865,315.865,236.899,315.865,236.899,236.899,236.899,78.9663,236.899
439,536,315.865,315.865,236.899,394.831,236.899,236.899,78.9663,78.9663,236.899,157.933,157.933
440,536,236.899,236.899,157.933,236.899,315.865,157.933,236.899,315.865,473.798,157.933,394.831
441,536,315.865,236.899,157.933,631.73,236.899,236.899,473.798,710.696,789.663,157.933,710.696
442,536,315.865,157.933,157.933,947.595,157.933,394.831,789.663,868.629,868.629,236.899,789.663
443,536,157.933,552.764,315.865,710.696,236.899,631.73,789.663,710.696,710.696,236.899,473.798
444,536,394.831,1026.56,552.764,631.73,473.798,868.629,473.798,394.831,394.831,236.899,236.899
445,536,868.629,1026.56,710.696,710.696,1421.39,947.595,315.865,236.899,157.933,157.933,157.933
446,536,631.73,947.595,710.696,710.696,1342.43,473.798,394.831,473.798,236.899,157.933,315.865
447,536,473.798,947.595,631.73,1263.46,552.764,394.831,631.73,710.696,236.899,78.9663,394.831
448,536,631.73,1184.49,394.831,1737.26,315.865,315.865,473.798,473.798,315.865,78.9663,394.831
449,536,947.595,1026.56,631.73,868.629,157.933,157.933,236.899,552.764,473.798,78.9663,394.831
450,536,868.629,1026.56,394.831,1105.53,157.933,236.899,394.831,789.663,552.764,157.933,789.663
451,536,552.764,473.798,236.899,1342.43,315.865,394.831,552.764,710.696,473.798,236.899,1026.56
452,536,315.865,394.831,315.865,868.629,394.831,394.831,473.798,552.764,236.899,236.899,789.663
453,536,315.865,315.865,631.73,710.696,315.865,315.865,315.865,394.831,236.899,78.9663,473.798
454,536,315.865,394.831,394.831,710.696,236.899,315.865,236.899,315.865,236.899,78.9663,315.865
455,536,236.899,394.831,315.865,552.764,157.933,315.865,236.899,315.865,236.899,157.933,236.899
437,537,394.831,236.899,394.831,552.764,315.865,315.865,315.865,315.865,473.798,157.933,315.865
441,537,157.933,236.899,315.865,473.798,394.831,315.865,157.933,236.899,157.933,315.865,315.865
442,537,157.933,315.865,394.831,868.629,236.899,157.933,236.899,394.831,473.798,157.933,473.798
443,537,236.899,552.764,315.865,1184.49,157.933,236.899,631.73,868.629,1184.49,315.865,868.629
444,537,315.865,631.73,236.899,1184.49,157.933,710.696,1263.46,1342.43,1263.46,631.73,1184.49
445,537,394.831,552.764,315.865,868.629,710.696,1263.46,1263.46,1026.56,789.663,552.764,947.595
446,537,473.798,868.629,1105.53,394.831,1026.56,1026.56,710.696,473.798,394.831,315.865,394.831
447,537,1026.56,710.696,1737.26,236.899,631.73,710.696,394.831,236.899,157.933,236.899,157.933
448,537,789.663,315.865,868.629,394.831,552.764,394.831,157.933,157.933,78.9663,157.933,78.9663
449,537,315.865,473.798,394.831,631.73,157.933,78.9663,157.933,236.899,78.9663,157.933,236.899
450,537,315.865,394.831,157.933,1026.56,157.933,157.933,236.899,236.899,78.9663,78.9663,394.831
451,537,236.899,394.831,157.933,631.73,157.933,78.9663,157.933,236.899,157.933,78.9663,315.865
452,537,236.899,947.595,236.899,552.764,157.933,157.933,157.933,236.899,157.933,78.9663,236.899
453,537,394.831,631.73,315.865,552.764,157.933,157.933,236.899,315.865,236.899,78.9663,157.933
454,537,394.831,315.865,157.933,473.798,78.9663,157.933,236.899,236.899,157.933,157.933,236.899
438,538,236.899,315.865,552.764,394.831,315.865,236.899,394.831,394.831,315.865,157.933,394.831
439,538,236.899,315.865,394.831,552.764,236.899,394.831,394.831,315.865,394.831,236.899,315.865
440,538,157.933,157.933,394.831,394.831,236.899,236.899,394.831,394.831,473.798,631.73,236.899
441,538,236.899,394.831,473.798,315.865,315.865,552.764,394.831,315.865,315.865,868.629,236.899
442,538,315.865,394.831,394.831,236.899,789.663,631.73,236.899,157.933,157.933,394.831,157.933
443,538,315.865,236.899,315.865,789.663,473.798,236.899,236.899,315.865,236.899,157.933,315.865
444,538,236.899,315.865,236.899,1658.29,78.9663,157.933,552.764,631.73,394.831,473.798,789.663
445,538,236.899,789.663,157.933,1342.43,157.933,236.899,631.73,552.764,473.798,394.831,947.595
446,538,394.831,1500.36,473.798,631.73,157.933,236.899,631.73,631.73,473.798,236.899,710.696
447,538,947.595,1184.49,789.663,552.764,157.933,473.798,631.73,473.798,236.899,236.899,394.831
448,538,947.595,552.764,394.831,315.865,315.865,394.831,236.899,157.933,157.933,157.933,157.933
449,538,394.831,236.899,315.865,157.933,78.9663,157.933,78.9663,157.933,236.899,78.9663,157.933
439,539,473.798,236.899,473.798,157.933,157.933,236.899,157.933,157.933,473.798,157.933,236.899
440,539,236.899,236.899,315.865,315.865,157.933,157.933,473.798,789.663,789.663,315.865,631.73
441,539,315.865,236.899,315.865,1026.56,236.899,552.764,868.629,1026.56,473.798,552.764,631.73
442,539,236.899,315.865,236.899,868.629,631.73,710.696,473.798,394.831,157.933,394.831,394.831
443,539,236.899,473.798,789.663,315.865,315.865,236.899,78.9663,78.9663,157.933,157.933,157.933
444,539,473.798,552.764,710.696,315.865,157.933,78.9663,78.9663,157.933,236.899,236.899,236.899
445,539,394.831,315.865,236.899,552.764,78.9663,78.9663,78.9663,315.865,315.865,157.933,315.865
446,539,236.899,473.798,157.933,1026.56,157.933,157.933,236.899,394.831,236.899,78.9663,315.865
447,539,315.865,473.798,236.899,789.663,78.9663,157.933,315.865,315.865,157.933,157.933,315.865
448,539,315.865,394.831,157.933,157.933,78.9663,157.933,157.933,157.933,157.933,78.9663,236.899
450,539,236.899,157.933,157.933,236.899,157.933,157.933,236.899,157.933,157.933,157.933,315.865
440,540,236.899,315.865,157.933,394.831,78.9663,78.9663,236.899,394.831,315.865,157.933,552.764
441,540,236.899,236.899,236.899,710.696,78.9663,157.933,394.831,473.798,236.899,157.933,710.696
442,540,157.933,315.865,157.933,552.764,78.9663,157.933,236.899,236.899,78.9663,157.933,394.831
444,540,710.696,473.798,552.764,236.899,157.933,157.933,78.9663,78.9663,157.933,157.933,236.899
445,540,552.764,315.865,157.933,236.899,157.933,78.9663,78.9663,157.933,157.933,157.933,394.831
446,540,236.899,236.899,157.933,315.865,78.9663,78.9663,157.933,157.933,157.933,78.9663,394.831
442,541,236.899,315.865,157.933,473.798,157.933,78.9663,78.9663,157.933,157.933,157.933,236.899